2331.41
2261.36
2199.43
2177.42
2204.70
2273.67
2372.27
2422.44
2443.35
2459.98
2508.93
2551.76
2592.04
2597.02
2632.34
2700.68
2879.81
3032.41
3007.79
2948.36
2862.82
2731.75
2557.93
2395.26
2279.72
2210.48
2186.96
2206.65
2279.94
2454.20
2757.11
2954.29
2981.53
2980.15
2958.50
2939.45
2854.76
2834.37
2838.30
2903.69
3060.10
3174.96
3118.26
3035.95
2929.60
2766.24
2549.30
2347.54
2216.96
2137.42
2099.67
2098.11
2155.53
2319.62
2602.00
2801.02
2873.79
2897.34
2923.93
2904.42
2895.36
2891.52
2873.80
2891.16
2998.06
3049.75
2963.26
2865.53
2757.20
2627.45
2466.58
2298.13
2169.43
2081.38
2030.40
2013.16
2029.72
2091.77
2210.68
2329.44
2462.65
2581.60
2651.32
2713.69
2747.48
2732.39
2724.99
2731.15
2820.49
2868.05
2844.53
2773.94
2701.03
2605.28
2497.20
2360.28
2233.64
2153.53
2116.40
2099.57
2116.60
2171.20
2266.03
2355.95
2425.17
2484.01
2562.29
2631.06
2683.30
2659.71
2666.50
2739.72
2928.13
3089.13
3096.33
3038.61
2949.47
2803.72
2611.17
2441.33
2333.28
2277.10
2268.50
2294.28
2374.81
2574.04
2904.66
3106.35
3138.80
3067.88
3001.23
3057.99
3104.63
3089.83
3055.09
3075.11
3199.21
3318.69
3273.21
3201.31
3085.66
2909.88
2680.03
2473.12
2286.98
2214.55
2188.49
2198.25
2279.23
2486.33
2814.81
3003.63
3031.23
2985.20
2903.31
2866.48
2817.68
2876.92
2902.21
2966.70
3113.71
3228.19
3187.70
3109.81
2990.88
2820.29
2573.85
2387.52
2294.49
2219.57
2186.60
2195.92
2269.13
2471.31
2792.27
2990.44
3005.09
2946.11
2938.66
2886.28
2837.55
2864.66
2906.73
3012.96
3163.88
3280.01
3249.22
3189.97
3104.15
2973.92
2766.87
2577.59
2463.29
2404.54
2379.68
2403.68
2495.29
2709.54
3052.34
3251.74
3250.83
3196.07
3129.44
3088.29
3073.24
3070.69
3090.92
3158.05
3319.82
3438.49
3386.18
3323.36
3212.42
3039.62
2819.13
2619.81
2481.49
2404.12
2367.75
2370.55
2432.41
2613.31
2922.43
3104.14
3139.92
3090.12
3037.45
3007.39
2997.21
3027.07
3012.89
2995.14
3057.52
3116.96
3019.68
2916.69
2804.20
2665.84
2495.12
2314.65
2182.70
2088.76
2031.72
2010.11
2023.73
2091.99
2202.53
2320.02
2457.29
2500.59
2487.47
2478.50
2487.99
2450.35
2448.74
2483.24
2599.95
2708.67
2673.57
2605.60
2527.36
2437.46
2316.03
2184.20
2064.06
1985.79
1933.43
1914.50
1915.59
1954.24
2032.77
2125.39
2225.22
2328.36
2354.91
2387.37
2394.98
2399.95
2420.76
2457.30
2570.06
2722.39
2725.70
2666.25
2582.47
2451.53
2289.01
2131.83
2035.39
1989.83
1977.99
2000.54
2077.79
2273.71
2619.20
2862.13
2931.57
2972.86
2996.42
3020.17
3025.93
3020.18
3003.60
3022.70
3122.95
3198.76
3158.14
3080.70
2970.66
2798.21
2585.33
2383.24
2241.38
2158.71
2123.29
2126.94
2191.65
2385.93
2717.78
2925.86
2972.89
2966.26
2899.84
2935.87
2927.17
2921.69
2921.47
2971.98
3082.80
3167.07
3117.31
3041.60
2924.50
2754.08
2544.49
2342.15
2201.56
2120.28
2085.90
2089.06
2149.48
2339.47
2671.02
2858.06
2852.34
2795.24
2744.08
2760.49
2800.34
2799.69
2787.23
2817.14
2937.51
3079.38
3047.66
2978.93
2886.01
2742.02
2545.86
2357.71
2227.02
2145.45
2106.64
2119.29
2187.73
2379.68
2702.38
2914.95
2987.17
3024.53
2930.01
2862.66
2872.96
2927.78
2922.97
2963.97
3105.50
3252.53
3214.76
3153.68
3060.12
2913.45
2728.11
2555.91
2453.05
2394.54
2390.61
2424.69
2516.87
2735.60
3078.00
3284.31
3320.28
3279.22
3226.96
3194.20
3183.81
3182.73
3205.61
3276.17
3421.08
3535.85
3476.27
3410.04
3317.41
3191.43
3029.48
2866.83
2747.82
2677.39
2635.58
2629.44
2654.43
2715.59
2844.43
2979.08
3117.86
3169.80
3203.06
3240.55
3225.27
3175.45
3178.19
3194.01
3289.53
3368.51
3335.86
3266.30
3171.26
3039.51
2863.76
2692.68
2560.88
2487.08
2443.50
2429.97
2446.32
2486.02
2579.90
2660.52
2749.19
2789.55
2784.05
2770.63
2742.52
2736.08
2770.77
2817.28
2922.26
3051.04
3046.97
2992.29
2927.09
2825.73
2701.74
2582.68
2506.06
2459.23
2455.58
2493.74
2569.83
2717.24
2923.98
3078.57
3208.54
3240.13
3218.35
3202.38
3172.07
3157.49
3157.52
3201.16
3339.18
3505.52
3466.52
3400.55
3301.63
3134.73
2930.85
2741.46
2627.69
2567.69
2549.50
2575.37
2661.89
2871.34
3202.88
3416.22
3408.90
3366.41
3308.20
3268.31
3258.22
3228.48
3266.14
3275.52
3387.41
3540.56
3512.37
3459.35
3366.40
3198.22
2970.58
2763.19
2638.36
2576.15
2561.64
2584.33
2664.04
2862.01
3196.88
3384.26
3369.47
3297.02
3214.68
3144.72
3099.27
3063.34
3060.77
3093.57
3210.28
3381.73
3359.69
3295.43
3193.07
3031.17
2822.22
2622.77
2495.04
2433.44
2399.24
2417.50
2503.27
2709.67
3043.16
3237.92
3206.98
3137.31
3056.22
3005.77
2971.47
2958.86
2934.66
2981.24
3097.87
3237.74
3202.17
3133.03
3032.62
2873.95
2668.37
2484.51
2365.92
2297.10
2258.90
2263.52
2335.87
2513.23
2844.99
3048.85
3055.00
2987.64
2913.23
2857.76
2833.02
2842.75
2827.31
2859.75
2974.13
3103.87
3042.33
2962.19
2865.50
2727.04
2568.17
2396.61
2273.94
2190.60
2149.67
2130.50
2150.62
2217.96
2341.28
2460.44
2596.45
2714.30
2784.99
2817.72
2825.47
2777.17
2766.69
2780.94
2852.77
2912.46
2877.91
2800.05
2721.67
2608.84
2460.44
2306.23
2174.50
2090.95
2039.16
2021.42
2030.07
2085.48
2183.70
2279.67
2368.50
2391.52
2399.33
2404.65
2413.83
2457.36
2497.68
2561.60
2688.63
2878.35
2903.76
2860.19
2772.98
2643.49
2440.68
2287.90
2177.47
2116.36
2096.83
2115.51
2195.90
2392.52
2709.97
2899.80
2895.77
2924.78
2923.97
2864.72
2825.03
2820.81
2829.29
2895.91
3010.11
3144.85
3113.57
3031.52
2918.17
2748.58
2530.12
2334.01
2209.21
2137.57
2102.56
2113.00
2189.23
2383.56
2709.62
2901.55
2925.30
2942.02
2960.34
2978.33
2998.52
3002.41
3000.91
3016.94
3109.77
3224.09
3193.73
3118.30
3017.92
2852.32
2636.44
2443.15
2322.49
2245.10
2215.71
2225.18
2297.27
2501.69
2842.80
3024.34
3008.42
2938.97
2875.91
2830.39
2803.44
2799.55
2816.71
2895.35
3019.59
3205.01
3206.70
3161.09
3073.49
2922.61
2710.43
2529.54
2416.20
2355.15
2336.92
2358.61
2448.11
2656.51
3006.70
3200.29
3173.96
3087.48
3014.74
2961.89
2921.75
2906.04
2920.75
2982.00
3118.70
3286.83
3269.11
3206.79
3110.87
2960.20
2740.95
2544.11
2431.18
2362.32
2334.88
2351.41
2423.38
2618.47
2944.08
3127.74
3094.62
3003.74
2924.40
2863.56
2820.42
2824.21
2864.05
2921.29
3000.60
3110.99
3057.07
2970.64
2872.19
2739.52
2577.88
2413.27
2299.61
2223.25
2185.13
2178.45
2201.53
2284.44
2410.03
2531.03
2675.57
2760.73
2800.41
2826.29
2828.45
2788.05
2768.66
2787.53
2849.19
2925.11
2898.12
2827.15
2749.64
2653.28
2525.64
2387.43
2274.44
2200.46
2153.27
2134.58
2145.59
2195.98
2283.20
2378.16
2501.33
2575.64
2580.42
2579.61
2708.25
2730.79
2670.20
2720.13
2832.16
2993.32
2970.69
2864.75
2779.71
2670.92
2536.23
2381.01
2264.32
2203.40
2192.93
2216.84
2287.82
2482.74
2798.99
2980.55
2956.40
2870.48
2803.71
2796.74
2860.41
2833.37
2826.50
2864.53
2952.62
3115.85
3108.93
3038.42
2929.76
2762.77
2553.66
2367.77
2250.46
2187.03
2158.51
2164.53
2232.69
2416.34
2749.11
2934.59
2974.21
2992.39
2995.50
2937.33
2901.90
2908.05
2841.00
2822.08
2921.49
3083.74
3079.33
3012.88
2901.10
2726.77
2518.09
2318.47
2188.21
2104.06
2074.08
2084.39
2151.94
2340.08
2671.74
2852.05
2884.21
2904.44
2955.09
2957.17
2913.36
2892.81
2855.52
2897.07
2989.40
3144.70
3142.92
3094.96
3003.38
2850.14
2637.04
2442.70
2322.31
2242.25
2200.69
2219.86
2295.76
2483.27
2798.59
3003.92
3086.96
3132.06
3143.35
3154.60
3130.60
3113.50
3088.37
3088.38
3141.69
3230.55
3171.64
3095.61
2990.29
2835.24
2624.43
2426.69
2306.88
2239.37
2196.92
2197.44
2260.72
2445.91
2761.28
2965.78
3051.66
3096.37
3106.35
3111.03
3089.28
3065.14
3013.53
3012.00
3043.97
3153.35
3115.04
3054.19
2969.47
2859.62
2704.27
2554.68
2424.04
2359.35
2327.23
2329.31
2358.78
2444.70
2584.21
2709.08
2784.74
2792.71
2785.44
2770.44
2763.29
2762.51
2788.22
2811.79
2914.85
3065.46
3089.53
3045.02
2980.93
2890.49
2759.74
2617.96
2518.95
2449.00
2420.77
2415.40
2434.07
2492.92
2597.04
2667.16
2708.78
2708.56
2709.32
2712.64
2788.95
2834.91
2851.30
2897.78
2989.11
3128.73
3142.46
3076.74
2966.33
2819.12
2627.55
2441.80
2313.47
2232.13
2194.97
2204.18
2275.37
2474.19
2798.05
2983.07
3029.19
3072.36
3099.18
3100.97
3055.74
3040.57
2997.11
2993.30
3066.38
3168.10
3127.80
3048.28
2935.31
2749.75
2540.63
2346.67
2223.88
2144.50
2107.51
2114.02
2177.75
2370.06
2702.96
2914.41
2983.65
3025.57
3053.84
3066.08
3058.93
3046.51
3031.64
3034.50
3055.76
3161.34
3133.51
3061.70
2949.98
2783.68
2570.51
2371.82
2239.16
2161.95
2135.19
2156.33
2239.49
2440.50
2775.63
2941.57
2898.74
2845.88
2828.90
2775.30
2726.45
2736.85
2807.78
2832.11
2932.50
3087.06
3090.95
3024.47
2923.45
2772.32
2558.74
2361.86
2235.47
2179.94
2156.97
2167.57
2240.61
2434.33
2751.28
2951.21
3037.82
3074.56
3090.79
3101.52
3104.27
3099.46
3074.67
3064.19
3088.93
3188.16
3161.46
3081.07
2981.29
2823.68
2621.81
2437.39
2307.47
2236.53
2203.07
2219.36
2292.40
2483.57
2816.11
3010.55
3062.20
3043.03
3005.58
2989.80
2966.21
2965.49
2980.85
3038.51
3152.57
3314.05
3329.51
3296.69
3229.18
3118.38
2974.82
2837.27
2730.65
2663.69
2629.53
2626.61
2653.08
2731.31
2863.60
2973.20
3026.49
3023.50
2996.36
2948.76
2892.52
2817.87
2798.86
2851.15
2955.04
3099.59
3143.42
3097.09
3036.00
2946.79
2789.45
2647.96
2527.70
2461.33
2404.56
2376.17
2378.59
2412.39
2490.87
2560.11
2652.01
2724.82
2764.43
2781.16
2790.88
2760.38
2690.25
2681.07
2753.25
2888.15
2932.32
2875.61
2786.07
2681.99
2538.30
2401.49
2300.19
2243.71
2226.78
2242.05
2300.40
2434.08
2615.69
2699.88
2707.33
2700.44
2686.67
2666.69
2642.34
2629.30
2641.17
2692.49
2818.36
3001.71
3054.12
2999.17
2918.95
2780.13
2593.97
2433.64
2328.67
2265.78
2243.86
2257.67
2330.78
2508.92
2776.84
2956.40
3058.72
3067.51
3082.18
3104.06
3110.10
3105.37
3118.62
3121.53
3171.97
3233.60
3168.43
3083.98
2966.61
2800.05
2587.31
2404.22
2284.03
2203.21
2160.97
2159.85
2223.59
2401.14
2678.02
2844.50
2834.61
2813.97
2790.13
2768.51
2733.28
2722.87
2735.08
2789.83
2900.60
3066.48
3106.60
3066.03
2984.26
2850.31
2669.35
2504.90
2399.24
2336.54
2311.35
2330.01
2411.73
2602.80
2894.17
3048.96
3035.69
2978.42
2931.80
2933.64
2940.80
2953.84
2978.72
3013.30
3086.19
3217.81
3228.90
3175.07
3104.43
2968.96
2788.92
2629.46
2534.50
2479.17
2467.97
2494.97
2574.15
2772.47
3056.20
3208.91
3206.22
3152.49
3072.96
3014.28
2971.08
2939.17
2938.26
2967.02
3060.39
3198.17
3206.94
3137.90
3043.62
2917.39
2770.08
2611.36
2498.03
2419.83
2380.42
2364.25
2379.10
2444.96
2559.13
2640.97
2670.08
2655.81
2628.96
2593.40
2553.16
2500.76
2489.20
2523.08
2617.51
2776.05
2847.74
2809.52
2746.70
2660.28
2534.43
2403.93
2308.77
2250.79
2216.78
2209.70
2223.31
2275.19
2359.65
2405.56
2419.62
2414.60
2395.46
2379.96
2368.20
2357.23
2371.69
2427.60
2543.04
2725.22
2832.03
2805.04
2733.59
2606.33
2433.85
2279.03
2178.52
2130.34
2115.12
2140.64
2222.24
2430.77
2736.50
2875.91
2820.83
2744.47
2679.91
2647.88
2637.74
2628.53
2632.70
2668.19
2748.08
2877.41
2919.52
2855.81
2751.43
2586.44
2387.12
2208.10
2077.87
2009.47
1978.58
1979.63
2040.60
2225.66
2547.75
2731.10
2744.61
2698.01
2681.48
2732.96
2747.34
2721.33
2677.67
2724.43
2810.29
2925.20
2932.80
2870.16
2770.61
2617.10
2419.56
2238.24
2112.27
2029.89
1998.70
1999.17
2066.01
2247.89
2559.40
2746.31
2775.19
2761.33
2757.01
2742.43
2727.83
2740.96
2737.46
2795.95
2885.92
2984.45
2980.89
2914.32
2814.72
2668.86
2469.42
2280.82
2161.65
2091.44
2059.91
2057.72
2132.09
2314.74
2634.51
2840.97
2915.49
2903.34
2835.80
2736.57
2676.85
2740.94
2740.70
2770.85
2886.64
3040.24
3109.99
3082.87
3010.21
2868.90
2682.64
2500.58
2367.71
2289.37
2257.54
2267.79
2344.42
2542.56
2851.10
2988.66
2961.86
2904.14
2843.31
2786.77
2771.70
2757.86
2788.83
2855.52
2958.60
3071.01
3077.07
3006.17
2918.26
2801.08
2638.99
2489.87
2374.66
2307.33
2274.10
2267.13
2295.00
2372.62
2481.32
2572.99
2630.60
2616.17
2637.62
2699.58
2746.32
2678.05
2676.21
2698.68
2769.49
2919.80
3009.44
2977.58
2926.88
2846.21
2718.37
2589.68
2479.70
2410.08
2380.01
2372.48
2394.71
2453.11
2535.84
2580.81
2610.95
2612.23
2625.17
2610.57
2619.67
2599.46
2601.12
2664.42
2786.95
2969.17
3087.34
3055.03
2985.92
2857.85
2674.03
2511.38
2405.73
2349.16
2326.13
2337.27
2412.27
2596.70
2895.52
3022.78
2992.35
2966.77
2948.20
2881.13
2854.83
2739.40
2703.79
2731.43
2812.94
2952.28
3000.53
2944.32
2841.26
2666.73
2442.41
2246.01
2117.99
2041.93
2006.95
2006.09
2064.71
2245.67
2536.12
2665.13
2629.11
2611.95
2598.47
2568.29
2577.72
2585.78
2634.60
2649.08
2692.42
2809.38
2847.88
2794.97
2696.71
2537.62
2335.46
2154.64
2030.53
1954.91
1925.15
1940.66
2012.06
2200.83
2495.75
2645.57
2653.80
2662.93
2707.15
2687.62
2669.05
2686.70
2670.51
2668.70
2758.67
2894.46
2959.96
2901.15
2804.59
2645.92
2443.02
2258.69
2145.44
2079.55
2049.13
2056.43
2132.04
2325.69
2618.59
2745.11
2714.02
2663.08
2623.52
2592.42
2566.98
2557.88
2566.00
2606.14
2692.45
2822.86
2894.16
2856.02
2774.31
2637.24
2450.91
2278.79
2158.34
2095.91
2072.93
2081.79
2157.35
2351.65
2644.31
2772.05
2726.40
2671.64
2640.18
2665.41
2674.46
2730.92
2761.26
2807.16
2877.96
2963.99
2948.07
2873.32
2782.10
2662.96
2508.50
2356.96
2255.19
2190.47
2154.09
2152.68
2186.73
2268.59
2398.04
2517.24
2574.33
2548.67
2533.18
2517.60
2481.91
2440.51
2426.95
2461.59
2553.85
2696.06
2802.65
2770.40
2713.16
2624.40
2499.80
2365.30
2265.11
2232.98
2200.85
2171.09
2172.49
2202.48
2278.74
2355.98
2402.64
2398.45
2432.01
2416.86
2410.06
2361.82
2362.55
2394.86
2406.55
2508.24
2630.27
2732.86
2686.07
2576.13
2394.44
2232.46
2108.53
2025.61
1990.10
1993.10
2052.69
2227.65
2534.89
2725.90
2722.14
2678.21
2658.19
2608.03
2588.59
2576.11
2568.52
2582.26
2627.41
2694.15
2724.45
2781.43
2683.94
2516.81
2307.28
2111.15
1978.50
1894.55
1854.63
1850.85
1898.05
2058.07
2365.89
2568.68
2637.26
2642.01
2624.07
2590.28
2550.73
2558.50
2631.47
2653.67
2664.91
2710.59
2760.40
2770.78
2664.42
2506.81
2304.61
2110.77
1980.65
1891.43
1842.89
1831.55
1885.57
2043.16
2359.52
2564.93
2585.57
2558.81
2527.16
2509.52
2480.13
2489.13
2489.75
2578.06
2598.43
2650.40
2724.25
2779.49
2706.28
2549.18
2361.18
2173.30
2053.89
1983.76
1960.09
1971.19
2038.49
2210.26
2517.12
2722.85
2748.24
2729.61
2735.35
2758.73
2764.20
2758.17
2730.14
2714.11
2730.48
2763.86
2798.18
2857.57
2779.15
2630.46
2444.79
2254.53
2116.93
2027.29
1989.13
1992.06
2047.15
2207.38
2466.72
2656.24
2781.53
2856.69
2902.76
2915.65
2905.09
2884.50
2837.88
2739.02
2699.65
2763.54
2705.77
2731.34
2650.06
2529.49
2378.05
2226.70
2108.83
2021.10
1972.49
1960.79
1981.78
2051.60
2176.90
2277.66
2343.97
2362.90
2365.45
2342.65
2314.43
2284.09
2274.45
2299.11
2359.56
2457.57
2562.84
2620.80
2556.59
2452.78
2318.33
2179.39
2066.22
1988.69
1950.74
1938.06
1949.72
1996.74
2087.35
2159.33
2209.32
2243.22
2261.12
2268.84
2263.33
2242.77
2223.08
2239.42
2313.45
2444.44
2562.12
2673.39
2630.33
2534.21
2391.53
2261.00
2157.93
2099.72
2089.07
2112.46
2191.76
2362.42
2623.86
2798.16
2849.10
2808.88
2760.69
2726.95
2703.43
2676.70
2641.09
2648.04
2718.12
2832.75
2883.72
2947.07
2859.56
2718.78
2535.39
2368.21
2239.89
2162.29
2126.74
2122.75
2167.49
2300.29
2530.95
2723.47
2872.76
2943.90
2973.72
2986.29
2956.52
2943.98
2904.89
2832.51
2828.62
2874.75
2813.16
2823.02
2718.83
2576.51
2407.35
2248.57
2134.64
2064.38
2033.90
2041.22
2097.03
2239.61
2464.83
2610.51
2648.63
2613.00
2561.63
2521.36
2502.43
2461.53
2424.32
2416.48
2468.96
2565.18
2631.35
2701.56
2613.85
2473.43
2309.87
2161.21
2047.22
1975.49
1940.44
1936.46
1977.16
2104.92
2322.00
2515.89
2670.87
2762.11
2794.35
2842.43
2844.19
2803.98
2785.02
2768.50
2776.01
2815.51
2804.29
2787.97
2673.92
2540.33
2367.27
2210.04
2096.89
2017.16
1978.34
1969.96
2007.09
2128.81
2328.01
2490.01
2603.79
2675.05
2681.01
2654.71
2694.83
2596.71
2594.49
2559.36
2522.47
2562.02
2581.93
2626.07
2537.27
2395.58
2254.14
2096.34
1961.59
1875.55
1829.86
1813.19
1821.39
1880.58
1979.08
2071.10
2178.20
2218.96
2229.31
2209.18
2196.59
2150.66
2124.90
2130.41
2199.51
2329.77
2451.14
2551.85
2509.90
2413.67
2304.68
2193.98
2108.73
2048.61
2022.57
2018.60
2040.39
2090.41
2170.15
2223.55
2241.96
2254.87
2261.21
2279.72
2286.33
2264.50
2244.70
2263.32
2340.78
2479.59
2609.56
2727.52
2678.69
2560.43
2423.65
2287.74
2177.78
2110.62
2090.00
2098.73
2146.86
2278.88
2473.45
2643.67
2741.19
2781.15
2808.70
2847.46
2813.85
2846.27
2854.61
2866.76
2924.11
2984.85
2942.00
2889.46
2777.20
2609.56
2456.67
2327.21
2221.06
2148.03
2110.06
2105.97
2138.60
2251.03
2438.78
2583.53
2661.11
2637.72
2557.72
2518.98
2527.94
2502.15
2512.31
2531.12
2487.42
2549.91
2617.63
2679.83
2605.17
2476.79
2335.98
2198.59
2084.62
2013.81
1982.05
1975.50
2012.40
2124.72
2308.79
2452.66
2567.96
2616.65
2656.12
2699.26
2712.17
2664.92
2619.99
2612.20
2619.97
2714.18
2747.89
2745.78
2643.44
2507.72
2354.03
2213.93
2107.92
2042.97
2011.88
2010.71
2055.15
2178.81
2368.47
2502.36
2522.28
2472.33
2419.11
2391.91
2379.94
2333.63
2299.28
2298.92
2345.36
2456.04
2527.29
2608.05
2542.69
2420.17
2272.34
2128.27
2011.55
1935.64
1894.55
1875.05
1906.18
2009.01
2174.71
2297.73
2359.60
2321.61
2287.79
2289.39
2282.46
2253.39
2216.99
2214.72
2259.17
2356.47
2401.79
2469.98
2414.18
2296.93
2176.08
2050.64
1954.89
1889.04
1853.97
1846.11
1872.39
1934.57
2015.21
2072.70
2108.46
2110.12
2124.92
2164.14
2225.00
2237.81
2246.93
2225.98
2316.24
2365.43
2454.84
2490.36
2415.28
2303.16
2189.34
2065.94
1965.81
1890.93
1853.76
1837.55
1843.83
1877.70
1943.52
2012.25
2123.08
2244.94
2350.40
2448.16
2532.50
2558.17
2559.05
2570.16
2618.69
2671.12
2674.99
2658.11
2562.00
2424.32
2287.98
2159.22
2044.56
1973.97
1936.56
1930.63
1965.53
2075.17
2252.05
2419.39
2558.37
2613.84
2637.27
2646.10
2685.84
2679.42
2656.61
2647.79
2678.77
2754.55
2757.43
2740.39
2648.34
2519.01
2362.62
2214.69
2108.31
2033.76
1992.07
1994.66
2037.17
2152.14
2337.39
2451.34
2511.59
2528.10
2496.06
2445.09
2420.34
2370.42
2329.22
2328.22
2382.01
2499.80
2576.73
2665.26
2628.18
2509.39
2367.96
2226.99
2126.40
2061.72
2032.63
2033.15
2076.67
2195.93
2367.77
2485.85
2522.19
2496.67
2502.50
2586.78
2621.56
2602.92
2572.34
2540.82
2518.48
2547.80
2573.02
2631.08
2572.28
2458.99
2308.07
2162.23
2053.24
1982.57
1948.63
1944.10
1976.82
2085.43
2245.75
2397.96
2516.55
2547.85
2565.89
2536.56
2572.23
2612.46
2580.43
2564.85
2591.36
2674.02
2691.88
2681.73
2608.18
2485.72
2337.64
2192.76
2077.63
2001.99
1957.71
1945.41
1975.10
2076.03
2244.32
2406.04
2557.30
2649.39
2689.91
2726.42
2769.14
2740.89
2704.32
2674.82
2682.94
2709.97
2686.51
2673.79
2602.35
2484.23
2353.08
2221.74
2113.97
2037.77
1993.57
1974.05
1982.53
2027.34
2105.07
2191.42
2292.48
2369.41
2392.82
2360.91
2298.84
2221.47
2170.02
2188.96
2250.14
2354.70
2455.29
2538.47
2504.40
2406.54
2291.38
2156.36
2055.63
1974.18
1924.77
1903.96
1904.56
1933.59
1985.29
2036.51
2090.12
2139.52
2171.73
2215.57
2256.38
2219.70
2192.46
2211.63
2278.63
2406.68
2480.58
2497.54
2433.57
2317.93
2191.80
2065.59
1955.36
1888.05
1854.74
1856.70
1894.50
2007.61
2174.93
2270.49
2310.40
2299.39
2272.54
2263.86
2268.12
2239.74
2219.58
2220.16
2271.14
2379.69
2431.60
2486.95
2440.67
2329.08
2188.25
2045.28
1944.17
1872.93
1838.31
1832.09
1861.89
1972.63
2114.91
2232.46
2276.41
2253.55
2235.46
2250.18
2271.33
2254.34
2228.43
2225.54
2294.74
2379.91
2414.72
2465.25
2416.72
2299.00
2159.09
2020.28
1919.19
1844.82
1809.55
1797.46
1827.39
1921.73
2077.94
2237.76
2397.51
2478.76
2496.98
2477.46
2438.92
2399.95
2324.66
2304.29
2341.62
2413.06
2450.78
2495.00
2460.63
2342.10
2209.01
2070.66
1973.89
1898.41
1867.54
1861.69
1893.60
1985.99
2138.31
2263.84
2398.66
2464.11
2538.48
2611.28
2656.52
2684.03
2679.51
2668.38
2660.27
2687.13
2613.17
2601.23
2540.96
2416.26
2277.39
2138.78
2043.01
1973.79
1941.35
1935.51
1966.68
2072.69
2219.41
2300.66
2338.90
2347.59
2346.09
2399.86
2429.87
2427.57
2443.66
2439.42
2499.85
2560.70
2588.43
2589.61
2523.44
2409.54
2278.74
2158.59
2056.57
1985.72
1945.38
1931.93
1947.03
1999.63
2057.68
2084.82
2113.66
2113.30
2125.41
2156.37
2173.65
2142.02
2120.45
2102.90
2176.99
2286.79
2381.14
2459.46
2450.79
2352.86
2240.27
2118.86
2020.21
1952.25
1913.41
1903.25
1913.82
1959.52
2004.16
2021.68
2020.23
2023.44
2034.30
2042.92
2069.17
2114.94
2061.01
2083.94
2149.92
2280.13
2318.12
2360.06
2338.87
2243.45
2121.23
1993.04
1891.73
1820.72
1787.53
1782.47
1807.30
1906.44
2055.63
2215.20
2370.55
2463.07
2559.88
2605.49
2631.95
2616.50
2597.56
2529.95
2527.18
2559.90
2524.45
2490.62
2422.91
2300.03
2156.01
2015.54
1903.23
1818.79
1780.41
1775.65
1807.26
1903.74
2043.18
2160.47
2220.56
2249.48
2212.10
2219.36
2232.05
2191.42
2172.76
2210.86
2292.08
2344.83
2382.15
2435.66
2408.10
2288.77
2150.65
2013.01
1901.92
1832.73
1799.23
1793.64
1828.37
1930.30
2093.14
2254.30
2406.72
2455.77
2415.65
2328.59
2356.21
2305.02
2261.47
2224.31
2267.30
2361.18
2411.71
2471.54
2466.19
2360.75
2228.97
2095.75
2003.97
1935.47
1899.17
1875.57
1922.60
2031.52
2185.60
2332.86
2406.79
2363.72
2394.11
2443.00
2415.77
2381.40
2323.79
2334.83
2355.32
2448.60
2478.77
2536.30
2524.40
2413.04
2278.99
2151.27
2050.99
1984.93
1954.30
1956.27
2001.65
2111.76
2244.02
2325.67
2356.24
2347.96
2345.00
2353.84
2329.82
2274.87
2233.24
2252.60
2322.04
2408.37
2448.38
2486.67
2451.35
2344.12
2217.89
2091.26
1989.29
1917.09
1885.64
1885.35
1912.23
1972.72
2051.71
2156.50
2292.32
2388.33
2456.84
2520.69
2553.07
2557.29
2542.42
2513.63
2510.72
2525.50
2547.16
2563.84
2519.38
2409.58
2295.48
2178.58
2080.38
2007.30
1968.39
1948.45
1959.54
1993.79
2026.64
2040.21
2039.15
2036.53
2026.41
2024.90
2024.65
1997.26
1972.18
1991.47
2065.81
2194.94
2291.36
2359.29
2354.36
2250.69
2126.39
1996.98
1899.97
1832.08
1795.68
1791.58
1827.04
1919.54
2038.87
2143.59
2227.38
2295.18
2317.54
2348.32
2374.50
2364.84
2273.44
2221.96
2289.82
2400.67
2427.98
2466.90
2452.45
2344.30
2212.85
2087.89
1998.93
1935.44
1906.49
1911.72
1951.38
2056.82
2192.10
2274.16
2297.27
2273.81
2266.85
2458.08
2461.87
2501.82
2466.07
2467.72
2533.75
2635.84
2625.97
2557.73
2509.63
2398.89
2267.95
2144.70
2048.77
1989.58
1964.67
1968.46
2013.60
2121.35
2263.85
2372.42
2421.18
2449.78
2468.76
2477.84
2482.35
2474.49
2434.88
2399.60
2423.82
2505.32
2531.17
2569.71
2575.12
2469.21
2336.44
2195.79
2094.55
2030.18
1998.21
1999.59
2040.02
2148.06
2277.50
2350.19
2376.93
2348.75
2313.11
2296.86
2289.45
2244.84
2217.26
2198.36
2251.42
2351.33
2402.43
2448.63
2431.75
2319.13
2189.18
2054.99
1947.29
1876.41
1840.23
1831.57
1862.27
1958.28
2107.41
2261.95
2404.54
2487.28
2518.00
2547.44
2591.34
2583.87
2556.14
2508.38
2491.38
2520.81
2509.57
2510.24
2478.22
2370.09
2251.08
2130.02
2030.35
1959.08
1922.26
1909.58
1916.89
1952.44
1998.49
2036.67
2107.26
2144.21
2080.02
2079.00
2053.24
2010.85
1981.45
1968.02
2033.31
2159.70
2252.73
2317.64
2324.41
2232.52
2123.94
2005.38
1909.33
1837.56
1794.19
1783.86
1791.07
1812.11
1843.34
1896.45
1972.64
2051.56
2155.32
2223.97
2262.18
2301.91
2335.94
2326.48
2378.32
2476.75
2526.70
2526.52
2471.91
2366.90
2234.79
2109.18
2010.16
1939.77
1905.75
1900.22
1943.75
2050.61
2205.67
2385.99
2546.94
2630.92
2667.54
2718.14
2753.10
2732.30
2704.00
2682.89
2696.44
2738.37
2709.67
2683.22
2623.78
2488.79
2348.54
2197.55
2082.86
2007.55
1959.38
1956.90
1990.41
2083.63
2237.28
2372.23
2436.02
2459.15
2448.86
2427.34
2417.82
2339.92
2308.50
2314.22
2334.47
2412.52
2453.86
2489.56
2480.60
2376.61
2236.76
2095.35
1996.45
1934.15
1900.91
1902.82
1944.68
2044.03
2168.67
2238.16
2268.73
2245.60
2230.54
2217.29
2221.04
2180.11
2149.92
2153.69
2286.72
2469.39
2509.96
2499.07
2443.38
2324.31
2183.86
2040.91
1940.26
1870.39
1835.54
1829.89
1858.43
1947.40
2100.81
2265.08
2395.90
2470.98
2532.81
2584.95
2608.30
2596.26
2518.25
2395.53
2412.22
2478.77
2494.28
2493.18
2461.16
2346.46
2207.16
2062.62
1952.19
1880.17
1838.88
1826.55
1854.45
1945.44
2097.52
2251.46
2411.28
2469.74
2489.99
2525.99
2528.86
2464.20
2415.57
2361.27
2336.99
2380.40
2405.03
2420.73
2383.42
2283.48
2155.35
2029.25
1920.54
1829.15
1778.83
1760.67
1772.99
1806.15
1846.98
1884.46
1921.09
1941.02
1962.20
1984.95
1990.31
1962.28
1947.52
1982.27
2076.40
2167.82
2238.75
2287.99
2293.46
2202.28
2086.63
1965.55
1867.39
1788.86
1740.37
1719.07
1715.57
1728.19
1747.50
1779.98
1845.08
1901.74
1950.75
1988.36
2005.67
2038.32
2060.65
2099.08
2149.66
2255.25
2336.30
2367.76
2396.15
2292.89
2142.61
1992.44
1895.98
1814.49
1768.08
1753.81
1770.91
1838.55
1960.27
2078.72
2169.24
2195.40
2205.62
2236.67
2314.23
2417.04
2367.76
2336.56
2346.50
2396.40
2399.62
2364.07
2340.26
2230.57
2091.05
1947.11
1839.25
1770.35
1738.21
1728.04
1755.78
1833.43
1973.32
2090.53
2143.73
2142.23
2122.56
2143.69
2161.64
2142.85
2129.47
2140.00
2182.79
2270.74
2316.89
2327.65
2336.53
2230.02
2095.38
1959.88
1861.90
1790.62
1760.53
1768.45
1804.54
1895.72
2019.31
2104.61
2169.00
2174.15
2197.48
2238.05
2237.68
2172.96
2149.40
2142.24
2230.76
2373.08
2401.17
2398.10
2346.82
2245.21
2106.54
1975.38
1874.51
1805.11
1773.51
1768.83
1803.13
1889.64
2010.34
2114.07
2168.60
2175.18
2164.01
2222.89
2276.16
2215.05
2175.34
2198.89
2228.58
2302.04
2322.28
2326.63
2330.13
2229.63
2096.71
1963.13
1855.36
1783.28
1749.03
1738.03
1766.10
1839.94
1964.91
2068.36
2134.30
2134.33
2180.03
2198.66
2197.84
2210.03
2280.78
2300.87
2328.15
2373.47
2387.30
2389.00
2346.91
2245.05
2120.97
1998.25
1899.82
1834.75
1796.07
1785.18
1802.11
1848.22
1917.29
2022.70
2142.30
2228.63
2203.40
2191.00
2202.27
2217.97
2206.11
2197.01
2214.81
2294.63
2362.58
2392.81
2423.75
2356.14
2248.63
2129.78
2029.15
1955.15
1912.89
1896.16
1898.46
1915.14
1940.83
1966.90
2013.30
1995.04
2026.57
2103.06
2110.65
2053.39
1988.89
1975.22
2037.16
2149.74
2222.01
2257.30
2283.66
2206.88
2088.41
1962.06
1859.78
1798.56
1773.19
1777.15
1812.67
1904.41
2027.24
2117.79
2181.31
2185.50
2188.14
2235.23
2382.06
2429.02
2347.04
2333.42
2401.27
2511.04
2461.90
2425.63
2368.20
2253.65
2111.51
1976.80
1878.53
1820.28
1793.35
1792.07
1830.07
1920.38
2053.38
2151.21
2211.55
2223.72
2254.94
2291.26
2281.57
2243.91
2211.65
2204.47
2240.45
2322.90
2357.55
2363.24
2376.93
2280.36
2139.21
2003.72
1903.47
1842.90
1823.27
1825.72
1865.90
1958.81
2083.55
2174.29
2223.59
2208.82
2189.51
2194.72
2201.73
2178.89
2155.09
2161.53
2204.43
2293.54
2333.97
2348.10
2354.12
2261.05
2118.95
1978.68
1877.99
1816.05
1788.10
1781.73
1820.04
1906.27
2037.08
2137.67
2193.74
2198.92
2198.94
2202.39
2208.26
2186.94
2175.83
2183.11
2242.87
2325.19
2347.15
2356.91
2353.87
2252.24
2114.64
1966.80
1856.91
1780.64
1737.77
1719.43
1741.38
1807.54
1935.98
2070.01
2188.70
2217.95
2234.21
2289.17
2353.48
2423.26
2403.59
2425.18
2474.03
2533.01
2522.94
2497.90
2501.37
2371.78
2246.24
2122.25
2008.92
1927.93
1876.05
1845.57
1828.07
1818.88
1834.99
1895.74
1973.76
2053.17
2093.75
2108.86
2126.89
2104.60
2100.75
2112.24
2119.81
2169.76
2214.78
2229.41
2242.68
2167.05
2055.67
1935.09
1831.51
1757.46
1711.75
1693.04
1692.24
1696.78
1725.59
1783.59
1853.05
1920.74
1979.66
2028.09
2052.63
2060.43
2053.98
2102.16
2164.25
2257.32
2287.51
2284.49
2293.89
2198.70
2064.40
1927.85
1821.56
1752.84
1716.51
1710.89
1738.00
1809.42
1959.55
2128.38
2283.49
2359.06
2384.61
2374.02
2356.57
2350.18
2322.32
2281.51
2291.07
2326.92
2324.02
2316.89
2330.14
2236.71
2094.53
1952.49
1842.81
1767.21
1735.85
1724.07
1750.45
1824.85
1960.45
2075.41
2159.16
2171.30
2159.87
2171.45
2179.11
2158.62
2130.80
2150.25
2201.84
2293.18
2322.27
2312.72
2323.95
2231.88
2092.58
1950.43
1840.14
1771.91
1734.79
1726.39
1759.62
1826.85
1951.68
2069.64
2145.83
2172.72
2179.46
2181.92
2195.60
2182.14
2173.45
2185.75
2237.71
2305.69
2324.93
2320.99
2312.54
2225.98
2078.05
1929.79
1823.87
1753.38
1717.99
1709.85
1737.58
1812.28
1940.94
2060.97
2151.44
2180.35
2199.34
2225.58
2261.35
2275.10
2276.70
2319.42
2384.47
2456.72
2446.19
2407.72
2378.54
2288.40
2132.31
1976.89
1861.97
1776.16
1726.99
1710.64
1734.46
1789.85
1931.29
2085.05
2220.83
2287.60
2336.55
2386.00
2424.33
2454.45
2480.15
2534.44
2611.66
2688.27
2689.00
2658.06
2637.03
2553.15
2396.85
2240.18
2105.22
2007.31
1954.75
1919.73
1918.07
1924.78
1970.66
2057.38
2134.30
2124.09
2128.80
2150.70
2178.64
2120.57
2038.16
2019.95
2049.61
2127.06
2178.46
2184.61
2196.88
2130.96
2025.39
1909.27
1813.42
1739.35
1690.64
1674.21
1668.29
1665.77
1693.86
1730.08
1774.28
1816.16
1843.12
1868.61
1882.97
1869.29
1866.02
1888.26
1953.56
2059.57
2130.48
2147.48
2182.27
2119.46
2013.33
1899.23
1802.72
1736.37
1695.82
1676.64
1695.79
1726.61
1806.57
1878.62
1974.37
2068.71
2132.54
2181.50
2210.02
2184.60
2151.24
2157.36
2205.18
2281.14
2305.12
2287.52
2290.37
2209.42
2075.67
1933.68
1827.37
1755.40
1718.04
1703.84
1734.58
1804.95
1959.16
2127.21
2258.27
2322.87
2367.10
2436.00
2524.24
2549.44
2576.62
2621.94
2692.79
2769.05
2764.83
2717.67
2695.10
2607.63
2431.92
2252.47
2097.22
1996.73
1932.64
1909.45
1928.74
1992.61
2138.87
2326.14
2493.35
2608.68
2715.71
2839.63
2967.56
3075.34
3169.64
3262.39
3337.65
3374.20
3292.37
3185.76
3100.44
2960.53
2742.74
2527.86
2362.64
2233.20
2155.18
2111.55
2114.15
2180.65
2331.37
2534.97
2713.68
2868.09
2981.25
3071.18
3157.63
3196.31
3227.05
3223.43
3220.39
3203.20
3138.45
3076.91
3038.20
2930.58
2751.28
2560.83
2413.38
2310.54
2248.78
2224.16
2243.46
2323.41
2500.73
2696.39
2872.41
3054.16
3160.34
3254.30
3338.71
3392.68
3454.52
3465.62
3463.22
3421.57
3342.85
3243.40
3167.05
3031.17
2856.53
2681.45
2522.62
2400.73
2308.26
2245.31
2221.14
2219.98
2277.73
2390.17
2532.84
2656.80
2684.33
2764.92
2784.25
2772.74
2815.71
2874.82
2941.57
3014.28
3010.10
2931.47
2837.27
2727.81
2554.17
2385.23
2223.32
2100.78
2018.61
1958.05
1919.34
1885.27
1915.85
1947.48
1990.16
2023.55
2047.96
2075.91
2098.05
2103.14
2111.45
2145.38
2214.52
2303.48
2344.66
2326.78
2313.73
2238.45
2098.84
1954.74
1848.15
1765.50
1725.08
1717.19
1739.52
1813.07
1952.15
2069.79
2158.90
2194.45
2216.50
2286.76
2333.49
2326.22
2331.52
2320.58
2331.76
2403.43
2407.75
2385.42
2360.81
2260.53
2114.00
1962.24
1848.72
1770.82
1729.96
1714.13
1737.94
1807.65
1958.14
2101.62
2216.31
2248.85
2277.37
2320.28
2350.94
2351.34
2379.26
2411.77
2455.44
2497.39
2472.31
2469.91
2414.36
2312.21
2168.59
2013.41
1914.60
1836.58
1795.91
1782.26
1803.73
1881.11
2053.76
2224.64
2361.10
2394.73
2473.53
2602.66
2767.38
2821.49
2796.16
2793.35
2880.09
2948.00
2942.99
2904.81
2878.59
2774.80
2592.32
2398.14
2237.04
2112.84
2038.32
1995.49
1993.96
2059.65
2248.65
2464.20
2650.25
2755.95
2840.80
2940.04
3075.43
3176.69
3256.56
3322.79
3388.56
3408.74
3345.19
3259.03
3188.79
3079.73
2883.13
2670.27
2501.60
2374.63
2287.15
2244.00
2252.96
2331.89
2506.09
2689.53
2828.06
2932.56
3000.32
3088.83
3173.84
3197.41
3219.18
3320.21
3402.78
3467.37
3432.25
3337.28
3252.54
3144.21
2956.25
2760.37
2597.54
2467.79
2379.86
2323.58
2302.56
2309.54
2369.65
2506.40
2687.95
2852.55
3018.99
3168.83
3291.41
3384.05
3513.46
3474.72
3231.26
3159.75
3149.62
3083.32
3013.85
2898.17
2634.71
2412.84
2233.11
2099.81
1998.43
1936.35
1912.61
1895.92
1920.68
1973.28
2057.47
2150.52
2242.29
2291.53
2289.75
2284.90
2325.83
2270.79
2309.46
2356.78
2391.90
2400.60
2402.24
2339.16
2210.89
2064.92
1936.30
1844.68
1797.21
1773.89
1793.91
1869.27
2041.22
2219.37
2348.83
2413.70
2455.63
2512.21
2560.55
2597.68
2634.43
2688.69
2778.85
2862.67
2856.40
2773.50
2682.29
2574.11
2391.66
2202.80
2051.50
1951.99
1898.40
1865.50
1889.55
1979.27
2149.97
2314.41
2442.88
2528.62
2568.16
2624.15
2689.13
2722.90
2773.02
2841.07
2864.30
2883.16
2843.80
2766.59
2700.23
2593.68
2427.23
2246.22
2101.56
1994.97
1935.13
1905.38
1919.55
1986.10
2154.43
2323.78
2466.58
2537.36
2569.95
2601.08
2652.10
2665.09
2706.17
2744.53
2789.95
2812.03
2733.13
2660.17
2614.52
2526.93
2383.11
2233.00
2130.08
2068.10
2038.98
2031.72
2059.92
2151.54
2357.72
2588.24
2795.47
2917.96
2991.31
3031.51
3125.73
3161.05
3079.59
3054.61
3047.99
3059.10
2998.31
2907.69
2826.35
2743.14
2594.61
2436.93
2311.60
2220.21
2166.10
2136.30
2150.48
2230.78
2406.60
2613.61
2771.32
2852.87
2966.60
3020.91
3085.87
3142.31
3185.90
3218.84
3276.44
3302.49
3230.19
3110.44
2982.76
2848.08
2622.56
2411.07
2239.17
2100.05
2009.78
1955.03
1924.21
1895.11
1935.81
2017.74
2118.98
2198.36
2254.66
2304.26
2343.78
2335.38
2355.51
2387.55
2417.36
2456.83
2460.19
2405.52
2383.64
2326.45
2195.73
2058.52
1939.21
1850.46
1789.88
1757.60
1744.29
1732.91
1773.77
1836.91
1928.31
2001.05
2045.07
2085.72
2118.19
2157.66
2175.39
2210.19
2280.51
2376.54
2427.20
2412.80
2400.08
2328.87
2196.09
2047.37
1937.56
1846.24
1811.41
1799.51
1826.38
1911.40
2065.10
2210.75
2324.99
2395.69
2438.73
2482.93
2529.51
2565.86
2576.79
2565.05
2600.86
2633.70
2616.86
2555.41
2506.16
2420.14
2258.87
2092.46
1954.05
1864.06
1816.21
1796.74
1814.54
1888.01
2059.13
2256.96
2410.17
2505.02
2539.55
2586.63
2624.18
2649.52
2673.92
2710.18
2768.62
2820.41
2789.13
2701.07
2604.55
2519.05
2348.95
2163.88
2020.77
1920.62
1868.72
1840.73
1856.33
1920.74
2091.97
2292.80
2454.00
2539.15
2602.21
2663.90
2722.92
2781.01
2829.37
2896.01
2988.73
3062.44
3041.38
2957.13
2854.94
2779.81
2610.46
2413.14
2240.49
2126.56
2052.38
2014.86
2023.10
2091.11
2296.48
2516.93
2706.11
2865.20
3008.69
3132.82
3282.63
3437.67
3563.41
3691.54
3793.58
3864.71
3822.54
3703.06
3561.64
3427.21
3187.65
2928.33
2721.16
2560.31
2455.26
2397.89
2399.61
2468.30
2687.19
2934.19
3155.52
3317.25
3467.15
3607.59
3728.18
3833.99
3907.94
3963.67
3990.22
3982.60
3904.74
3758.28
3596.12
3465.11
3241.67
2985.68
2767.71
2611.61
2487.35
2408.49
2364.30
2350.76
2459.13
2642.63
2865.52
3080.77
3290.58
3479.13
3623.38
3696.71
3768.37
3828.47
3912.28
3962.61
3961.41
3862.82
3746.57
3642.27
3427.78
3186.75
2964.60
2792.48
2663.04
2565.33
2511.23
2471.60
2552.09
2713.25
2926.58
3158.85
3371.71
3571.85
3695.39
3767.30
3825.20
3884.53
3858.92
3720.36
3635.46
3584.58
3530.15
3443.98
3226.06
2983.84
2776.93
2627.71
2536.00
2483.62
2490.75
2566.85
2747.79
2918.19
3052.25
3135.71
3230.98
3312.59
3379.25
3437.73
3472.34
3523.50
3570.17
3589.98
3450.97
3294.43
3175.06
3065.68
2872.64
2660.45
2492.70
2377.27
2309.97
2279.41
2310.58
2404.64
2615.58
2848.68
3085.94
3304.04
3502.29
3730.99
3924.22
4048.26
4147.99
4241.65
4298.08
4304.95
4199.73
4028.42
3837.91
3674.86
3385.67
3073.47
2844.97
2692.81
2606.41
2567.82
2575.42
2652.69
2887.32
3118.45
3317.05
3485.40
3598.35
3730.12
3875.88
4076.45
4047.60
3953.93
4058.24
4157.89
4036.16
3896.32
3667.06
3451.38
3164.41
2876.79
2666.70
2497.15
2382.07
2312.88
2297.38
2365.87
2544.41
2744.45
2941.22
3061.24
3174.39
3305.97
3423.15
3501.06
3524.46
3573.85
3663.26
3719.17
3669.03
3533.44
3382.81
3268.61
3044.19
2792.53
2603.25
2456.16
2361.62
2309.73
2302.67
2370.45
2567.61
2791.98
2995.97
3146.86
3285.41
3426.87
3524.30
3631.03
3693.53
3736.42
3732.42
3688.15
3627.14
3484.15
3327.98
3230.78
3020.72
2776.64
2563.60
2405.05
2291.22
2219.28
2180.91
2166.16
2243.90
2403.70
2606.19
2798.40
2939.82
3091.75
3188.75
3153.29
3091.93
3053.50
3020.53
3018.62
2995.07
2946.84
2916.38
2854.63
2723.50
2574.98
2438.81
2323.34
2240.83
2187.68
2158.57
2138.51
2204.12
2323.34
2485.19
2672.82
2875.58
3098.34
3295.39
3274.20
3120.16
3105.78
3129.03
3110.01
3075.73
2989.33
2929.96
2833.54
2682.77
2518.85
2382.38
2288.65
2236.06
2220.35
2263.85
2369.64
2568.22
2761.41
2922.65
3052.39
3137.99
3160.25
3179.19
3134.37
3062.41
3011.76
2998.57
3024.64
2982.34
2918.24
2840.45
2724.61
2565.53
2400.20
2260.25
2165.21
2099.61
2072.72
2096.36
2195.48
2381.98
2574.46
2711.23
2816.20
2880.45
2940.05
2965.97
2939.19
2938.73
2915.86
2941.60
2939.86
2892.69
2830.79
2775.14
2697.76
2541.27
2377.19
2249.03
2154.68
2097.22
2081.66
2109.52
2209.24
2396.41
2590.00
2749.92
2869.81
2923.98
2983.10
3048.33
3110.43
3164.88
3169.19
3137.60
3147.97
3080.39
2998.04
2939.46
2856.15
2684.81
2495.68
2335.20
2223.00
2150.87
2112.92
2128.02
2208.82
2394.49
2612.86
2823.75
2990.31
3132.24
3282.28
3419.84
3562.07
3681.54
3806.65
3913.21
3992.40
3945.12
3824.61
3677.19
3463.03
3234.46
3014.30
2810.69
2675.62
2586.55
2532.65
2527.91
2576.23
2686.11
2755.80
2807.88
2841.39
2860.52
2884.73
2869.23
2806.95
2778.35
2757.26
2749.07
2717.14
2667.25
2599.69
2563.99
2508.20
2392.06
2267.73
2153.17
2062.79
2007.40
1973.94
1972.65
1985.05
2026.55
2101.08
2200.23
2276.18
2345.17
2470.73
2541.62
2578.96
2625.51
2687.63
2756.99
2821.79
2818.55
2754.52
2698.19
2657.01
2562.20
2442.82
2315.70
2215.27
2146.08
2100.41
2086.72
2077.66
2116.84
2205.91
2318.55
2441.61
2510.09
2611.56
2739.81
2874.85
3000.58
3114.10
3191.63
3222.63
3217.75
3151.53
3135.01
3097.64
2925.57
2676.69
2478.08
2341.91
2266.65
2233.89
2254.11
2333.10
2517.02
2694.18
2822.41
2901.28
2981.84
3042.91
3105.51
3140.59
3168.28
3204.51
3235.66
3248.67
3179.11
3049.61
2930.37
2827.27
2652.47
2468.92
2303.52
2198.58
2130.95
2100.73
2123.57
2222.52
2408.31
2586.34
2736.08
2822.91
2901.71
2990.82
3084.99
3183.33
3185.49
3232.92
3298.91
3323.01
3213.26
3087.19
2995.10
2904.30
2741.95
2562.57
2423.36
2318.61
2256.83
2235.03
2271.18
2384.62
2581.79
2813.11
3017.19
3184.55
3361.43
3566.03
3701.90
3814.23
3962.44
4062.86
4095.20
4137.76
4000.61
3843.46
3696.25
3543.17
3297.74
3046.98
2848.33
2713.73
2626.14
2572.95
2579.87
2670.00
2909.95
3195.19
3445.63
3645.66
3842.89
4028.28
4207.88
4313.14
4362.26
4422.84
4440.93
4465.93
4416.37
4285.82
4110.58
3930.44
3645.91
3349.09
3110.16
2925.55
2802.82
2728.97
2722.92
2796.18
2991.49
3220.74
3423.35
3587.49
3767.66
3930.44
4049.92
4076.42
4049.84
3995.47
3934.22
3825.53
3670.95
3546.61
3457.36
3356.51
3174.00
2986.70
2853.29
2748.50
2659.76
2604.15
2590.83
2604.08
2678.92
2829.23
3045.20
3276.54
3494.80
3726.23
3913.50
3997.38
4061.22
4102.26
4140.16
4144.21
4080.01
3937.55
3846.21
3750.93
3561.99
3351.07
3160.13
2991.73
2861.70
2764.45
2705.70
2660.28
2711.18
2846.38
3031.73
3226.04
3401.80
3526.01
3638.54
3741.85
3818.20
3914.67
4011.61
4106.24
4112.16
4019.06
3921.14
3817.41
3574.86
3305.08
3071.14
2906.00
2804.24
2749.23
2760.67
2841.49
3022.83
3216.68
3362.35
3475.91
3547.42
3637.45
3856.65
4025.95
3956.45
3973.19
3962.51
3913.32
3746.26
3608.06
3493.57
3371.12
3158.44
2935.30
2741.76
2592.30
2508.13
2447.38
2461.80
2545.41
2748.60
2989.13
3195.89
3286.75
3352.41
3340.18
3433.35
3529.67
3602.53
3653.52
3618.67
3487.38
3334.21
3202.09
3117.06
3005.14
2819.45
2618.53
2454.32
2343.84
2275.57
2245.68
2262.63
2339.77
2514.19
2680.22
2816.69
2900.84
2960.09
2982.96
3021.97
3047.56
3046.58
3045.68
3092.48
3118.50
3051.99
2927.55
2831.44
2739.77
2568.14
2383.20
2231.48
2124.19
2062.29
2025.17
2034.48
2119.92
2308.86
2521.62
2672.00
2747.68
2800.24
2850.39
2886.78
2924.76
2943.39
2958.00
2980.10
2969.92
2883.19
2792.65
2722.56
2634.08
2471.20
2302.59
2160.07
2059.85
1997.32
1977.03
2004.95
2107.02
2279.60
2445.45
2553.77
2625.57
2712.78
2774.41
2830.54
2857.33
2863.85
2879.24
2906.02
2934.64
2921.07
2875.82
2852.25
2795.35
2660.42
2505.39
2367.73
2268.69
2203.19
2162.58
2158.49
2163.29
2250.02
2430.50
2652.21
2878.17
3076.30
3246.76
3390.23
3483.58
3575.21
3670.21
3766.58
3831.28
3823.04
3719.52
3602.25
3511.64
3330.04
3110.81
2897.37
2722.47
2594.99
2512.36
2464.55
2439.27
2493.65
2642.72
2866.38
3135.54
3413.50
3677.97
3898.06
4060.54
4187.80
4316.91
4418.22
4479.90
4423.62
4314.97
4215.96
4049.95
3764.48
3475.11
3244.26
3084.54
2998.25
2967.15
2987.99
3070.64
3295.95
3545.47
3790.87
3921.72
4031.78
4230.72
4431.36
4609.02
4691.05
4749.21
4758.73
4771.04
4664.03
4510.47
4326.16
4076.64
3753.59
3436.61
3175.07
2979.51
2837.79
2744.50
2714.25
2767.78
2963.93
3226.98
3460.86
3669.46
3812.01
3944.18
4099.60
4238.35
4283.93
4366.90
4411.47
4430.13
4333.53
4182.05
3958.03
3732.16
3432.32
3147.29
2934.90
2776.08
2660.55
2598.46
2612.98
2739.59
2941.24
3094.98
3207.35
3285.66
3342.94
3420.46
3465.64
3493.68
3602.82
3745.12
3815.86
3843.24
3698.37
3544.30
3457.01
3300.79
3097.41
2892.75
2755.53
2644.65
2582.71
2568.43
2620.69
2758.11
2992.95
3238.24
3433.04
3562.95
3761.54
4050.63
4309.63
4487.36
4408.37
4343.01
4138.08
3856.84
3708.19
3603.75
3541.10
3427.03
3237.07
3028.38
2858.50
2734.12
2635.95
2577.54
2575.59
2654.18
2816.32
2988.10
3150.66
3294.65
3418.85
3566.70
3684.32
3748.39
3780.95
3786.29
3772.26
3746.50
3602.50
3461.83
3361.16
3252.42
3056.82
2852.19
2684.41
2547.42
2454.48
2394.32
2371.73
2368.87
2449.88
2622.77
2842.58
3042.37
3231.45
3389.93
3532.42
3612.55
3685.76
3744.69
3804.44
3836.53
3814.11
3701.94
3595.56
3481.36
3273.61
3041.39
2870.67
2743.24
2653.05
2588.72
2562.56
2545.33
2599.89
2703.99
2904.82
3087.17
3287.05
3475.54
3599.51
3721.58
3850.85
4004.57
4055.84
4011.66
3996.27
3948.60
3914.89
3799.96
3552.39
3300.36
3097.63
2945.63
2857.60
2812.72
2829.43
2915.47
3134.63
3430.15
3698.53
3937.85
4188.52
4429.89
4631.44
4775.92
4855.36
4902.70
4911.65
4941.16
4817.83
4696.48
4560.17
4366.62
4067.67
3753.16
3527.10
3349.74
3238.52
3176.73
3182.25
3269.00
3470.45
3789.41
4089.17
4341.51
4572.32
4754.72
4886.70
4998.35
4989.94
4961.41
4957.59
4864.26
4776.56
4531.13
4228.74
3984.22
3675.23
3381.06
3144.97
2950.36
2814.70
2724.73
2698.35
2755.78
2917.27
3106.22
3348.86
3557.13
3748.49
3921.52
4103.77
4257.21
4340.93
4343.04
4372.11
4436.12
4358.74
4192.76
4055.84
3862.53
3580.70
3295.39
3093.11
2952.17
2849.94
2788.53
2798.17
2898.32
3085.93
3292.75
3436.83
3547.37
3753.32
3983.17
4210.24
4311.08
4364.77
4390.97
4351.86
4337.53
4138.75
3898.06
3820.28
3671.79
3418.56
3148.53
2958.14
2806.82
2704.54
2623.96
2621.75
2692.07
2857.97
3015.53
3140.65
3284.64
3405.62
3545.40
3673.44
3792.73
3877.30
3948.39
4001.32
4008.31
3884.56
3683.80
3543.21
3405.72
3196.75
2965.27
2776.12
2633.53
2523.57
2452.24
2422.25
2413.19
2477.58
2636.12
2831.03
3014.94
3175.25
3326.87
3447.23
3521.83
3594.72
3668.01
3739.90
3773.18
3735.79
3594.65
3511.31
3422.75
3269.15
3078.40
2906.96
2768.20
2669.38
2600.04
2567.88
2551.13
2602.23
2730.73
2877.50
3055.18
3234.54
3393.22
3465.13
3495.30
3560.61
3712.27
3700.10
3673.28
3639.36
3635.87
3647.49
3587.34
3431.28
3261.70
3126.08
3023.45
2977.06
2967.20
3011.80
3136.56
3375.66
3629.42
3823.38
3928.73
4081.79
4189.43
4305.82
4406.57
4474.26
4537.28
4553.99
4566.37
4451.39
4289.40
4120.29
3903.83
3601.35
3327.07
3121.40
2956.82
2863.97
2827.74
2843.41
2945.21
3139.82
3368.15
3543.36
3680.24
3847.10
3993.73
4062.70
4106.94
4081.55
4117.06
4104.24
4031.37
3867.01
3666.65
3550.63
3405.75
3203.70
2980.39
2795.02
2657.70
2580.11
2540.90
2570.42
2680.47
2901.63
3162.31
3390.30
3578.27
3758.60
3959.97
4107.35
4210.47
4281.95
4343.82
4410.64
4414.64
4270.69
4050.94
3889.12
3676.79
3357.63
3061.84
2823.85
2639.62
2514.32
2433.89
2419.16
2488.80
2651.31
2859.02
3040.33
3172.97
3293.27
3411.39
3527.98
3636.93
3706.50
3722.13
3770.76
3806.72
3701.11
3548.24
3443.90
3283.11
3044.41
2811.31
2626.55
2485.68
2394.15
2333.53
2336.72
2424.62
2574.00
2744.56
2919.41
3033.54
3084.35
3157.37
3292.12
3377.28
3355.88
3307.25
3314.51
3310.93
3205.96
3117.11
3073.63
2959.41
2792.72
2617.42
2471.77
2358.04
2285.26
2245.01
2238.45
2264.08
2318.73
2423.85
2562.61
2682.40
2794.39
2844.26
2917.32
3014.70
3119.86
3211.77
3294.74
3332.56
3298.50
3184.21
3120.14
3027.31
2912.95
2765.56
2626.11
2504.88
2424.16
2369.64
2346.11
2344.21
2387.18
2509.82
2696.02
2917.97
3156.21
3388.93
3616.70
3714.15
3757.33
3886.17
3972.01
4005.83
3981.71
3910.89
3862.77
3717.59
3480.44
3232.20
3042.73
2893.32
2806.87
2768.23
2784.66
2870.34
3057.26
3305.54
3562.69
3787.98
3992.96
4194.54
4405.09
4547.28
4616.12
4674.08
4710.40
4741.05
4624.97
4484.34
4384.45
4172.72
3859.17
3560.53
3338.63
3158.86
3036.77
2964.30
2960.99
3054.27
3255.67
3532.28
3810.25
4073.87
4310.29
4529.54
4705.73
4778.34
4858.80
4926.55
4918.75
4900.41
4753.57
4590.64
4419.20
4134.84
3820.79
3557.74
3353.81
3204.36
3109.82
3078.34
3112.95
3231.49
3407.18
3614.17
3827.68
4009.99
4189.18
4349.12
4515.81
4688.03
4755.40
4737.41
4762.26
4751.05
4626.19
4449.51
4300.44
4056.68
3750.31
3450.06
3208.36
3022.39
2884.58
2791.33
2770.01
2839.55
2993.33
3198.25
3421.22
3616.24
3776.54
3915.52
4043.35
4159.64
4203.45
4210.19
4156.20
4046.61
3888.70
3759.13
3688.80
3510.81
3267.24
3029.32
2833.08
2682.63
2586.54
2528.84
2544.38
2613.42
2762.77
2960.30
3128.16
3279.29
3412.32
3537.00
3609.55
3659.87
3746.99
3795.72
3786.23
3757.42
3574.29
3404.14
3310.29
3156.40
2952.54
2744.36
2571.23
2439.36
2339.49
2280.14
2260.22
2290.20
2367.21
2474.82
2584.91
2669.03
2718.15
2735.98
2725.74
2678.90
2654.88
2643.11
2657.86
2677.42
2671.35
2667.38
2664.58
2593.60
2488.65
2367.50
2259.80
2169.12
2113.07
2087.31
2083.94
2089.86
2127.38
2215.92
2331.00
2441.58
2531.95
2610.79
2651.59
2666.34
2654.69
2639.52
2660.31
2706.43
2717.51
2723.81
2694.33
2613.26
2481.34
2337.64
2227.87
2140.22
2089.92
2076.21
2115.52
2232.54
2402.77
2550.62
2676.65
2772.88
2822.32
2877.27
2937.74
2944.55
2967.90
3013.45
3066.92
3098.08
3022.73
2931.53
2880.60
2759.13
2606.05
2457.74
2339.64
2251.99
2209.79
2191.56
2218.28
2333.09
2516.72
2692.80
2869.12
3006.34
3118.88
3210.82
3300.47
3409.18
3484.63
3530.31
3570.42
3581.71
3486.59
3326.11
3235.81
3060.56
2829.77
2603.22
2423.78
2284.90
2193.20
2135.23
2137.66
2217.88
2376.07
2578.87
2752.05
2857.80
2951.09
3078.59
3177.14
3229.83
3163.87
3102.88
3169.38
3227.51
3072.71
2963.66
2898.35
2755.82
2567.47
2396.06
2242.62
2125.22
2048.38
2005.00
2009.46
2105.36
2261.55
2443.39
2592.31
2683.11
2724.17
2811.69
2892.01
2963.85
3036.96
3118.98
3189.95
3230.31
3157.06
3038.58
2960.10
2810.70
2623.82
2441.32
2289.13
2181.02
2128.20
2096.46
2114.06
2213.14
2375.62
2577.02
2754.50
2889.85
3030.99
3182.38
3328.62
3465.38
3604.62
3720.43
3794.74
3821.38
3730.34
3621.37
3538.42
3363.48
3136.79
2911.34
2733.07
2586.76
2482.17
2411.05
2368.82
2365.24
2399.58
2525.32
2705.04
2864.24
3043.58
3232.18
3198.43
3287.80
3376.14
3333.81
3430.64
3515.19
3466.43
3355.22
3276.66
3135.73
2967.83
2781.81
2619.05
2479.02
2385.88
2315.22
2283.26
2273.51
2287.65
2385.86
2548.05
2728.64
2912.77
3111.34
3317.01
3499.06
3662.58
3753.94
3755.21
3442.66
3333.58
3231.89
3139.31
3032.63
2868.40
2690.90
2546.54
2444.16
2381.48
2359.11
2393.45
2518.32
2700.55
2920.08
3114.16
3288.03
3482.02
3696.21
3922.84
4124.89
4258.88
4338.52
4337.09
4252.19
4150.99
4050.12
3947.43
3734.47
3475.46
3211.87
3012.84
2847.60
2741.12
2673.34
2684.24
2794.39
2994.67
3224.54
3422.41
3596.77
3705.38
3870.10
3920.95
4005.56
4139.97
4229.23
4248.32
4157.98
3914.87
3683.26
3544.32
3324.97
3027.99
2734.10
2513.52
2351.03
2242.10
2168.42
2158.34
2243.43
2379.87
2523.62
2617.04
2667.69
2700.10
2686.37
2701.85
2750.65
2820.90
2888.79
2959.11
2997.15
2913.00
2828.86
2756.29
2611.56
2437.68
2270.04
2135.16
2037.22
1968.84
1945.95
1970.11
2092.65
2242.05
2415.04
2561.20
2642.61
2706.11
2741.64
2785.11
2813.04
2779.24
2753.91
2747.84
2745.01
2704.70
2687.23
2614.35
2492.57
2333.72
2195.35
2093.47
2013.22
1972.26
1967.14
2011.63
2130.37
2317.60
2488.19
2606.26
2658.77
2726.32
2856.63
2944.86
3009.27
3077.81
3128.74
3179.97
3193.64
3101.65
3007.01
2902.82
2770.43
2609.91
2446.95
2309.23
2204.17
2142.27
2106.42
2106.54
2148.27
2239.18
2371.43
2560.62
2730.64
2867.91
2973.90
3009.39
2995.51
3007.77
3018.20
3052.46
3117.39
3142.26
3151.50
3116.79
3006.27
2868.94
2704.38
2503.37
2343.76
2221.07
2139.22
2097.27
2083.99
2098.85
2184.55
2291.02
2391.68
2462.45
2492.84
2511.81
2526.75
2542.06
2573.08
2617.87
2671.03
2667.86
2646.08
2612.63
2487.93
2331.07
2175.09
2049.39
1954.45
1908.09
1888.90
1918.47
2020.50
2174.64
2350.12
2494.07
2589.32
2645.21
2707.12
2791.66
2847.28
2880.73
2864.09
2866.13
2891.82
2836.03
2823.93
2747.85
2603.86
2429.23
2265.10
2135.45
2042.13
1992.26
1965.90
1989.88
2094.72
2270.62
2463.46
2610.54
2710.86
2748.34
2798.69
2867.55
2916.94
2947.59
2964.54
2986.40
3012.38
2949.36
2890.43
2807.16
2665.04
2495.45
2311.97
2170.49
2080.19
2031.70
2014.58
2045.48
2175.94
2389.00
2592.54
2755.14
2865.04
2947.33
3007.00
3046.08
3062.18
3035.26
2984.59
2958.23
2978.25
2961.41
2959.10
2897.27
2790.39
2660.24
2500.24
2407.04
2328.62
2290.74
2284.11
2334.34
2485.75
2720.66
2959.02
3161.57
3279.20
3313.18
3311.66
3310.86
3260.20
3190.30
3197.88
3286.20
3270.65
3185.32
3159.03
3084.60
2941.37
2779.86
2600.25
2452.66
2337.77
2267.74
2235.50
2251.55
2353.40
2527.22
2729.66
2943.96
3095.11
3211.27
3324.39
3423.20
3465.26
3474.22
3499.30
3437.42
3384.17
3223.94
3085.80
2946.62
2778.16
2596.57
2412.47
2251.08
2125.50
2035.12
1983.49
1959.78
1976.82
2012.51
2101.28
2207.14
2283.23
2340.05
2397.34
2444.81
2473.62
2540.32
2606.04
2668.60
2712.68
2697.41
2664.90
2595.19
2488.88
2361.77
2226.96
2111.47
2017.55
1958.64
1930.84
1927.55
1945.97
1974.53
2041.46
2147.60
2212.13
2316.46
2404.87
2491.47
2541.20
2582.04
2650.21
2689.62
2725.08
2705.13
2695.70
2643.98
2543.70
2428.59
2311.14
2206.43
2121.84
2065.75
2045.59
2059.55
2116.78
2183.24
2273.82
2400.26
2487.76
2540.00
2609.60
2705.81
2792.54
2872.06
2954.48
3031.65
3043.36
2986.60
2992.06
2926.82
2783.11
2603.96
2431.00
2292.02
2184.40
2133.11
2110.13
2144.48
2269.41
2475.23
2664.11
2843.01
2966.56
3100.38
3247.49
3414.19
3574.40
3668.89
3736.24
3782.21
3762.66
3617.79
3534.44
3402.80
3208.57
2969.40
2745.04
2554.98
2426.44
2346.47
2299.30
2313.70
2429.91
2621.63
2787.98
2925.53
3021.83
3091.57
3254.18
3360.67
3465.36
3480.55
3529.36
3519.34
3482.61
3425.73
3412.94
3319.01
3161.99
2981.84
2778.41
2615.63
2502.27
2438.74
2416.74
2450.80
2600.24
2843.20
3063.88
3247.76
3384.07
3495.26
3639.03
3778.16
3873.26
3947.59
3950.92
3932.90
3907.13
3816.48
3753.91
3622.04
3453.40
3242.70
3027.97
2849.57
2706.83
2593.45
2518.58
2485.03
2552.38
2715.27
2827.89
2907.20
2927.16
2895.41
2866.52
2847.59
2805.75
2740.47
2714.73
2775.59
2794.42
2723.47
2692.85
2594.17
2466.90
2321.22
2164.18
2042.11
1947.41
1882.54
1850.50
1842.18
1879.62
1933.98
2006.39
2106.39
2199.81
2273.87
2315.87
2315.52
2286.20
2283.03
2320.92
2390.60
2421.57
2435.32
2460.77
2402.82
2300.19
2176.24
2045.33
1934.58
1849.22
1803.21
1780.79
1783.56
1809.18
1852.79
1915.23
2009.52
2126.18
2227.34
2288.69
2342.65
2365.83
2404.23
2473.18
2572.34
2655.05
2686.77
2718.52
2665.45
2547.90
2408.77
2271.06
2165.40
2087.90
2056.81
2061.51
2127.23
2265.99
2471.75
2629.81
2741.46
2776.61
2795.12
2818.77
2854.85
2870.68
2894.48
2917.10
2931.27
2915.27
2827.48
2778.60
2637.29
2458.43
2260.28
2084.70
1956.00
1862.77
1811.75
1797.88
1825.90
1940.90
2139.86
2297.10
2387.35
2419.99
2437.04
2462.32
2504.56
2516.51
2527.39
2543.99
2580.14
2624.08
2626.46
2628.08
2515.37
2360.76
2186.51
2020.56
1907.40
1825.79
1787.36
1780.16
1812.89
1941.59
2145.62
2328.09
2431.88
2486.75
2518.71
2553.39
2598.22
2622.10
2657.51
2690.58
2731.59
2766.28
2742.16
2728.87
2617.22
2469.30
2295.62
2134.22
2013.09
1934.47
1891.99
1880.21
1915.10
2040.01
2251.32
2430.11
2526.77
2600.40
2653.45
2709.45
2784.16
2784.89
2851.09
2892.05
2896.88
2898.07
2872.33
2857.30
2736.79
2573.97
2377.39
2191.83
2054.95
1959.79
1906.66
1885.47
1905.92
2016.40
2211.11
2389.00
2469.73
2521.87
2551.24
2570.83
2565.87
2533.97
2518.93
2531.43
2580.08
2588.95
2551.56
2539.51
2435.23
2310.12
2154.17
2005.43
1888.33
1802.77
1756.03
1737.09
1743.85
1789.12
1856.48
1939.32
2015.95
2059.08
2080.81
2089.12
2094.41
2074.10
2080.58
2109.69
2179.44
2265.07
2322.29
2353.52
2293.74
2201.16
2081.89
1952.55
1842.90
1773.05
1731.02
1711.82
1718.35
1750.41
1811.40
1874.55
1934.11
1985.85
2019.62
2056.14
2088.61
2098.39
2105.09
2133.89
2207.48
2321.16
2404.22
2452.93
2380.38
2255.75
2104.74
1956.33
1846.06
1777.79
1747.61
1751.23
1804.33
1939.47
2174.51
2349.46
2424.57
2433.32
2435.90
2437.64
2439.01
2425.78
2428.74
2445.11
2489.96
2567.06
2602.01
2606.86
2489.70
2330.09
2151.54
1983.92
1879.21
1815.61
1786.19
1783.95
1835.31
1974.55
2203.85
2397.97
2486.78
2517.89
2516.67
2523.92
2528.30
2525.90
2530.11
2521.84
2550.39
2613.76
2636.88
2647.03
2523.65
2359.55
2179.02
2019.69
1905.37
1821.27
1778.65
1770.61
1811.22
1948.37
2149.87
2331.50
2417.15
2448.65
2482.47
2524.12
2570.92
2616.11
2669.78
2736.44
2763.64
2798.08
2789.12
2772.76
2639.26
2474.31
2295.64
2131.18
2011.29
1923.01
1870.48
1853.39
1881.15
1999.32
2207.63
2387.01
2510.70
2594.70
2664.95
2725.35
2787.58
2825.53
2868.56
2863.72
2875.55
2884.77
2874.81
2850.25
2722.21
2563.86
2384.25
2205.50
2077.74
1978.09
1915.48
1888.09
1909.69
2025.77
2218.68
2386.33
2505.17
2585.67
2650.27
2713.32
2762.32
2797.56
2827.34
2848.60
2863.03
2826.05
2757.59
2722.47
2607.12
2479.73
2330.15
2179.03
2069.19
1971.95
1912.96
1887.16
1895.90
1930.75
2007.13
2102.96
2226.75
2318.57
2364.24
2394.89
2428.88
2440.34
2492.68
2556.89
2631.19
2675.13
2707.06
2725.02
2652.51
2546.29
2419.15
2286.13
2172.81
2099.46
2051.94
2029.47
2028.99
2052.05
2110.56
2185.73
2302.67
2436.50
2531.42
2590.73
2686.70
2754.19
2810.03
2841.87
2884.36
2950.53
3020.98
3051.20
2978.58
2848.25
2679.96
2499.04
2366.08
2250.09
2207.32
2209.34
2278.18
2433.97
2659.22
2837.25
2967.95
3065.00
3177.97
3282.96
3373.86
3381.16
3397.62
3365.33
3372.33
3355.63
3315.28
3271.52
3108.53
2927.12
2702.22
2493.31
2338.35
2234.67
2169.94
2128.26
2145.78
2271.51
2516.72
2715.11
2844.62
2897.95
2977.82
3052.16
3141.67
3256.82
3295.43
3266.83
3273.29
3280.53
3268.47
3228.77
3103.50
2922.47
2767.65
2636.84
2495.61
2411.22
2366.94
2340.20
2397.87
2589.54
2859.93
3087.90
3172.75
3183.63
3178.72
3007.46
3031.81
2976.16
2904.75
2904.95
2910.13
2908.68
2868.89
2813.40
2675.91
2518.13
2336.89
2155.27
2025.28
1931.86
1886.46
1881.18
1910.23
2030.17
2239.29
2415.18
2535.70
2602.16
2655.68
2724.99
2805.00
2861.43
2861.26
2885.93
2886.03
2886.35
2867.67
2822.96
2700.06
2556.40
2385.97
2211.69
2087.02
1990.50
1931.58
1906.77
1932.18
2044.54
2250.04
2433.46
2538.70
2585.32
2620.02
2675.22
2678.74
2659.52
2647.63
2623.19
2559.57
2588.10
2594.83
2564.05
2440.60
2308.77
2170.27
2030.96
1917.94
1832.65
1783.30
1763.14
1769.13
1817.85
1908.51
1996.95
2075.81
2127.84
2159.06
2182.20
2201.68
2218.24
2217.93
2231.10
2268.47
2340.16
2409.72
2411.10
2336.60
2241.16
2122.63
1994.36
1888.09
1806.75
1768.10
1748.86
1750.48
1778.12
1841.57
1907.00
1973.60
2028.71
2082.96
2104.48
2113.42
2133.53
2157.82
2205.67
2283.79
2386.94
2470.04
2474.19
2387.16
2266.37
2121.57
1982.16
1883.60
1816.42
1789.76
1787.75
1826.53
1955.07
2185.06
2385.90
2510.68
2569.67
2595.26
2641.56
2641.82
2592.26
2525.97
2553.74
2600.50
2661.76
2699.04
2660.69
2526.87
2371.99
2193.46
2028.78
1917.11
1836.95
1798.24
1788.56
1827.27
1967.05
2191.17
2381.20
2468.53
2499.00
2537.32
2598.90
2571.05
2552.97
2592.73
2590.01
2630.07
2681.36
2709.71
2672.65
2549.31
2398.20
2225.86
2059.75
1943.68
1870.84
1833.31
1822.63
1862.84
1992.45
2209.70
2391.83
2492.60
2526.24
2552.29
2595.59
2619.69
2732.22
2769.75
2724.46
2707.44
2739.96
2665.92
2580.14
2464.74
2315.61
2157.72
2019.97
1904.75
1821.02
1786.02
1776.43
1813.76
1942.12
2167.35
2332.39
2407.40
2399.52
2396.78
2399.75
2407.32
2401.47
2416.46
2445.26
2501.94
2580.59
2638.04
2607.41
2476.10
2336.12
2167.48
2008.31
1891.19
1828.05
1794.96
1790.00
1834.37
1977.60
2202.37
2392.72
2461.17
2455.07
2436.72
2417.34
2412.94
2400.10
2399.12
2417.58
2468.32
2538.61
2581.94
2536.20
2422.97
2305.82
2167.47
2021.56
1917.49
1841.30
1795.83
1776.49
1787.24
1832.53
1927.74
2021.23
2122.89
2169.08
2191.96
2224.93
2250.59
2259.67
2295.57
2351.43
2424.27
2483.92
2554.14
2527.95
2440.40
2348.39
2237.12
2114.93
2013.87
1936.47
1890.01
1858.78
1831.78
1823.67
1857.19
1895.14
1956.48
2001.66
2028.78
2061.69
2082.30
2107.69
2116.39
2135.50
2209.83
2296.10
2408.23
2386.94
2307.10
2206.22
2077.49
1951.71
1853.68
1788.12
1753.37
1748.28
1783.40
1889.93
2059.39
2179.27
2294.83
2388.38
2459.19
2505.83
2506.64
2468.45
2456.63
2489.29
2535.66
2623.02
2658.13
2597.80
2485.82
2339.31
2167.54
2012.59
1902.13
1832.58
1795.77
1788.45
1832.68
1969.55
2195.96
2421.83
2568.50
2643.00
2671.22
2738.19
2756.51
2746.14
2725.72
2735.14
2745.25
2796.27
2780.61
2681.03
2542.73
2376.20
2207.67
2044.07
1923.23
1846.56
1804.32
1797.06
1841.93
1974.98
2204.89
2381.13
2452.57
2454.77
2449.39
2456.99
2482.82
2495.31
2513.07
2540.16
2602.98
2663.77
2705.53
2642.67
2516.20
2362.08
2188.56
2028.80
1909.69
1830.91
1793.36
1786.09
1825.54
1959.91
2187.83
2375.20
2462.69
2487.12
2511.94
2544.18
2552.62
2561.48
2573.10
2597.35
2645.86
2706.50
2737.88
2689.25
2571.45
2432.42
2269.17
2103.71
1987.23
1918.73
1882.83
1871.68
1916.01
2054.81
2289.20
2499.67
2652.77
2738.30
2765.29
2813.84
2873.72
2792.83
2717.08
2681.75
2662.94
2702.99
2666.56
2567.09
2450.56
2319.28
2185.18
2041.66
1929.71
1847.23
1809.22
1787.98
1794.03
1846.37
1956.09
2075.11
2208.79
2313.48
2277.31
2214.41
2201.23
2168.96
2175.65
2202.20
2277.89
2379.39
2482.46
2456.72
2387.07
2297.12
2177.74
2049.12
1945.42
1869.55
1828.13
1814.99
1822.44
1860.14
1946.88
2016.60
2101.11
2134.57
2152.06
2174.41
2171.95
2159.62
2163.03
2206.92
2289.65
2414.55
2539.72
2508.03
2420.20
2295.44
2138.58
1994.85
1891.33
1829.71
1801.97
1810.28
1864.96
2009.96
2253.76
2458.21
2529.27
2528.57
2500.67
2510.84
2499.91
2485.72
2470.29
2498.57
2547.70
2645.86
2714.68
2648.66
2516.82
2352.74
2175.73
2011.71
1899.72
1827.78
1790.08
1788.61
1834.10
1966.49
2212.48
2419.60
2540.09
2580.46
2612.56
2610.20
2627.96
2649.19
2666.73
2683.24
2706.55
2784.50
2806.10
2728.71
2595.00
2434.17
2257.20
2090.20
1968.67
1892.06
1847.16
1830.00
1865.71
1996.97
2231.75
2440.60
2568.74
2613.61
2632.31
2665.73
2692.06
2678.44
2627.50
2652.54
2712.74
2761.46
2795.07
2750.40
2634.72
2493.17
2326.68
2167.41
2045.36
1966.27
1915.61
1902.00
1929.93
2053.15
2280.74
2475.39
2576.98
2612.53
2628.10
2638.86
2651.93
2667.81
2650.39
2634.13
2658.54
2704.62
2721.86
2655.97
2550.86
2394.98
2221.66
2097.21
1966.17
1883.62
1837.63
1825.82
1862.06
1989.91
2213.93
2409.16
2525.93
2575.46
2583.32
2589.53
2602.01
2589.01
2592.54
2580.86
2598.92
2644.06
2669.05
2588.70
2473.07
2348.13
2203.44
2063.34
1952.60
1865.28
1815.73
1794.46
1796.83
1843.20
1939.89
2041.19
2141.11
2234.00
2319.74
2376.30
2365.08
2367.08
2418.57
2393.46
2419.36
2510.30
2520.90
2432.29
2333.99
2228.77
2106.01
1989.38
1882.43
1808.90
1765.80
1754.41
1760.22
1796.68
1875.86
1964.57
2074.22
2160.79
2208.88
2223.45
2220.45
2278.27
2303.19
2316.53
2363.00
2476.95
2595.76
2544.54
2450.17
2320.68
2162.33
2014.48
1910.40
1842.58
1816.41
1813.69
1863.73
2005.21
2251.72
2474.30
2618.71
2696.27
2736.32
2754.94
2756.46
2742.54
2697.31
2692.20
2714.24
2790.65
2786.29
2697.46
2568.33
2407.18
2225.40
2058.20
1942.81
1863.63
1825.86
1818.68
1859.69
1990.41
2232.58
2451.41
2582.69
2636.63
2656.43
2647.80
2614.55
2541.00
2498.65
2542.39
2601.50
2730.68
2775.10
2684.54
2553.82
2405.14
2223.04
2067.46
1954.15
1868.69
1836.03
1828.32
1876.33
2035.74
2282.67
2504.27
2647.51
2707.43
2751.15
2765.87
2800.86
2782.62
2753.33
2743.75
2774.61
2859.71
2839.59
2732.49
2589.44
2436.58
2257.36
2099.02
1982.71
1909.49
1873.74
1871.14
1915.48
2063.16
2304.81
2530.15
2652.12
2720.09
2757.11
2789.35
2820.28
2813.09
2783.74
2778.60
2818.22
2899.58
2876.12
2772.76
2646.22
2508.10
2332.83
2159.61
2046.73
1971.61
1939.08
1944.38
1999.68
2150.74
2409.91
2661.05
2840.28
2955.64
3028.92
3079.17
3094.78
3084.00
3044.89
3003.07
2981.50
3006.20
3011.21
2934.99
2829.44
2693.26
2544.17
2407.07
2276.18
2196.12
2154.47
2145.40
2164.87
2223.41
2337.13
2467.38
2597.63
2660.07
2684.32
2671.50
2628.70
2552.25
2504.19
2495.32
2542.93
2649.49
2736.29
2703.42
2641.89
2560.49
2442.26
2328.61
2167.72
2064.99
2008.94
2069.40
2048.58
1992.42
2203.88
2302.51
2347.41
2419.89
2492.26
2514.47
2462.77
2548.88
2644.58
2576.12
2738.91
2782.16
2733.07
2690.06
2649.33
2358.13
2206.13
1826.79
2005.17
1956.15
1949.92
1973.17
2056.52
2225.89
2485.64
2637.23
2667.47
2735.82
2772.32
2804.83
2831.69
2805.40
2801.78
2837.21
2986.70
3146.89
3075.03
2961.94
2824.39
2650.41
2473.73
2301.50
2194.89
2126.00
2094.18
2093.87
2153.11
2308.97
2532.12
2680.18
2698.35
2744.36
2731.81
2723.15
2707.90
2703.45
2732.36
2795.11
2945.97
3106.35
3039.90
2940.40
2815.44
2668.90
2489.45
2338.37
2232.97
2155.91
2110.06
2105.20
2162.14
2313.06
2551.12
2699.60
2722.96
2688.65
2655.72
2636.76
2632.74
2631.57
2654.57
2700.90
2820.27
2954.20
2878.54
2759.12
2626.71
2465.62
2284.56
2125.66
2021.08
1947.56
1915.95
1918.16
1969.93
2117.09
2343.14
2495.06
2539.10
2542.57
2537.60
2554.72
2573.30
2608.52
2635.09
2667.21
2769.58
2874.71
2797.76
2678.52
2549.19
2405.64
2236.11
2080.44
1967.60
1888.37
1849.76
1843.84
1883.45
2015.54
2234.22
2407.73
2520.91
2523.17
2522.31
2542.12
2577.50
2604.79
2632.09
2656.96
2722.88
2804.22
2700.24
2581.86
2457.22
2334.31
2190.39
2050.01
1945.55
1867.46
1823.77
1805.89
1818.11
1876.72
1967.65
2057.35
2147.14
2210.74
2272.90
2305.18
2332.29
2343.07
2368.43
2392.95
2483.86
2583.28
2545.74
2465.82
2366.85
2276.87
2151.08
2024.11
1920.37
1840.91
1795.81
1780.47
1785.60
1821.32
1883.84
1950.93
2027.17
2100.65
2170.79
2225.59
2272.62
2297.69
2326.86
2373.69
2487.27
2608.02
2561.58
2485.57
2345.72
2231.16
2137.03
1998.64
1877.77
1832.91
1810.01
1813.93
1857.57
2004.33
2241.17
2406.16
2458.06
2498.10
2531.28
2585.04
2627.23
2645.57
2656.11
2674.52
2752.28
2869.28
2789.08
2675.34
2536.66
2383.34
2207.06
2049.86
1934.93
1866.49
1830.60
1828.91
1875.76
2021.29
2246.77
2418.30
2496.18
2537.09
2571.79
2617.33
2654.36
2681.85
2720.23
2748.32
2816.48
2918.02
2829.39
2709.50
2569.05
2412.90
2244.74
2087.77
1975.23
1901.92
1868.94
1861.67
1898.02
2025.86
2218.59
2369.47
2529.17
2611.10
2684.67
2745.31
2780.45
2803.55
2802.77
2814.75
2933.76
3007.20
2934.21
2817.21
2682.83
2510.17
2333.98
2172.08
2070.48
2002.05
1962.29
1956.78
1999.25
2136.12
2380.22
2580.25
2684.59
2732.43
2732.34
2738.77
2739.32
2703.91
2675.84
2679.67
2773.31
2836.27
2760.83
2645.69
2516.27
2362.85
2197.67
2044.60
1931.25
1862.54
1830.04
1829.21
1877.86
2023.01
2253.87
2460.73
2605.73
2694.66
2738.95
2792.36
2811.52
2790.63
2778.28
2768.56
2842.87
2893.87
2804.87
2694.81
2574.89
2439.57
2283.20
2141.92
2041.01
1968.81
1932.17
1917.86
1941.25
2004.98
2107.73
2193.65
2294.38
2271.91
2290.37
2426.25
2478.02
2438.96
2409.77
2451.19
2597.25
2718.10
2700.57
2628.47
2558.98
2457.16
2330.55
2210.83
2122.05
2050.10
2017.45
2013.19
2031.77
2085.21
2159.86
2212.65
2244.66
2251.38
2269.28
2366.45
2471.37
2497.86
2491.35
2532.32
2676.09
2799.65
2764.39
2657.01
2556.55
2429.10
2274.83
2114.15
1983.10
1908.19
1876.30
1883.94
1941.83
2097.33
2336.29
2496.08
2538.93
2534.72
2527.56
2567.63
2618.36
2637.61
2668.40
2715.92
2835.55
2960.35
2892.64
2776.47
2643.42
2487.81
2305.51
2147.91
2038.33
1969.48
1943.74
1962.15
2022.48
2195.06
2445.83
2638.36
2694.35
2646.96
2644.18
2648.47
2638.70
2661.58
2691.82
2743.68
2904.08
3013.52
2937.89
2833.71
2699.69
2545.04
2376.08
2224.65
2126.32
2063.18
2053.23
2078.46
2157.13
2334.25
2596.19
2782.91
2840.90
2822.19
2808.91
2826.72
2845.62
2846.17
2877.55
2968.92
3138.44
3257.10
3189.82
3106.57
2981.52
2821.96
2633.66
2464.24
2343.56
2283.61
2257.94
2272.87
2332.36
2490.11
2749.12
2913.18
2960.29
2966.02
2929.65
2884.31
2868.09
2840.22
2839.65
2909.92
3056.06
3147.08
3060.04
2953.65
2805.19
2625.79
2428.09
2252.24
2150.27
2074.01
2032.64
2030.41
2079.97
2225.27
2461.33
2621.10
2686.60
2688.90
2627.16
2609.60
2613.03
2637.68
2642.91
2661.45
2767.81
2857.69
2779.52
2673.50
2546.00
2418.23
2249.87
2105.39
2003.95
1926.37
1887.44
1868.36
1888.01
1948.31
2048.35
2134.74
2229.89
2272.40
2274.65
2320.04
2309.49
2279.77
2323.54
2389.88
2521.89
2622.56
2598.23
2524.33
2438.70
2337.26
2214.13
2091.10
2001.90
1948.54
1923.33
1919.07
1938.43
1996.92
2081.58
2175.68
2274.52
2364.63
2474.95
2550.70
2616.58
2649.91
2651.60
2681.81
2795.28
2857.93
2805.67
2699.39
2596.20
2445.03
2274.37
2124.02
2010.91
1940.94
1907.66
1908.85
1965.03
2113.71
2362.38
2579.28
2751.59
2852.88
2908.61
2935.65
2929.00
2882.00
2846.82
2844.50
2924.23
3037.37
2970.61
2881.47
2753.71
2604.80
2429.11
2271.20
2159.37
2090.68
2064.51
2073.06
2137.88
2297.31
2560.49
2711.49
2784.91
2758.15
2732.65
2696.39
2687.62
2692.63
2732.69
2800.73
2961.29
3071.67
3018.90
2949.43
2836.41
2694.11
2520.30
2368.88
2259.10
2196.85
2166.92
2167.74
2225.64
2371.37
2597.54
2779.41
2904.52
2975.35
2970.47
2960.99
2912.18
2837.78
2823.79
2854.14
2967.19
3014.16
2929.11
2818.88
2715.50
2579.77
2417.63
2254.46
2129.02
2039.64
1988.47
1973.54
1999.52
2065.33
2179.77
2282.84
2419.15
2565.32
2669.87
2753.43
2797.85
2747.95
2685.64
2625.10
2637.99
2614.07
2513.74
2427.28
2370.40
2292.24
2181.69
2074.59
1991.94
1927.62
1892.31
1902.74
1945.06
2051.57
2199.07
2286.09
2341.90
2436.89
2505.05
2526.95
2539.86
2551.26
2565.21
2591.92
2699.41
2756.46
2684.28
2597.11
2501.10
2385.83
2247.90
2112.48
2002.01
1935.01
1893.10
1870.64
1891.44
1953.35
2046.99
2139.23
2237.51
2320.57
2351.94
2349.25
2350.26
2329.44
2380.21
2431.64
2589.32
2691.91
2669.46
2608.86
2540.34
2447.63
2322.09
2192.92
2095.73
2026.58
1988.61
1979.04
1997.62
2049.41
2134.04
2191.91
2226.86
2236.88
2249.65
2266.85
2293.77
2321.67
2362.70
2441.50
2644.31
2786.48
2779.32
2711.78
2620.12
2491.81
2327.15
2177.14
2074.06
2011.09
1986.94
2006.44
2068.49
2232.10
2475.10
2659.63
2777.76
2824.11
2865.09
2913.20
2936.15
2912.72
2906.97
2941.39
3031.01
3067.65
2950.24
2843.30
2700.70
2546.83
2359.77
2195.98
2065.31
1998.89
1962.54
1947.49
1982.67
2103.22
2323.33
2511.52
2628.86
2659.14
2679.12
2725.98
2730.65
2657.56
2608.28
2641.93
2793.96
2928.03
2862.55
2768.83
2646.97
2497.25
2317.36
2156.19
2037.92
1976.98
1953.02
1968.62
2032.48
2197.73
2451.89
2640.65
2700.69
2676.58
2681.14
2787.01
2786.82
2769.89
2805.64
2853.40
3021.01
3116.17
3049.89
2942.99
2809.88
2645.99
2446.32
2265.72
2142.31
2073.07
2048.41
2059.15
2127.86
2295.05
2545.97
2731.97
2775.56
2739.13
2693.51
2670.67
2684.52
2672.87
2694.16
2755.12
2932.42
3059.50
3002.60
2903.21
2783.12
2621.03
2414.69
2242.68
2123.94
2043.05
2005.75
2008.37
2068.14
2216.46
2446.71
2625.04
2730.06
2713.47
2691.97
2675.21
2668.36
2620.55
2632.67
2685.03
2844.48
2928.05
2849.82
2749.05
2637.15
2511.13
2347.79
2188.57
2066.49
1976.75
1929.10
1912.28
1930.95
1990.17
2106.39
2239.64
2405.47
2546.64
2666.78
2739.97
2810.20
2832.24
2867.74
2945.29
3062.42
3116.64
3073.59
2968.20
2866.19
2740.97
2578.10
2424.63
2306.71
2218.75
2169.10
2155.87
2173.39
2221.30
2312.09
2389.70
2482.17
2541.44
2579.65
2610.78
2653.55
2699.13
2740.35
2801.78
2976.68
3091.80
3068.82
2993.35
2904.44
2764.64
2584.86
2416.42
2300.49
2235.96
2216.35
2232.47
2310.70
2478.41
2732.58
2931.14
3004.08
2989.68
2980.04
2974.75
3021.03
3045.91
3067.06
3101.26
3264.47
3365.23
3282.27
3173.76
3044.10
2869.99
2655.20
2465.23
2340.89
2274.48
2236.57
2250.02
2320.39
2480.50
2745.15
2956.06
3091.02
3138.10
3147.85
3150.02
3151.96
3140.05
3173.33
3197.55
3321.90
3416.10
3344.61
3242.02
3110.56
2942.06
2732.37
2543.41
2421.23
2350.75
2319.71
2333.81
2408.52
2574.34
2825.90
3027.17
3153.90
3154.17
3132.69
3114.09
3155.84
3114.30
3121.07
3140.23
3273.15
3338.96
3253.65
3156.75
3023.46
2854.36
2635.07
2439.00
2316.73
2236.72
2200.04
2202.84
2266.15
2421.62
2669.12
2849.02
2915.01
2913.45
2865.03
2907.32
2962.43
2949.36
2916.03
2938.63
3101.81
3235.03
3171.05
3078.19
2965.09
2814.66
2625.27
2438.07
2306.14
2230.95
2202.11
2215.25
2285.67
2442.52
2680.18
2869.58
2946.06
2893.80
2845.55
2814.99
2798.54
2782.05
2801.31
2829.00
2983.25
3080.73
2997.43
2895.14
2779.80
2642.94
2466.88
2305.90
2190.86
2107.26
2068.56
2062.04
2082.84
2151.89
2271.08
2379.80
2491.84
2576.27
2645.24
2716.74
2764.70
2774.01
2786.30
2792.53
2899.56
2945.83
2896.17
2808.38
2703.66
2576.10
2426.25
2269.34
2141.98
2061.22
2017.71
1996.29
2003.67
2048.64
2133.73
2217.74
2333.62
2411.89
2408.03
2408.99
2463.81
2460.75
2484.83
2546.17
2741.01
2862.76
2846.71
2772.32
2691.05
2564.84
2396.58
2240.97
2114.85
2060.32
2040.89
2057.25
2134.73
2295.89
2562.47
2772.60
2927.85
3018.98
3038.01
3060.56
3067.54
3086.81
3083.58
3092.86
3220.63
3300.42
3219.49
3114.34
2987.54
2826.20
2620.34
2433.89
2297.98
2225.14
2197.96
2208.72
2278.09
2443.01
2716.20
2930.52
2985.89
2948.02
2915.64
2902.15
2907.47
2914.30
2960.29
3038.41
3255.94
3391.53
3337.14
3255.31
3143.11
2998.83
2792.09
2608.06
2501.64
2433.15
2413.71
2438.43
2512.73
2682.96
2944.07
3152.64
3233.86
3259.60
3260.76
3223.24
3232.03
3223.23
3281.52
3339.06
3487.44
3557.14
3494.97
3391.04
3254.35
3078.99
2890.59
2706.83
2551.03
2498.18
2457.20
2460.22
2501.29
2618.96
2814.56
2994.05
3148.09
3238.32
3295.10
3343.79
3388.99
3375.34
3352.85
3358.14
3500.26
3603.44
3524.60
3409.18
3263.00
3096.11
2893.17
2705.44
2575.77
2497.91
2467.10
2471.49
2520.32
2661.46
2882.25
3101.17
3235.90
3312.04
3341.40
3355.58
3356.70
3299.44
3221.11
3215.03
3372.27
3489.34
3421.27
3336.49
3227.10
3083.71
2905.52
2736.00
2617.04
2543.06
2507.42
2501.41
2531.28
2608.70
2747.27
2874.09
2980.15
3020.11
3013.71
2993.46
2960.96
2908.70
2909.59
2956.37
3134.87
3257.05
3231.73
3155.93
3074.27
2959.40
2798.20
2633.45
2512.40
2428.07
2375.66
2357.03
2366.89
2419.93
2513.35
2610.89
2724.83
2827.08
2901.30
2943.33
2957.12
2940.69
2945.62
2988.39
3156.11
3241.41
3211.62
3121.03
3024.17
2883.21
2702.72
2519.74
2395.80
2331.74
2312.35
2321.60
2381.25
2529.70
2756.98
2949.58
3092.57
3155.92
3181.20
3193.61
3187.65
3141.40
3095.45
3105.29
3242.53
3356.52
3290.30
3182.57
3056.12
2896.17
2692.89
2497.59
2363.43
2281.42
2234.15
2236.47
2299.92
2466.66
2711.73
2900.24
2985.50
2988.97
2962.98
2933.66
2903.16
2899.70
2906.87
2955.03
3133.45
3240.18
3188.41
3101.53
2985.65
2845.95
2651.37
2468.35
2346.52
2267.98
2232.49
2241.47
2311.00
2468.92
2706.03
2889.01
2976.73
2985.53
2969.70
2943.04
2928.52
2911.00
2912.97
2949.22
3124.78
3236.40
3184.88
3107.69
3009.76
2865.64
2683.12
2504.29
2370.78
2279.10
2228.78
2213.68
2251.27
2363.79
2537.71
2666.19
2751.51
2764.99
2714.99
2748.01
2723.50
2706.99
2731.57
2758.52
2912.39
2972.11
2859.49
2731.63
2619.97
2515.77
2387.28
2250.46
2120.34
2034.85
1982.84
1958.75
1978.06
2036.99
2147.40
2256.60
2377.22
2488.66
2553.75
2584.45
2592.56
2589.61
2583.42
2602.58
2683.80
2702.56
2632.75
2550.32
2480.28
2397.12
2293.05
2182.37
2097.99
2044.51
2031.66
2043.07
2074.31
2143.10
2248.01
2358.87
2449.62
2478.45
2546.19
2540.72
2548.96
2546.64
2586.61
2674.17
2866.88
3012.37
3012.22
2947.06
2868.85
2752.88
2616.36
2467.04
2347.67
2278.06
2247.68
2247.36
2264.76
2320.40
2413.14
2483.68
2531.71
2536.95
2533.79
2531.99
2536.91
2543.24
2574.30
2667.78
2875.04
3031.93
3028.23
2969.93
2884.48
2756.51
2598.76
2451.42
2339.73
2273.60
2243.37
2248.67
2304.64
2426.85
2624.35
2768.18
2854.57
2880.75
2951.64
2964.15
2974.60
2920.55
2847.11
2839.88
2986.62
3112.02
3048.03
2951.36
2832.75
2683.44
2507.27
2329.70
2209.33
2128.00
2103.22
2118.93
2185.05
2337.21
2549.92
2690.91
2761.93
2761.89
2770.87
2807.16
2829.59
2850.14
2896.50
2993.71
3181.20
3315.60
3274.55
3181.26
3064.23
2916.68
2745.30
2578.84
2460.80
2398.27
2372.66
2384.13
2440.88
2575.21
2785.36
2925.44
3004.20
3034.34
3043.79
3025.92
3068.75
3083.70
3055.27
3054.70
3187.33
3283.07
3205.99
3091.49
2956.42
2796.87
2605.18
2419.71