2719.84
2615.68
2538.18
2503.05
2519.38
2593.29
2693.47
2757.68
2822.93
2907.68
3005.78
3085.06
3184.71
3237.03
3280.76
3343.42
3565.98
3818.02
3761.80
3659.54
3519.12
3316.84
3049.36
2818.81
2677.77
2612.30
2592.13
2616.66
2709.07
2954.64
3370.81
3619.24
3598.50
3524.43
3470.95
3356.00
3268.16
3291.48
3392.29
3465.99
3692.89
3943.97
3912.84
3808.49
3662.57
3424.98
3116.24
2837.63
2638.90
2533.78
2468.22
2452.99
2518.45
2734.00
3106.60
3362.92
3428.59
3457.31
3496.14
3486.81
3452.16
3471.34
3451.20
3453.35
3594.18
3724.46
3672.56
3549.88
3418.18
3229.29
2983.66
2733.22
2540.59
2432.34
2361.57
2336.70
2354.50
2436.46
2593.20
2769.22
2967.87
3158.05
3272.00
3334.24
3337.89
3294.06
3250.28
3260.67
3390.09
3515.59
3456.66
3341.12
3248.17
3105.08
2930.53
2745.09
2572.42
2463.77
2409.12
2391.89
2425.17
2504.23
2629.67
2775.64
2939.64
3100.35
3176.81
3149.37
3141.17
3146.85
3179.04
3294.75
3566.51
3849.26
3828.60
3728.44
3592.58
3387.41
3130.57
2887.68
2721.39
2637.72
2600.96
2593.06
2694.57
2949.64
3366.24
3630.15
3703.58
3747.50
3772.74
3727.44
3520.66
3439.65
3475.04
3520.13
3728.76
3989.20
3991.00
3906.54
3771.41
3535.56
3233.97
2955.52
2770.47
2675.49
2633.34
2635.71
2720.98
2972.07
3397.49
3648.00
3652.02
3612.54
3457.08
3353.35
3403.53
3420.67
3448.32
3521.33
3746.18
3965.52
3953.57
3851.76
3699.72
3471.41
3173.56
2905.89
2723.41
2636.97
2598.82
2614.46
2711.38
2968.90
3398.97
3644.98
3650.75
3594.77
3535.60
3449.70
3433.85
3472.06
3496.84
3580.87
3811.28
4097.80
4127.77
4056.91
3928.21
3721.02
3427.97
3172.60
3020.06
2947.15
2918.53
2941.07
3034.79
3289.14
3733.00
3979.75
3930.97
3790.77
3683.19
3601.17
3537.83
3535.59
3564.63
3685.32
3945.98
4161.84
4149.63
4100.53
3964.61
3738.56
3433.87
3157.12
2982.76
2880.10
2824.94
2809.36
2872.58
3085.69
3479.34
3719.45
3713.56
3725.74
3739.34
3718.73
3646.84
3596.60
3511.40
3476.12
3623.77
3773.41
3702.99
3586.05
3442.22
3249.72
3005.62
2756.61
2573.36
2449.36
2381.08
2340.16
2354.61
2436.21
2590.96
2754.16
2899.68
2932.18
2931.08
2874.96
2841.04
2822.92
2840.91
2939.81
3123.52
3286.17
3230.60
3113.83
3001.27
2858.94
2667.69
2465.80
2297.19
2182.82
2119.51
2092.97
2099.94
2145.08
2242.23
2377.68
2545.93
2685.49
2711.60
2709.17
2688.16
2695.82
2723.59
2819.09
3013.18
3328.99
3295.87
3216.62
3097.87
2919.98
2700.07
2495.93
2384.95
2328.71
2311.44
2336.86
2447.49
2721.27
3158.09
3445.74
3489.46
3516.92
3559.64
3576.04
3556.71
3556.62
3557.20
3561.49
3703.36
3901.05
3866.36
3745.99
3585.90
3336.41
3039.57
2769.09
2600.85
2507.04
2463.38
2466.65
2550.27
2797.06
3214.62
3486.58
3517.41
3507.18
3468.61
3465.86
3396.03
3401.22
3408.73
3460.83
3663.63
3852.66
3830.45
3724.78
3565.28
3330.72
3011.60
2739.87
2566.00
2466.98
2419.11
2418.65
2496.97
2737.59
3153.05
3399.33
3357.50
3265.93
3252.81
3161.49
3064.18
3059.70
3084.92
3179.50
3394.02
3696.23
3730.37
3667.38
3557.71
3352.51
3072.24
2802.69
2630.34
2542.53
2494.03
2489.39
2554.84
2776.91
3181.69
3425.23
3404.35
3313.78
3304.39
3321.16
3231.23
3235.82
3288.11
3392.28
3603.41
3879.56
3914.66
3845.24
3728.86
3528.50
3262.46
3027.17
2897.97
2833.05
2809.32
2838.82
2956.10
3221.17
3681.77
3955.81
3953.33
3856.93
3713.57
3621.94
3544.80
3615.90
3664.06
3773.43
3990.66
4222.25
4213.00
4179.52
4071.89
3905.68
3674.21
3447.93
3277.64
3180.07
3126.12
3108.27
3130.31
3220.57
3386.80
3572.92
3738.17
3796.82
3750.13
3796.53
3833.82
3836.31
3873.83
3940.02
4074.27
4249.06
4180.75
4007.97
3816.53
3575.99
3328.59
3093.00
2916.33
2796.15
2725.09
2691.41
2692.97
2745.22
2853.26
2994.32
3140.68
3198.81
3210.28
3227.27
3236.80
3249.47
3292.87
3328.12
3498.86
3740.92
3735.97
3632.11
3518.41
3359.50
3169.84
2997.87
2892.18
2846.48
2851.41
2885.96
2982.43
3192.91
3498.66
3740.70
3854.65
3867.07
3843.19
3802.04
3745.38
3721.21
3722.32
3802.63
4015.54
4307.03
4318.32
4261.39
4121.65
3886.73
3588.23
3338.36
3191.73
3122.84
3101.57
3124.89
3221.85
3487.58
3935.08
4175.95
4115.94
3965.74
3849.98
3761.23
3693.29
3707.72
3726.99
3757.19
3959.93
4242.14
4285.96
4258.15
4128.16
3899.99
3601.41
3351.20
3209.26
3140.53
3121.67
3138.42
3239.51
3496.43
3939.71
4173.84
4102.69
3926.85
3784.39
3658.87
3556.06
3517.49
3510.92
3581.34
3791.97
4120.76
4165.60
4097.56
3969.60
3742.49
3442.99
3186.23
3038.03
2966.38
2942.26
2961.63
3069.54
3333.99
3774.05
4022.40
3950.12
3780.34
3659.27
3520.56
3466.67
3477.52
3480.95
3543.26
3724.66
3981.71
3997.43
3920.38
3779.75
3551.48
3251.72
2994.79
2827.62
2741.81
2706.09
2711.52
2803.87
3057.41
3485.42
3719.51
3664.23
3511.51
3414.15
3316.49
3196.62
3164.29
3176.94
3271.29
3454.74
3694.17
3693.95
3614.25
3504.39
3343.36
3124.31
2896.75
2721.91
2617.95
2561.50
2548.44
2577.63
2672.63
2832.76
3005.80
3196.76
3345.35
3427.33
3474.19
3484.49
3462.50
3441.13
3447.40
3524.35
3626.24
3544.59
3403.36
3261.02
3099.40
2898.69
2694.44
2541.32
2445.95
2402.69
2392.82
2417.78
2497.57
2637.17
2776.63
2886.82
2898.82
2889.42
2930.80
2941.68
2938.61
3020.68
3115.28
3288.99
3588.22
3618.43
3519.44
3380.69
3169.31
2910.76
2684.76
2546.51
2481.90
2462.47
2483.71
2578.47
2828.07
3263.25
3508.72
3513.43
3470.70
3402.55
3348.56
3387.41
3450.32
3452.66
3488.31
3639.58
3862.97
3865.04
3755.78
3597.03
3355.45
3053.45
2793.28
2634.43
2553.10
2515.99
2524.15
2604.34
2853.78
3280.14
3513.78
3513.54
3471.93
3495.16
3511.85
3474.05
3499.98
3517.53
3560.72
3709.08
3944.08
3953.59
3861.47
3706.57
3470.64
3160.40
2897.48
2739.00
2662.05
2628.95
2633.02
2729.71
2991.45
3424.24
3678.67
3663.58
3499.70
3360.48
3273.17
3202.06
3201.44
3231.32
3337.56
3566.89
3902.45
3975.39
3911.58
3792.47
3578.69
3293.23
3043.22
2903.95
2834.34
2813.94
2839.45
2946.44
3221.48
3661.33
3887.14
3802.48
3635.20
3512.51
3401.86
3321.29
3312.08
3368.64
3487.89
3689.78
3986.14
4034.41
3965.92
3840.45
3618.90
3324.88
3071.71
2914.13
2834.85
2800.90
2806.87
2894.40
3158.08
3578.32
3806.30
3703.61
3596.01
3576.26
3563.08
3526.53
3509.95
3507.33
3517.05
3621.31
3804.09
3791.69
3687.37
3555.84
3376.25
3141.67
2905.88
2736.55
2640.15
2585.20
2571.20
2596.44
2689.70
2850.97
3030.64
3223.38
3352.94
3417.67
3430.13
3406.90
3386.06
3363.92
3375.66
3461.14
3604.14
3561.59
3457.91
3347.01
3191.77
2996.24
2795.89
2639.59
2538.72
2487.92
2470.25
2490.13
2559.16
2688.11
2832.89
2967.51
2963.05
2970.60
3023.99
3043.72
3120.06
3186.62
3307.89
3478.52
3685.57
3609.48
3429.09
3294.31
3157.02
2980.26
2773.74
2609.38
2529.72
2495.40
2497.69
2586.00
2834.19
3251.95
3482.35
3466.04
3376.01
3386.58
3409.35
3295.54
3174.31
3114.52
3153.30
3332.53
3647.57
3746.00
3674.79
3541.88
3327.91
3044.91
2799.69
2643.89
2568.96
2539.30
2544.06
2618.05
2860.17
3275.35
3503.36
3527.33
3445.56
3449.20
3429.18
3377.39
3362.43
3267.27
3261.18
3407.14
3673.53
3733.96
3637.03
3482.48
3236.57
2940.44
2673.36
2509.58
2433.25
2405.87
2410.87
2499.97
2748.41
3170.14
3410.27
3454.89
3490.96
3496.65
3464.21
3473.40
3428.52
3377.87
3397.06
3526.38
3804.06
3853.32
3776.48
3639.47
3403.21
3104.70
2837.66
2676.96
2589.96
2555.74
2552.49
2635.68
2868.55
3270.68
3542.25
3613.82
3643.10
3671.13
3663.62
3634.95
3659.91
3637.52
3626.55
3722.08
3911.86
3916.35
3813.28
3661.61
3425.39
3129.32
2859.65
2676.86
2583.74
2535.98
2531.98
2612.05
2846.08
3246.36
3516.26
3595.29
3602.77
3637.25
3618.92
3558.99
3506.37
3438.50
3453.09
3593.00
3803.66
3844.43
3766.20
3646.17
3478.45
3250.73
3019.16
2858.76
2766.19
2718.35
2706.65
2750.44
2867.66
3041.49
3198.40
3278.15
3249.55
3182.74
3133.06
3126.14
3139.06
3147.38
3213.17
3356.32
3598.82
3657.24
3579.02
3483.90
3355.37
3173.69
2989.68
2850.18
2773.83
2729.87
2717.64
2748.27
2820.14
2937.65
3073.75
3227.73
3305.06
3255.39
3280.19
3311.70
3321.89
3323.62
3383.05
3536.85
3757.56
3785.11
3676.95
3525.42
3310.15
3046.32
2806.71
2648.00
2559.02
2517.91
2517.52
2601.50
2839.74
3259.00
3515.99
3566.16
3595.34
3635.18
3595.45
3536.17
3558.39
3526.31
3540.78
3646.68
3842.30
3840.21
3721.82
3554.65
3307.11
2998.02
2735.47
2567.45
2475.73
2429.66
2429.11
2501.99
2743.73
3150.98
3409.84
3468.96
3493.21
3520.11
3539.90
3532.77
3520.15
3482.15
3437.16
3508.16
3726.38
3775.01
3675.48
3521.63
3299.11
3006.99
2763.56
2604.22
2528.38
2498.78
2509.62
2605.01
2849.36
3278.30
3471.10
3415.93
3272.60
3196.80
3116.11
3104.43
3117.91
3116.45
3230.11
3423.38
3701.19
3765.50
3692.22
3554.30
3326.07
3034.23
2780.77
2635.84
2565.12
2523.90
2534.71
2611.36
2847.70
3250.30
3501.85
3566.06
3595.09
3637.18
3657.65
3645.53
3631.46
3582.31
3542.29
3586.82
3768.53
3808.76
3720.61
3592.98
3390.42
3119.98
2876.70
2715.31
2632.89
2597.62
2607.16
2696.78
2943.40
3346.12
3565.08
3528.42
3428.70
3369.54
3310.93
3264.06
3272.81
3312.04
3412.26
3630.06
3884.99
4019.26
3979.72
3923.67
3783.71
3588.70
3385.82
3244.58
3165.94
3136.78
3133.25
3176.40
3284.72
3450.37
3583.81
3618.70
3565.43
3472.16
3384.94
3290.53
3222.64
3264.31
3383.32
3565.87
3811.78
3908.88
3824.64
3709.87
3559.06
3358.08
3152.90
2998.14
2887.46
2818.81
2785.61
2796.09
2840.71
2935.55
3031.03
3136.94
3205.34
3229.56
3204.55
3181.07
3159.89
3121.89
3157.40
3280.47
3518.31
3609.07
3514.11
3382.95
3212.90
3004.96
2811.05
2674.73
2598.51
2572.03
2589.25
2674.03
2872.35
3158.35
3328.85
3313.09
3238.41
3167.18
3104.07
3036.31
3015.94
3037.62
3103.94
3293.98
3595.97
3734.85
3655.25
3534.45
3336.54
3085.62
2874.21
2724.96
2648.44
2619.23
2624.06
2708.70
2934.60
3278.54
3501.41
3574.26
3617.14
3670.85
3679.13
3687.58
3700.97
3689.55
3696.58
3778.30
3920.54
3921.51
3806.39
3634.03
3391.44
3086.93
2823.12
2651.25
2556.27
2501.69
2499.20
2577.42
2819.34
3222.43
3409.74
3309.21
3179.34
3100.89
3049.21
3010.44
3003.98
3041.58
3132.55
3356.11
3661.23
3846.03
3795.36
3686.66
3479.49
3215.87
2981.70
2824.34
2754.88
2728.34
2749.26
2854.39
3109.30
3519.15
3694.30
3593.43
3453.97
3390.77
3373.04
3352.62
3358.66
3387.13
3419.64
3590.22
3858.42
3979.44
3926.67
3865.41
3674.42
3408.65
3182.31
3032.00
2964.35
2936.33
2955.66
3054.00
3311.13
3722.77
3892.89
3787.68
3629.03
3517.93
3419.88
3322.92
3288.17
3284.20
3341.69
3532.91
3786.74
3916.72
3844.87
3738.11
3576.58
3348.52
3122.98
2960.98
2864.39
2820.10
2801.96
2827.82
2934.34
3104.73
3226.39
3235.69
3170.48
3075.49
2980.39
2887.14
2816.41
2809.89
2876.19
3046.12
3294.98
3452.64
3393.97
3314.29
3199.69
3031.62
2856.81
2726.60
2653.66
2623.77
2616.96
2642.80
2723.82
2841.47
2932.52
2943.70
2885.04
2809.87
2749.65
2700.91
2656.58
2664.81
2760.15
2971.43
3267.17
3462.96
3422.81
3301.46
3105.22
2872.46
2672.20
2546.40
2490.27
2463.48
2485.49
2598.41
2873.25
3308.09
3470.50
3323.52
3155.74
3039.44
2957.54
2890.08
2885.72
2919.56
2980.42
3156.90
3409.93
3575.75
3500.24
3361.05
3133.73
2851.67
2601.73
2445.62
2361.08
2326.33
2324.83
2407.99
2658.96
3073.28
3287.19
3275.90
3269.42
3211.16
3109.15
3061.18
3145.48
3133.35
3154.81
3278.71
3495.17
3582.03
3498.15
3353.92
3121.74
2838.59
2579.87
2410.32
2322.31
2280.77
2278.09
2354.73
2594.85
3012.06
3248.77
3279.32
3295.54
3300.28
3305.64
3260.31
3211.31
3212.30
3246.08
3342.67
3525.41
3610.99
3527.40
3400.20
3185.49
2895.96
2648.46
2483.12
2401.08
2363.09
2362.33
2433.24
2653.93
3051.77
3293.83
3310.73
3204.01
3162.72
3180.98
3133.39
3091.56
3125.46
3176.45
3371.20
3664.40
3859.40
3809.74
3704.80
3496.95
3212.80
2976.71
2813.44
2736.08
2705.18
2712.70
2804.34
3051.18
3452.90
3601.58
3514.50
3406.38
3310.56
3232.63
3167.21
3158.47
3179.54
3232.77
3390.62
3613.67
3769.23
3705.48
3599.79
3435.99
3214.88
3004.14
2842.92
2748.57
2707.07
2702.99
2737.10
2843.47
2990.39
3120.64
3175.93
3135.41
3141.84
3201.35
3229.10
3155.88
3128.48
3219.06
3346.50
3573.83
3742.15
3695.59
3614.96
3490.32
3320.57
3132.99
2988.67
2900.12
2853.12
2837.06
2856.00
2921.74
3031.50
3101.30
3139.19
3135.43
3068.06
3016.09
2969.13
2926.60
2929.76
3015.01
3224.26
3506.95
3729.29
3693.08
3579.65
3387.90
3136.42
2917.86
2769.27
2687.15
2646.03
2650.02
2744.87
3024.91
3417.37
3527.32
3433.79
3360.42
3184.92
3059.12
2955.82
2914.60
2917.47
2976.45
3171.09
3457.04
3616.46
3535.25
3379.36
3133.05
2835.63
2578.56
2419.90
2331.24
2287.21
2284.68
2366.12
2606.15
3008.68
3143.42
3066.83
2933.03
2868.99
2903.15
2985.91
3015.73
3030.89
3076.74
3254.29
3447.94
3527.26
3443.37
3288.97
3050.13
2755.18
2516.73
2355.93
2280.46
2244.49
2252.51
2347.77
2599.66
3000.41
3184.45
3150.72
3121.65
3054.26
2933.37
2841.19
2836.78
2843.68
2907.75
3085.67
3325.78
3531.63
3491.18
3356.80
3136.38
2854.83
2607.17
2452.14
2380.11
2356.09
2376.82
2477.66
2733.61
3126.04
3252.03
3137.30
3009.91
2933.31
2863.92
2804.26
2748.58
2812.95
2896.17
3070.73
3314.31
3530.35
3495.35
3393.34
3197.61
2930.75
2692.01
2549.93
2478.78
2462.32
2479.47
2567.78
2818.56
3224.61
3352.82
3251.92
3175.96
3158.37
3214.97
3292.30
3323.98
3327.68
3333.42
3406.82
3546.51
3603.54
3517.21
3400.25
3234.12
3006.24
2785.44
2620.21
2526.38
2474.19
2459.34
2492.50
2602.25
2775.84
2944.06
3028.38
3010.98
2945.42
2869.53
2804.24
2732.08
2723.21
2799.41
2980.97
3222.90
3429.39
3349.81
3281.52
3158.22
2982.06
2800.70
2668.39
2626.56
2584.72
2540.83
2542.38
2585.50
2681.36
2791.21
2893.27
2961.95
2938.62
2883.97
2777.98
2654.20
2603.09
2607.07
2710.97
2896.99
3092.62
3282.78
3228.59
3049.96
2801.99
2560.66
2393.13
2311.94
2267.76
2270.54
2345.27
2584.31
3018.28
3268.23
3220.12
3053.97
2948.20
2859.53
2790.96
2750.79
2732.33
2739.66
2848.01
3010.91
3153.08
3298.42
3201.65
2984.11
2695.77
2429.24
2253.58
2149.02
2103.92
2102.88
2173.98
2414.12
2838.53
3099.88
3123.10
3053.35
3014.16
2950.60
2934.87
3047.86
3008.29
2915.00
2992.96
3144.71
3246.82
3337.63
3218.73
2988.03
2699.24
2435.03
2259.67
2163.79
2118.41
2113.31
2187.40
2423.15
2862.46
3124.48
3094.09
2974.68
2889.13
2854.16
2798.41
2840.24
2965.48
2925.85
2890.63
3084.38
3270.97
3389.08
3292.95
3079.94
2805.04
2556.25
2396.25
2313.38
2277.62
2293.91
2385.14
2624.03
3034.15
3285.80
3332.05
3326.49
3334.46
3324.41
3232.26
3183.46
3192.11
3152.89
3200.66
3317.78
3425.80
3508.25
3388.16
3197.83
2911.78
2663.04
2482.37
2380.24
2323.33
2310.44
2366.65
2557.65
2888.63
3161.16
3297.31
3359.61
3414.90
3419.53
3380.43
3282.24
3066.53
2934.36
2957.44
3037.52
3108.54
3225.13
3142.71
2974.38
2762.35
2553.03
2390.26
2294.53
2236.97
2227.91
2265.85
2370.72
2534.33
2689.88
2772.73
2782.84
2748.62
2687.99
2628.92
2644.97
2626.71
2621.01
2721.30
2936.98
3097.83
3186.99
3087.20
2933.70
2748.21
2553.11
2395.96
2297.17
2241.58
2221.66
2234.89
2292.72
2406.75
2529.99
2679.26
2758.19
2663.18
2630.20
2585.26
2539.88
2502.53
2522.65
2646.37
2847.48
3028.87
3209.98
3143.70
2985.34
2784.37
2589.16
2452.38
2391.46
2372.93
2399.81
2509.84
2747.32
3096.63
3345.91
3360.92
3274.80
3190.28
3101.91
3032.44
2981.81
2951.48
2955.24
3041.54
3263.90
3470.27
3589.36
3473.39
3263.41
3002.41
2763.41
2590.47
2485.81
2431.26
2430.86
2493.74
2683.65
2970.22
3218.02
3396.85
3496.64
3545.42
3496.38
3448.71
3448.72
3386.47
3201.69
3239.52
3328.48
3358.36
3438.62
3334.79
3129.87
2878.21
2655.67
2500.29
2419.00
2386.32
2399.48
2475.40
2669.76
2979.06
3192.62
3196.35
3079.15
2991.13
2913.72
2845.60
2806.10
2764.30
2757.13
2903.26
3124.30
3267.35
3366.14
3235.61
3037.75
2794.64
2572.72
2408.34
2316.00
2271.17
2276.31
2343.86
2528.02
2809.79
3084.17
3266.42
3352.42
3392.20
3373.83
3354.98
3321.68
3265.89
3222.87
3232.20
3341.29
3414.75
3434.21
3287.99
3067.49
2817.61
2585.30
2415.36
2315.89
2262.33
2247.76
2300.41
2463.28
2730.44
2956.67
3108.28
3155.21
3217.47
3246.42
3185.16
3173.52
3150.49
2960.19
2914.20
2987.72
3072.66
3185.80
3064.81
2866.03
2638.34
2417.80
2236.58
2121.72
2068.72
2057.24
2090.96
2182.95
2335.03
2474.65
2608.91
2672.50
2672.93
2585.71
2522.45
2448.93
2409.91
2417.14
2530.95
2753.34
2946.15
3112.39
3054.10
2911.35
2739.63
2564.49
2430.92
2348.53
2314.14
2315.30
2350.08
2427.04
2538.22
2645.08
2711.31
2715.83
2690.92
2670.50
2661.16
2603.42
2552.08
2564.76
2704.93
2932.84
3114.15
3309.85
3230.12
3067.67
2858.08
2655.96
2515.05
2436.27
2404.21
2405.99
2471.35
2646.01
2926.09
3172.02
3354.90
3461.49
3552.88
3630.57
3730.80
3769.02
3728.14
3665.20
3683.26
3790.38
3725.34
3674.83
3546.03
3322.95
3066.54
2825.37
2654.80
2553.09
2503.01
2493.58
2547.42
2706.99
2965.43
3161.81
3249.82
3191.20
3034.31
2966.07
2902.15
2903.49
2871.84
2838.01
2887.31
3040.24
3183.69
3331.02
3240.02
3049.37
2836.94
2629.12
2485.57
2411.44
2380.12
2377.38
2440.50
2605.62
2867.56
3091.32
3254.38
3345.34
3399.10
3415.10
3425.54
3412.18
3343.08
3240.86
3269.44
3410.40
3452.55
3474.23
3342.27
3136.41
2904.43
2695.33
2547.89
2470.44
2435.29
2438.86
2506.98
2674.23
2938.75
3111.77
3109.41
2998.79
2894.58
2810.76
2749.71
2683.69
2606.73
2590.09
2697.84
2904.09
3042.80
3168.68
3100.15
2906.97
2687.57
2479.62
2318.06
2223.27
2173.15
2156.55
2205.45
2349.65
2580.01
2792.70
2885.00
2797.38
2691.56
2639.84
2599.56
2553.53
2494.17
2483.35
2578.61
2753.82
2877.92
2999.95
2949.67
2771.24
2575.56
2384.88
2238.27
2151.90
2111.03
2107.99
2145.14
2232.07
2352.94
2464.41
2598.33
2734.47
2851.47
2901.52
2928.23
2893.73
2917.09
2926.41
3040.10
3189.03
3226.01
3183.90
3026.14
2855.99
2665.28
2483.06
2323.07
2218.99
2154.62
2125.53
2127.84
2168.93
2257.92
2372.13
2550.65
2743.81
2914.60
3072.13
3147.94
3155.91
3140.08
3135.28
3158.58
3235.16
3243.99
3194.02
3073.85
2873.82
2679.76
2481.34
2343.16
2261.22
2220.60
2219.12
2273.44
2433.42
2695.98
2937.30
3117.59
3167.81
3164.37
3164.99
3158.92
3120.12
3105.62
3096.83
3124.96
3265.96
3316.72
3315.86
3212.77
3008.15
2777.84
2567.93
2410.13
2319.78
2275.22
2276.54
2330.43
2479.71
2738.05
2951.53
3112.71
3118.45
3061.70
3018.01
2973.79
2946.60
2870.79
2817.08
2874.89
3057.52
3182.53
3268.38
3196.64
2998.75
2784.79
2578.45
2431.35
2343.89
2298.25
2297.08
2363.01
2530.67
2786.33
2963.81
2991.68
2894.05
2814.02
2762.08
2775.68
2719.69
2646.15
2624.21
2716.01
2961.84
3076.44
3188.08
3141.26
2957.16
2756.93
2546.75
2390.35
2312.32
2288.79
2294.70
2357.39
2510.21
2752.26
2946.96
3023.10
2977.13
2860.64
2798.16
2780.03
2791.22
2801.81
2853.85
2964.73
3092.80
3165.36
3223.01
3144.69
2985.20
2769.54
2563.18
2409.76
2312.82
2264.14
2251.53
2297.09
2442.96
2677.79
2887.24
3055.40
3138.81
3199.70
3197.04
3208.49
3190.21
3123.33
3076.44
3095.75
3163.49
3203.79
3211.19
3132.16
2950.37
2739.63
2527.32
2355.47
2251.79
2192.40
2160.03
2170.08
2234.10
2341.68
2450.23
2579.01
2663.45
2661.65
2631.65
2536.25
2425.15
2357.96
2375.09
2505.17
2719.67
2882.60
2963.24
2879.19
2717.18
2538.13
2357.83
2211.27
2110.52
2052.22
2028.20
2033.81
2079.95
2151.65
2240.10
2367.19
2484.99
2546.09
2569.61
2548.05
2507.10
2484.16
2484.30
2675.04
2885.88
2959.50
2960.91
2884.18
2717.12
2517.78
2330.30
2193.68
2114.88
2082.30
2071.76
2120.84
2280.06
2514.64
2696.06
2721.56
2656.93
2598.38
2563.55
2545.46
2505.56
2461.52
2457.92
2563.71
2774.90
2912.63
3017.68
2986.93
2794.62
2572.47
2359.12
2209.98
2124.00
2078.15
2069.05
2107.25
2254.46
2474.10
2649.02
2748.96
2734.32
2647.25
2580.28
2557.58
2517.92
2491.59
2513.61
2610.85
2802.85
2916.27
3006.57
2949.56
2759.23
2534.98
2324.17
2172.28
2082.64
2033.67
2023.88
2066.61
2206.19
2435.16
2679.14
2876.13
2972.26
3007.42
3041.83
3011.58
2920.85
2814.06
2813.40
2884.65
2953.23
2988.40
3051.37
3019.66
2835.54
2621.59
2417.09
2265.96
2178.37
2135.15
2126.06
2169.23
2310.37
2526.64
2738.95
2937.88
3079.90
3150.60
3220.19
3261.99
3268.02
3197.76
3126.50
3009.78
3036.23
3088.51
3149.21
3138.91
2961.96
2749.90
2539.96
2382.61
2288.24
2239.25
2228.76
2283.45
2412.65
2564.11
2656.84
2704.95
2740.62
2803.78
2783.89
2769.84
2721.16
2670.59
2717.75
2842.33
2999.67
3096.93
3164.85
3131.99
2962.89
2770.90
2569.81
2411.91
2315.34
2265.02
2237.74
2254.73
2331.36
2416.77
2466.04
2487.42
2483.27
2497.91
2542.78
2541.43
2474.56
2410.03
2411.94
2497.56
2673.85
2816.83
2929.71
2945.97
2804.92
2643.87
2476.16
2337.05
2250.40
2203.09
2196.99
2219.03
2286.96
2363.71
2408.45
2406.39
2413.61
2383.35
2373.38
2431.30
2478.50
2510.32
2495.75
2612.23
2661.40
2666.72
2758.48
2767.27
2621.01
2438.24
2254.09
2109.25
2019.22
1974.00
1960.21
1999.65
2132.81
2361.96
2602.76
2836.84
3009.35
3111.19
3174.40
3202.02
3176.02
3100.82
3040.47
3094.35
3153.17
3099.94
3032.15
2969.81
2791.63
2579.13
2369.83
2221.37
2134.98
2088.36
2081.28
2130.28
2287.95
2491.30
2643.28
2698.08
2674.30
2670.84
2670.46
2726.57
2749.40
2711.11
2626.52
2667.89
2841.61
2955.85
3064.06
3035.29
2840.87
2629.74
2419.75
2267.25
2180.41
2132.76
2118.03
2168.23
2320.74
2549.87
2790.23
2941.60
2923.92
2787.33
2682.70
2636.13
2604.28
2593.35
2608.15
2617.44
2809.17
2940.78
3038.13
3063.85
2905.56
2711.00
2519.72
2379.08
2292.04
2237.13
2216.67
2254.54
2393.70
2615.45
2824.31
2909.49
2844.35
2833.39
2836.92
2834.27
2785.41
2727.60
2698.36
2793.47
2966.79
3056.56
3149.32
3176.12
3005.94
2804.64
2600.30
2456.15
2373.09
2344.51
2352.10
2404.54
2561.93
2758.79
2882.44
2882.50
2826.27
2761.64
2719.96
2688.42
2662.80
2712.89
2770.12
2825.84
2958.32
3035.41
3109.45
3074.31
2908.28
2732.95
2531.38
2380.92
2288.03
2237.74
2218.66
2233.75
2300.62
2404.05
2529.41
2725.28
2889.83
2985.01
3069.53
3115.17
3084.93
3027.95
2971.72
2978.94
3105.52
3149.63
3143.87
3105.39
2946.46
2786.47
2603.44
2462.61
2370.95
2318.40
2303.68
2317.02
2377.05
2426.42
2446.17
2454.20
2405.44
2381.68
2355.37
2315.52
2257.57
2208.66
2240.42
2424.30
2691.23
2826.75
2899.70
2874.19
2701.83
2496.24
2302.83
2159.16
2073.34
2031.67
2029.36
2079.93
2230.16
2448.14
2667.99
2827.68
2882.43
2888.51
2941.71
2943.60
2797.36
2650.03
2597.50
2707.54
2865.40
2932.71
2981.88
3017.72
2852.41
2650.00
2459.55
2313.36
2233.18
2198.50
2202.52
2257.11
2405.24
2607.54
2810.60
2987.13
3103.19
3144.94
3141.50
3254.86
3247.34
3186.44
3243.72
3248.99
3203.62
3155.76
3192.83
3173.48
3022.24
2815.11
2615.72
2476.72
2398.32
2362.54
2369.27
2427.47
2585.88
2800.98
2949.61
2981.55
2993.44
2989.58
2987.73
2972.27
2916.02
2828.59
2763.58
2801.98
2977.22
3091.14
3171.23
3222.19
3065.54
2853.57
2640.96
2494.82
2422.68
2390.59
2400.57
2467.12
2625.97
2813.12
2950.54
2998.12
3041.78
3152.08
3065.62
3171.76
3111.42
2985.53
3016.21
3091.68
3161.24
3171.20
3186.69
3152.75
3020.59
2799.22
2575.36
2413.01
2319.54
2278.13
2271.69
2314.13
2444.54
2651.31
2889.17
3088.96
3198.26
3213.66
3239.05
3255.91
3186.90
3096.43
3017.02
3056.88
3103.10
3117.37
3120.27
3102.20
2943.64
2750.61
2549.55
2395.75
2302.13
2252.13
2238.72
2264.47
2335.37
2407.86
2460.11
2486.94
2452.48
2362.85
2307.62
2259.44
2191.19
2168.42
2243.37
2344.29
2521.95
2652.42
2757.84
2789.64
2639.52
2466.61
2289.33
2154.39
2057.93
2005.68
1986.75
1991.09
2035.19
2092.87
2210.88
2394.48
2567.44
2699.57
2816.39
2920.38
2947.82
2946.34
2975.64
3042.29
3138.29
3148.06
3122.07
3036.97
2857.62
2656.43
2464.12
2314.75
2232.14
2191.94
2186.62
2239.41
2394.18
2618.74
2852.34
3042.95
3118.53
3148.37
3168.50
3161.03
3118.80
3064.21
3048.19
3124.32
3234.48
3249.68
3227.88
3158.14
3006.72
2783.33
2567.28
2407.68
2312.64
2262.57
2249.58
2297.61
2440.34
2639.89
2806.08
2843.79
2789.51
2775.52
2715.61
2622.13
2567.68
2533.15
2516.91
2602.82
2759.84
2866.26
2916.81
2967.69
2811.67
2596.95
2390.68
2243.87
2159.02
2120.52
2120.80
2167.66
2310.36
2510.64
2687.04
2704.49
2668.45
2702.04
2789.47
2907.00
2928.73
2878.47
2852.24
2936.44
3097.01
3141.83
3118.22
3046.70
2862.61
2640.04
2429.42
2275.78
2183.46
2135.78
2123.61
2169.28
2314.40
2535.78
2786.77
3016.36
3166.82
3253.02
3273.41
3281.88
3208.67
3097.66
3015.33
3046.09
3125.06
3146.90
3108.77
3032.75
2846.44
2625.84
2412.03
2248.12
2147.94
2084.67
2060.60
2084.93
2201.70
2391.32
2608.99
2771.69
2812.96
2857.55
2902.52
2852.50
2807.30
2756.20
2688.44
2685.22
2781.89
2837.90
2839.57
2862.97
2715.28
2522.40
2326.87
2163.98
2049.87
1990.13
1961.67
1972.90
2025.59
2094.01
2141.55
2174.08
2194.55
2189.66
2181.88
2161.37
2125.03
2110.57
2217.78
2369.22
2520.97
2639.14
2648.70
2719.81
2580.45
2414.23
2222.85
2077.69
1970.69
1900.60
1867.20
1859.18
1890.36
1931.53
2002.16
2111.16
2175.87
2238.36
2191.62
2197.71
2208.40
2194.25
2247.70
2390.87
2592.37
2729.84
2775.56
2846.11
2684.66
2475.09
2251.16
2087.20
1988.43
1929.42
1903.20
1921.93
2040.20
2209.42
2395.59
2473.01
2486.45
2501.96
2613.66
2834.63
2810.83
2644.08
2647.43
2752.11
2836.87
2856.26
2848.72
2876.54
2715.16
2494.53
2278.83
2117.43
2036.58
1984.19
1981.45
2021.08
2156.81
2346.10
2511.44
2577.52
2526.62
2468.82
2471.75
2461.93
2437.87
2429.99
2423.00
2504.68
2689.20
2797.96
2834.49
2887.77
2749.56
2530.22
2317.92
2168.07
2098.50
2056.06
2048.06
2097.37
2222.40
2426.42
2635.13
2756.78
2817.69
2775.18
2750.80
2825.06
2841.82
2870.97
2855.26
2948.89
3087.41
3103.17
3065.63
3015.85
2836.91
2619.81
2404.26
2249.90
2167.16
2116.28
2104.36
2153.55
2289.20
2477.51
2620.17
2645.51
2579.56
2569.18
2635.27
2662.37
2602.76
2546.84
2489.10
2552.85
2724.20
2816.74
2852.01
2902.69
2757.87
2547.15
2331.66
2166.57
2074.78
2015.91
2008.99
2050.48
2173.34
2354.63
2535.45
2676.34
2740.29
2731.33
2769.52
2845.09
2932.80
2965.51
2921.79
2962.80
3084.92
3105.10
3072.35
3006.90
2844.80
2649.89
2447.77
2311.74
2243.11
2212.57
2201.33
2224.89
2300.70
2391.50
2481.57
2552.07
2568.91
2570.32
2579.49
2609.59
2593.43
2571.35
2579.38
2666.23
2845.89
2972.87
3023.97
3084.11
2961.02
2776.98
2596.71
2440.52
2346.77
2288.85
2271.07
2279.05
2312.58
2358.74
2378.61
2390.09
2405.96
2412.48
2392.54
2358.56
2311.66
2224.77
2222.38
2341.25
2488.16
2592.06
2666.96
2745.99
2640.51
2461.96
2273.60
2131.93
2057.47
2021.95
2024.73
2086.97
2220.50
2415.81
2574.42
2665.57
2780.81
2923.97
2994.37
2953.34
2885.39
2797.81
2759.68
2799.39
2900.77
2937.10
2952.54
2966.61
2815.87
2607.92
2399.41
2256.41
2177.75
2134.47
2130.97
2185.15
2325.17
2525.89
2668.78
2725.11
2693.94
2655.04
2639.73
2600.65
2558.63
2505.27
2493.45
2594.55
2783.10
2890.09
2924.65
2969.43
2838.01
2615.88
2411.18
2269.63
2192.62
2161.10
2163.34
2222.09
2369.74
2572.93
2711.15
2735.96
2677.64
2616.16
2595.94
2574.27
2534.36
2483.55
2467.90
2559.64
2743.47
2862.84
2897.05
2933.54
2804.10
2587.22
2375.49
2230.98
2153.21
2121.30
2128.09
2190.94
2328.72
2525.51
2649.30
2675.60
2628.70
2588.62
2562.99
2568.12
2545.52
2539.68
2501.18
2583.67
2764.05
2857.20
2881.74
2914.33
2760.13
2537.48
2321.24
2157.84
2058.88
2004.28
1989.25
2017.63
2126.79
2298.27
2514.94
2653.76
2670.89
2645.13
2652.26
2700.00
2772.35
2843.48
2908.81
2999.11
3094.66
3101.28
3072.53
3088.07
2988.99
2771.21
2545.48
2364.85
2241.23
2157.07
2103.33
2080.46
2084.90
2118.11
2197.19
2292.70
2377.37
2398.09
2418.51
2430.84
2429.10
2453.52
2546.60
2662.96
2803.59
2899.87
2898.28
2906.96
2778.10
2571.42
2344.97
2167.12
2049.17
1970.88
1929.88
1912.34
1923.07
1945.65
2012.92
2143.46
2227.19
2254.52
2279.90
2296.27
2326.56
2345.52
2408.18
2524.36
2689.11
2781.36
2803.53
2829.24
2686.09
2471.31
2257.79
2099.11
2004.21
1951.02
1929.06
1967.39
2089.06
2252.20
2500.11
2691.54
2703.40
2714.81
2770.51
2840.03
2925.64
2886.47
2855.25
2876.26
2963.57
2950.54
2933.00
2957.96
2800.07
2563.81
2317.72
2147.69
2052.20
1987.39
1968.30
1996.84
2094.57
2279.26
2453.45
2543.00
2541.86
2541.69
2557.64
2571.69
2562.80
2538.97
2565.19
2666.35
2816.82
2889.89
2891.21
2904.80
2756.08
2523.65
2293.25
2132.27
2036.35
1985.86
1980.00
2018.27
2121.09
2307.59
2483.63
2565.50
2556.37
2541.44
2548.34
2560.72
2559.73
2545.39
2572.86
2686.28
2838.50
2923.02
2916.38
2927.53
2794.71
2565.06
2334.34
2169.45
2081.72
2035.19
2030.59
2076.39
2195.11
2388.02
2540.72
2613.73
2612.72
2585.30
2585.52
2574.85
2588.69
2577.01
2598.62
2698.67
2857.70
2934.04
2923.75
2952.98
2836.51
2597.91
2362.12
2190.19
2087.63
2024.13
2005.29
2041.11
2124.03
2297.38
2488.42
2609.81
2658.18
2702.06
2793.42
2814.50
2834.15
2825.49
2865.35
2965.69
3091.97
3080.97
3043.62
3058.48
2986.89
2773.18
2551.80
2370.51
2243.66
2161.07
2114.94
2100.31
2119.92
2177.91
2300.12
2487.10
2683.40
2798.38
2913.38
3005.66
2984.65
2905.71
2824.56
2798.45
2834.91
2830.45
2781.60
2774.02
2664.29
2473.97
2278.68
2119.15
2010.88
1948.26
1911.92
1911.71
1921.80
1961.24
2047.46
2135.09
2180.45
2207.53
2232.81
2237.58
2218.74
2225.29
2295.68
2422.11
2589.78
2667.65
2670.17
2706.14
2645.50
2476.12
2280.06
2119.47
2019.63
1957.96
1928.50
1934.44
1969.15
2019.06
2121.43
2284.18
2440.93
2572.57
2651.15
2662.34
2606.45
2531.37
2538.99
2641.05
2772.44
2830.55
2841.58
2877.71
2776.77
2562.78
2345.78
2179.23
2077.02
2020.30
1999.69
2032.92
2147.04
2359.02
2599.09
2811.70
2865.84
2900.68
2914.42
2954.08
3024.39
3092.48
3185.41
3317.45
3479.29
3477.18
3407.81
3354.01
3248.47
2953.38
2655.44
2436.05
2293.03
2202.92
2153.68
2174.24
2271.38
2456.58
2694.63
2867.13
2939.32
2978.33
3047.38
3168.60
3257.02
3372.88
3440.58
3536.21
3630.47
3597.13
3508.30
3520.51
3351.84
3079.49
2753.41
2549.85
2407.40
2317.97
2274.46
2289.05
2388.75
2595.68
2862.27
3059.58
3200.43
3304.66
3390.12
3460.88
3516.50
3537.29
3527.54
3557.79
3624.58
3581.84
3538.91
3474.98
3315.51
3059.51
2791.28
2587.42
2430.42
2334.55
2290.10
2300.09
2400.07
2608.20
2875.40
3099.68
3248.54
3361.99
3439.20
3512.23
3582.97
3610.60
3563.44
3613.35
3698.37
3643.91
3563.63
3540.51
3353.52
3101.99
2824.76
2628.43
2447.67
2361.92
2281.48
2257.35
2276.85
2332.73
2475.85
2686.78
2804.98
2886.80
2941.63
2984.67
3014.63
3078.33
3185.07
3343.33
3501.20
3519.90
3401.32
3323.07
3196.50
2957.87
2687.36
2456.61
2280.27
2162.50
2082.96
2039.19
1999.76
2024.68
2086.67
2177.54
2259.18
2304.41
2352.25
2382.58
2382.50
2406.85
2508.11
2625.61
2758.94
2820.09
2800.64
2791.28
2702.42
2480.64
2264.12
2099.58
1999.86
1947.95
1931.38
1973.06
2073.72
2287.19
2486.95
2588.71
2618.58
2704.58
2795.21
2837.98
2840.03
2761.65
2752.65
2819.81
2987.82
3042.81
2962.19
2921.96
2802.67
2578.08
2346.55
2178.86
2073.51
2018.70
1996.16
2030.54
2118.69
2312.41
2526.44
2706.02
2777.06
2842.76
2974.33
3048.99
2914.85
2923.62
2878.21
2885.99
2990.79
3041.75
3044.81
3031.00
2885.10
2657.07
2424.01
2251.83
2144.06
2078.05
2053.43
2082.82
2184.19
2380.29
2613.36
2804.52
2896.13
2995.42
3173.47
3412.51
3422.96
3381.76
3333.13
3489.99
3677.57
3718.84
3655.63
3637.51
3436.36
3138.73
2826.29
2583.27
2425.54
2314.73
2258.74
2260.55
2342.44
2560.91
2847.19
3090.79
3255.48
3409.12
3548.16
3680.21
3841.55
3975.75
4083.92
4210.07
4292.93
4176.99
4045.72
3969.58
3787.54
3471.05
3139.38
2878.26
2706.24
2583.94
2515.46
2511.37
2607.71
2801.40
3064.79
3305.24
3433.60
3523.63
3586.74
3647.58
3704.45
3743.33
3749.37
3800.03
3870.31
3860.18
3779.60
3706.03
3563.30
3311.82
3044.35
2785.64
2618.51
2510.12
2446.11
2414.97
2440.31
2506.97
2661.73
2878.06
3114.76
3328.66
3543.36
3788.01
3977.02
4129.57
4176.20
4095.79
4112.83
4072.33
3894.53
3698.95
3502.79
3179.16
2855.81
2585.51
2382.49
2246.64
2155.75
2103.89
2064.41
2092.69
2181.05
2309.46
2423.62
2527.06
2626.14
2708.39
2733.73
2748.82
2802.23
2909.01
3055.09
3089.55
3022.24
3011.16
2920.42
2692.43
2433.49
2238.33
2114.55
2036.53
2003.72
2032.52
2118.93
2325.37
2572.59
2732.11
2811.60
2873.73
2939.57
3011.06
3082.70
3169.94
3280.21
3438.76
3620.45
3634.74
3510.31
3406.47
3263.33
2967.76
2663.33
2424.15
2277.40
2180.69
2140.88
2156.41
2241.93
2444.29
2708.56
2915.54
3035.81
3177.00
3360.05
3509.79
3639.11
3817.79
4009.52
4241.41
4393.65
4360.15
4181.30
4062.44
3896.54
3552.60
3184.37
2898.84
2701.97
2555.43
2467.05
2452.07
2512.80
2711.16
2970.38
3182.02
3339.36
3484.51
3687.14
3896.37
4073.42
4227.46
4328.05
4401.90
4422.32
4338.57
4198.40
4071.51
3889.69
3566.43
3234.42
2993.01
2825.96
2710.18
2643.39
2651.68
2765.39
2984.34
3263.78
3487.91
3634.25
3747.33
3818.80
3826.15
3904.35
3947.98
3879.63
3850.56
3836.95
3787.25
3687.10
3635.13
3510.96
3258.98
2980.00
2759.01
2603.93
2510.79
2456.58
2460.78
2551.89
2758.53
3033.47
3276.67
3435.05
3582.65
3721.98
3829.12
3936.41
4048.88
4138.10
4216.69
4216.83
4154.03
3961.87
3792.21
3637.59
3327.42
2999.08
2708.46
2484.89
2327.37
2221.88
2159.49
2135.71
2196.08
2308.53
2437.56
2534.04
2592.47
2651.05
2697.08
2723.62
2770.43
2860.06
2995.05
3131.95
3156.39
3055.79
2951.86
2857.26
2645.87
2415.97
2224.10
2087.83
2000.58
1948.99
1929.73
1909.10
1944.56
2019.11
2130.71
2243.69
2332.17
2413.98
2510.94
2577.66
2619.04
2697.93
2851.61
3025.34
3083.03
3034.11
2999.20
2916.18
2688.88
2436.25
2243.22
2125.57
2050.64
2017.85
2046.92
2142.48
2350.13
2584.34
2745.03
2826.71
2905.66
2993.07
3097.04
3209.89
3227.35
3248.44
3291.51
3401.24
3417.54
3324.04
3244.24
3128.64
2858.32
2574.32
2358.76
2222.03
2137.74
2096.41
2113.32
2193.56
2397.18
2632.63
2808.75
2897.38
2976.27
3043.79
3106.63
3191.24
3271.21
3371.82
3520.79
3672.38
3682.15
3561.57
3432.47
3300.99
3010.52
2701.87
2463.92
2306.71
2204.70
2143.91
2162.34
2244.88
2446.83
2691.45
2885.68
3001.98
3088.10
3199.63
3315.49
3427.82
3568.55
3702.89
3881.70
4044.82
4026.09
3860.29
3732.90
3591.62
3296.28
2991.46
2750.39
2597.66
2487.12
2429.52
2434.39
2536.67
2752.50
3009.46
3201.88
3343.16
3474.99
3656.64
3871.17
4060.54
4202.42
4282.04
4340.24
4405.50
4364.59
4201.41
4075.84
3927.36
3593.53
3239.59
2958.63
2777.16
2668.37
2604.74
2601.64
2712.66
2933.31
3198.98
3453.09
3673.26
3873.00
4044.67
4186.16
4338.59
4449.30
4529.33
4588.12
4652.27
4528.94
4333.78
4148.26
3970.28
3648.30
3304.51
3007.37
2793.31
2647.22
2548.03
2502.89
2488.51
2575.98
2803.17
3090.02
3383.06
3670.89
3945.14
4135.79
4282.42
4419.07
4557.91
4674.91
4743.24
4689.40
4475.47
4278.20
4100.77
3777.93
3441.45
3136.75
2898.99
2732.52
2616.37
2544.94
2494.34
2543.33
2741.69
3045.41
3372.56
3676.58
3941.10
4176.88
4338.32
4473.76
4622.70
4768.43
4894.04
4859.27
4705.42
4548.05
4389.33
4001.31
3627.55
3307.63
3077.99
2916.08
2813.79
2800.58
2878.50
3127.13
3497.67
3858.32
4182.84
4519.02
4830.86
5082.98
5288.91
5437.58
5534.92
5589.96
5635.59
5500.94
5264.85
4991.83
4708.46
4246.14
3793.79
3435.52
3185.01
3006.34
2891.01
2859.04
2933.31
3174.88
3519.45
3844.84
4103.45
4397.97
4673.97
4900.87
5104.61
5234.05
5294.99
5332.21
5386.61
5256.07
5020.65
4799.50
4553.80
4137.28
3736.78
3433.57
3235.04
3106.19
3030.77
3043.71
3160.88
3411.67
3724.89
4022.72
4262.67
4499.76
4644.10
4770.54
4915.00
5021.22
5110.04
5197.61
5252.10
5145.47
4862.14
4564.42
4298.06
3866.24
3451.42
3113.57
2880.31
2721.41
2632.87
2618.08
2691.17
2889.53
3165.99
3424.72
3632.92
3780.11
3929.81
4037.89
4216.40
4400.36
4578.64
4702.11
4754.20
4703.62
4488.88
4265.80
4068.80
3710.49
3326.78
3023.26
2813.28
2666.55
2573.65
2552.10
2617.49
2833.46
3160.34
3433.47
3645.13
3854.88
4063.44
4226.70
4421.33
4557.65
4629.49
4670.46
4674.61
4646.77
4419.45
4207.62
4032.37
3694.98
3323.94
3004.76
2776.21
2619.20
2508.25
2449.61
2418.23
2508.91
2687.59
2934.00
3187.41
3453.32
3680.76
3819.48
3817.15
3747.47
3658.25
3642.29
3669.05
3644.96
3573.77
3509.94
3424.80
3206.16
2955.99
2726.49
2560.26
2446.95
2373.14
2338.58
2317.05
2372.71
2545.72
2805.14
3102.41
3409.83
3748.85
4039.26
4229.46
4407.74
4527.00
4517.50
4421.81
4251.13
4080.08
3953.51
3829.61
3545.64
3227.63
2961.69
2784.10
2665.16
2598.70
2613.33
2717.88
2963.85
3283.64
3538.30
3733.59
3860.32
4047.57
4240.85
4397.13
4486.40
4498.18
4355.03
4274.03
4115.31
3943.79
3816.80
3667.69
3375.60
3058.55
2818.83
2665.18
2562.77
2510.11
2518.94
2628.07
2857.74
3136.65
3364.02
3514.57
3628.43
3709.07
3780.14
3810.24
3769.35
3723.39
3785.44
3957.74
3934.72
3798.55
3691.79
3560.99
3280.85
2979.63
2733.14
2576.80
2471.83
2420.39
2436.34
2531.91
2752.48
3026.94
3272.71
3451.57
3633.12
3782.86
3991.34
4138.76
4199.68
4234.65
4268.88
4289.51
4230.45
4045.71
3912.59
3698.04
3381.51
3051.04
2792.63
2608.80
2491.65
2423.07
2421.56
2501.16
2723.65
3024.16
3290.93
3511.97
3744.43
4004.45
4260.44
4525.40
4761.13
4996.11
5175.07
5309.24
5261.26
5002.11
4778.60
4516.53
4101.55
3695.44
3379.90
3159.38
3009.84
2914.00
2881.81
2908.18
3033.55
3236.09
3476.05
3739.44
4001.65
4286.10
4399.93
4540.46
4647.43
4589.74
4524.96
4417.52
4235.82
4027.42
3854.96
3685.24
3418.67
3124.99
2868.12
2678.95
2548.33
2459.89
2424.31
2413.41
2460.28
2609.96
2820.79
3043.98
3266.54
3455.25
3636.14
3784.12
3925.87
4087.57
4219.40
4282.58
4259.81
4087.73
3911.70
3756.64
3555.63
3293.05
3030.14
2831.33
2682.97
2591.82
2541.87
2524.42
2564.35
2699.83
2896.33
3145.86
3444.45
3759.31
4036.41
4252.53
4438.72
4632.53
4840.12
5000.93
4969.70
4787.30
4624.63
4451.60
4083.09
3694.15
3366.47
3126.85
2973.34
2867.40
2851.40
2912.66
3136.67
3477.95
3778.17
4108.89
4412.44
4698.79
4935.34
5156.23
5314.09
5418.82
5452.94
5352.80
5086.30
4760.58
4509.36
4256.20
3872.20
3484.82
3177.10
2968.33
2828.69
2744.84
2742.47
2850.51
3058.82
3311.87
3511.29
3632.07
3746.06
3833.36
3901.02
3960.10
3969.73
3925.84
3936.32
3975.56
3945.26
3842.46
3775.88
3648.00
3398.86
3122.85
2910.17
2770.61
2689.00
2647.28
2687.28
2837.39
3104.47
3449.51
3753.24
3982.78
4193.50
4437.33
4664.33
4927.38
4951.93
4719.66
4559.24
4593.29
4589.04
4453.93
4328.75
4176.97
3849.55
3499.23
3225.67
3058.53
2950.63
2889.51
2908.51
3039.33
3295.88
3629.00
3932.59
4206.04
4544.23
4889.65
5166.03
5425.21
5558.69
5644.40
5655.32
5695.54
5576.17
5360.66
5102.75
4815.69
4391.00
3944.54
3582.00
3335.15
3193.77
3121.24
3130.21
3242.07
3466.43
3755.20
4010.37
4222.41
4404.03
4580.31
4722.11
4740.26
4660.42
4576.17
4574.05
4562.64
4502.59
4388.34
4296.65
4141.33
3866.97
3572.56
3313.28
3134.53
3016.43
2942.36
2917.61
2937.75
3032.80
3279.02
3597.58
3919.87
4185.87
4399.32
4515.97
4674.71
4866.10
4975.91
5005.76
4945.40
4868.57
4692.96
4553.83
4357.49
4041.89
3717.28
3435.51
3219.95
3060.78
2936.74
2850.11
2794.22
2836.66
3030.14
3304.73
3585.12
3879.20
4156.93
4368.63
4468.09
4608.03
4788.53
4976.91
5149.73
5140.61
4931.73
4731.54
4528.90
4150.90
3757.05
3448.57
3239.65
3095.97
3010.24
3009.88
3120.26
3349.09
3650.27
3955.36
4239.55
4551.26
4841.20
5068.97
5225.25
5297.99
5398.61
5513.51
5595.50
5492.64
5204.68
4920.10
4624.79
4179.99
3752.04
3406.32
3177.55
3015.69
2912.71
2891.97
2971.44
3191.92
3518.83
3783.77
3997.40
4222.20
4441.48
4665.54
4841.80
4889.47
4926.54
5088.57
5137.97
5000.04
4727.87
4488.40
4247.26
3857.86
3474.01
3177.62
2967.75
2821.03
2737.15
2737.18
2845.22
3063.03
3345.39
3581.66
3731.64
3848.24
3967.88
4084.94
4187.58
4276.09
4380.76
4512.99
4619.92
4562.02
4350.07
4191.29
4011.01
3669.65
3323.80
3051.31
2862.85
2732.19
2652.70
2650.05
2751.67
2957.37
3214.47
3390.78
3527.60
3664.94
3808.18
3942.03
4087.31
4218.05
4297.86
4359.25
4383.46
4267.91
4022.78
3868.28
3703.29
3388.02
3076.54
2817.91
2651.26
2546.04
2501.26
2521.92
2652.17
2877.38
3138.92
3371.95
3531.16
3660.74
3743.59
3765.62
3799.61
3803.74
3824.40
3898.04
4079.82
4180.77
4123.55
4043.60
3939.66
3664.21
3356.72
3099.60
2914.91
2791.34
2709.67
2681.14
2682.97
2757.24
2966.35
3277.48
3608.15
3923.56
4216.82
4455.76
4648.24
4818.27
4996.20
5153.65
5254.57
5183.11
4917.28
4682.31
4463.35
4108.99
3742.15
3429.48
3196.32
3018.17
2890.73
2812.13
2775.28
2815.23
3045.81
3404.93
3822.97
4252.73
4667.53
5008.53
5257.22
5445.08
5575.92
5703.61
5798.85
5677.43
5436.63
5254.70
5018.60
4609.82
4212.89
3903.28
3676.85
3530.85
3450.36
3459.70
3591.29
3835.43
4168.62
4438.67
4711.95
5032.21
5370.10
5699.65
5952.94
6080.74
6097.52
6122.36
6209.08
6079.71
5874.21
5587.20
5257.26
4746.80
4242.89
3837.45
3547.92
3332.60
3193.07
3146.95
3209.54
3416.83
3725.76
4044.88
4351.08
4669.26
4965.14
5242.65
5493.45
5662.03
5770.23
5898.08
5964.66
5860.51
5595.43
5351.01
5038.54
4562.51
4108.39
3749.99
3506.65
3335.83
3239.54
3226.31
3353.89
3570.47
3844.77
4088.58
4357.73
4658.75
4912.67
5133.63
5406.08
5628.44
5793.95
5934.81
5931.29
5712.96
5505.95
5265.23
4884.60
4440.14
4011.37
3677.64
3450.80
3300.74
3216.26
3216.25
3342.25
3579.45
3885.91
4165.41
4428.04
4787.95
5076.32
5257.50
5351.84
5527.04
5715.62
5801.47
5782.96
5634.80
5425.37
5205.34
4852.88
4357.08
3925.97
3587.08
3346.89
3187.96
3100.96
3090.82
3203.18
3408.52
3677.64
3912.63
4066.08
4196.30
4409.23
4571.70
4708.86
4780.82
4871.37
4931.27
4952.04
4847.91
4682.88
4526.37
4330.21
3981.11
3616.34
3301.64
3074.29
2907.45
2799.73
2740.09
2735.63
2802.31
3030.60
3357.64
3709.91
4043.36
4377.91
4657.45
4822.41
4974.38
5110.54
5232.63
5324.10
5182.62
5027.86
4872.87
4680.86
4346.29
4002.38
3706.20
3477.58
3304.12
3182.24
3099.84
3056.74
3072.79
3271.27
3622.43
3999.73
4372.26
4680.20
4931.17
5109.39
5274.02
5435.88
5568.40
5650.61
5570.89
5319.11
5134.76
4874.56
4439.94
4012.52
3668.52
3423.45
3257.89
3152.53
3131.08
3219.03
3431.69
3798.43
4194.28
4547.23
4900.75
5238.59
5553.24
5846.27
6028.23
6147.56
6171.36
6266.36
6188.41
6001.44
5794.13
5486.71
5034.47
4617.77
4273.11
4022.72
3839.86
3722.48
3665.31
3730.79
3962.99
4353.44
4763.15
5128.12
5482.20
5788.75
6033.77
6216.31
6303.07
6252.54
6183.09
6176.15
6066.46
5785.81
5555.79
5229.59
4723.59
4241.82
3858.33
3571.10
3364.90
3221.35
3163.41
3228.49
3406.65
3714.82
4021.87
4327.11
4652.65
4951.97
5208.38
5416.76
5578.87
5678.51
5819.62
5895.56
5798.73
5543.01
5336.47
5060.09
4629.54
4206.40
3886.13
3663.34
3491.98
3375.43
3355.46
3463.24
3662.18
3974.39
4286.99
4583.16
4893.61
5138.95
5352.54
5556.19
5735.23
5791.10
5674.58
5485.63
5300.17
5116.42
4991.55
4721.29
4335.00
3949.49
3643.36
3419.13
3256.61
3149.26
3117.23
3215.18
3404.87
3626.70
3832.98
3956.71
4092.03
4212.17
4320.01
4455.74
4604.29
4785.07
4963.47
5085.05
5031.05
4802.98
4588.48
4369.00
4010.40
3634.20
3322.44
3082.16
2911.34
2788.33
2733.49
2726.87
2792.20
2998.61
3271.48
3562.27
3855.87
4156.66
4436.21
4654.87
4825.17
4971.82
5127.18
5181.31
5094.61
4857.09
4700.36
4494.70
4199.27
3849.56
3557.71
3335.36
3178.09
3080.29
3028.43
3030.85
3062.70
3209.05
3472.90
3745.83
3994.88
4185.85
4321.37
4396.69
4427.06
4510.50
4656.78
4796.66
4814.69
4737.92
4712.37
4567.74
4276.01
3963.77
3722.74
3559.08
3446.35
3369.67
3366.97
3470.29
3674.26
3986.40
4241.36
4462.52
4673.63
4893.00
5106.24
5327.11
5508.98
5664.19
5725.58
5794.35
5665.21
5449.44
5285.04
5002.50
4546.56
4084.50
3723.03
3489.23
3318.76
3207.75
3199.74
3322.52
3551.14
3823.85
4118.10
4342.90
4559.84
4756.12
4849.02
4819.00
4257.53
3483.32
2884.58
2705.25
2583.28
2531.13
2519.92
2465.70
2295.76
2137.09
2012.97
1937.85
1884.99
1860.25
1876.75
1958.31
2117.99
2338.74
2553.21
2735.67
2945.84
3123.44
3258.48
3353.83
3437.02
3500.09
3542.47
3560.87
3489.11
3347.72
3245.27
3066.10
2789.63
2529.22
2328.14
2194.77
2086.25
2014.12
2001.05
2074.78
2202.20
2396.75
2591.86
2740.19
2884.53
2993.57
3077.11
3160.37
3193.16
3291.34
3379.50
3492.38
3485.86
3367.66
3311.60
3167.88
2925.14
2686.44
2491.03
2354.21
2265.92
2224.10
2231.77
2336.14
2480.52
2659.07
2823.97
2911.71
3001.17
3107.43
3239.81
3379.68
3521.03
3602.11
3686.34
3718.10
3654.47
3531.50
3499.27
3366.78
3127.17
2881.55
2672.59
2530.05
2421.50
2352.64
2325.53
2350.78
2412.94
2548.73
2767.12
3002.43
3219.37
3435.71
3612.96
3788.36
3943.98
4071.19
4203.66
4299.45
4276.59
4122.13
4041.12
3870.29
3601.21
3302.15
3058.58
2867.35
2731.92
2647.85
2606.00
2600.53
2617.43
2743.39
2963.63
3226.30
3564.27
3937.58
4212.09
4409.08
4576.95
4728.96
4876.25
4965.22
4895.09
4714.73
4628.29
4405.79
4045.25
3657.84
3387.55
3183.61
3035.04
2939.69
2936.14
3054.88
3269.82
3611.34
3986.15
4293.20
4655.08
5009.48
5315.70
5537.65
5714.79
5849.68
5896.37
5948.73
5774.37
5556.91
5379.36
5009.18
4583.65
4158.88
3832.19
3599.29
3430.92
3321.85
3297.94
3406.00
3593.50
3927.05
4300.03
4640.69
5009.89
5363.91
5601.74
5763.63
5864.08
5912.06
5901.87
5908.10
5757.67
5563.74
5415.11
5094.10
4692.97
4312.92
4019.94
3813.51
3658.90
3557.48
3527.06
3622.91
3817.57
4109.33
4405.94
4698.82
4994.28
5286.73
5583.78
5850.79
5943.26
5982.05
6026.88
6024.24
5901.44
5703.29
5514.12
5147.88
4687.06
4254.00
3896.48
3643.59
3460.17
3320.91
3271.08
3363.69
3545.07
3797.15
4048.78
4267.36
4512.99
4765.79
4910.84
4904.95
4887.28
4889.73
4889.65
4881.04
4799.02
4660.86
4605.16
4366.54
4017.39
3647.48
3339.86
3124.34
2977.87
2887.57
2875.73
2974.45
3154.78
3403.99
3656.30
3895.90
4165.62
4462.52
4741.87
4968.35
5094.65
5150.50
5194.64
5177.14
5005.94
4749.30
4580.76
4282.59
3879.81
3505.53
3192.97
2970.48
2803.62
2692.13
2642.27
2665.23
2700.19
2851.87
3046.10
3240.83
3468.80
3643.04
3774.65
3864.63
3884.01
3873.19
3877.23
3895.51
3827.82
3717.49
3669.99
3502.99
3268.51
3042.43
2845.01
2694.90
2595.95
2531.43
2501.49
2514.20
2550.71
2645.52
2815.21
2997.18
3161.49
3254.71
3312.88
3314.80
3288.49
3293.30
3320.24
3349.49
3313.95
3275.95
3264.58
3120.11
2910.06
2700.27
2520.23
2405.64
2336.48
2307.11
2343.45
2479.73
2684.25
2942.11
3155.60
3285.23
3416.00
3540.19
3707.57
3914.24
4118.64
4267.09
4355.52
4361.73
4227.15
4094.51
3990.90
3753.88
3466.10
3189.99
2952.50
2794.46
2685.56
2617.85
2613.08
2718.49
2908.18
3163.16
3396.91
3544.31
3697.63
3861.60
4047.79
4204.22
4348.53
4469.32
4603.05
4647.68
4533.98
4279.27
4157.90
3860.60
3484.63
3141.70
2871.67
2683.40
2555.22
2472.28
2466.57
2574.53
2745.87
2995.06
3185.29
3306.09
3451.74
3633.64
3683.49
3630.67
3537.26
3550.97
3661.03
3828.91
3840.39
3713.43
3657.55
3450.72
3167.63
2880.74
2645.46
2484.72
2369.40
2315.47
2324.15
2431.88
2621.35
2847.03
3030.53
3141.92
3253.95
3369.98
3495.59
3626.13
3733.47
3860.18
4014.42
4136.82
4041.85
3857.57
3764.76
3527.62
3217.15
2929.31
2695.76
2541.93
2435.56
2378.83
2395.15
2514.37
2705.87
2958.19
3189.25
3353.54
3545.92
3761.23
3989.63
4239.00
4443.11
4601.02
4753.65
4795.58
4656.10
4459.90
4347.42
4100.16
3788.42
3469.40
3199.34
3010.03
2855.56
2767.63
2722.95
2744.04
2792.01
2941.05
3199.34
3459.38
3740.73
4054.82
4315.21
4589.88
4773.20
4917.27
5010.36
4992.12
4865.49
4662.57
4535.03
4255.29
3919.84
3582.97
3292.23
3082.14
2898.58
2782.55
2714.55
2698.04
2704.76
2834.98
3112.10
3440.13
3807.59
4182.43
4524.04
4771.14
4938.55
5091.36
5216.38
5276.85
5153.09
4920.75
4802.42
4479.10
4091.14
3721.97
3448.24
3261.06
3142.22
3088.74
3115.79
3275.02
3527.27
3807.70
4111.45
4416.41
4757.13
5080.50
5377.00
5592.49
5647.30
5652.23
5648.66
5673.53
5539.08
5315.88
5121.18
4794.15
4375.24
3976.97
3653.06
3415.60
3237.37
3130.46
3102.05
3210.03
3404.06
3697.07
4003.11
4309.99
4523.89
4730.03
4952.72
5225.26
5449.39
5602.96
5671.95
5596.37
5292.85
5011.43
4785.36
4395.89
3960.92
3545.75
3208.84
2983.97
2807.61
2685.88
2642.83
2736.07
2899.34
3107.53
3228.19
3280.82
3322.21
3392.16
3438.26
3534.20
3622.60
3726.60
3864.82
3940.48
3834.72
3715.40
3632.80
3375.76
3070.51
2793.65
2580.24
2451.01
2378.62
2347.86
2384.28
2524.77
2772.75
3028.92
3197.87
3297.47
3420.64
3481.82
3593.76
3959.32
4346.53
4561.71
4360.59
4236.82
4115.70
4005.52
3855.84
3641.63
3369.99
3100.35
2883.46
2725.08
2619.46
2565.07
2572.75
2693.52
2902.10
3176.64
3434.92
3631.64
3775.30
3958.72
4049.06
4165.30
4298.85
4455.43
4590.06
4624.85
4484.55
4344.84
4242.27
4006.14
3707.79
3393.59
3140.37
2958.99
2834.43
2761.69
2744.59
2789.68
2885.58
3026.12
3266.49
3528.09
3695.26
3802.38
3877.08
3918.42
3927.29
3986.16
4172.89
4306.03
4327.75
4253.60
4166.71
3949.10
3622.27
3324.56
3045.68
2806.64
2618.56
2496.23
2427.97
2417.74
2432.34
2546.09
2722.07
2892.28
2996.25
3101.04
3194.04
3248.04
3291.41
3391.74
3534.95
3662.54
3624.97
3510.40
3435.46
3200.43
2922.66
2649.77
2444.41
2312.01
2222.53
2177.03
2208.69
2346.82
2568.39
2791.45
2928.42
3026.35
3129.34
3210.84
3320.35
3433.44
3489.14
3527.31
3596.07
3678.50
3686.63
3648.19
3572.05
3343.25
3064.89
2793.91
2594.99
2469.05
2369.16
2332.33
2359.57
2506.33
2752.66
3000.07
3171.74
3301.92
3425.10
3539.84
3643.50
3745.94
3822.93
3891.74
3992.49
4065.53
3983.60
3908.14
3813.08
3550.36
3239.79
2949.84
2731.68
2595.48
2505.93
2465.09
2501.01
2667.87
2946.79
3209.75
3415.26
3559.71
3672.44
3751.23
3804.08
3831.05
3827.95
3843.85
3907.24
4002.25
4022.99
4043.08
3989.87
3790.03
3527.42
3261.09
3060.63
2942.96
2855.30
2821.39
2852.17
2986.86
3207.48
3450.52
3579.08
3774.49
3888.72
4059.39
4216.45
4376.10
4543.67
4639.24
4686.53
4645.35
4478.44
4439.07
4324.55
4047.38
3701.14
3370.49
3119.42
2962.61
2843.82
2781.64
2771.32
2892.03
3095.54
3352.92
3605.75
3814.94
4022.33
4231.41
4400.04
4548.13
4643.41
4692.01
4687.34
4658.53
4444.40
4195.00
3972.65
3653.97
3323.84
3000.07
2736.16
2563.03
2429.74
2350.96
2309.93
2326.87
2374.76
2480.54
2644.95
2763.47
2838.66
2926.04
3012.96
3093.56
3198.38
3352.38
3489.58
3591.99
3536.18
3430.55
3331.49
3153.56
2942.43
2725.34
2541.61
2403.46
2297.83
2243.08
2218.04
2231.73
2268.06
2369.76
2532.22
2672.05
2805.18
2973.35
3103.45
3241.74
3387.32
3548.91
3668.63
3743.17
3669.64
3658.44
3575.76
3367.45
3151.68
2910.91
2707.92
2563.42
2461.49
2401.00
2392.98
2433.03
2478.39
2576.69
2792.07
3005.29
3156.71
3315.74
3444.65
3561.43
3661.30
3778.40
3873.20
3922.85
3847.27
3858.40
3774.44
3511.46
3209.70
2927.64
2706.08
2571.51
2471.44
2437.56
2472.25
2651.95
2960.80
3244.66
3433.30
3570.82
3695.57
3844.10
4023.94
4261.52
4464.05
4627.94
4708.52
4747.94
4576.84
4497.90
4317.52
3961.80
3567.72
3222.82
2956.36
2787.02
2673.39
2620.37
2652.69
2815.84
3098.78
3349.06
3527.19
3629.20
3756.49
3948.27
4110.47
4217.37
4318.22
4345.26
4361.95
4398.27
4345.26
4371.49
4193.68
3910.11
3601.99
3286.40
3050.10
2898.03
2797.44
2751.34
2787.41
2963.20
3288.32
3588.66
3808.18
3943.57
4049.76
4159.33
4266.90
4434.37
4619.28
4658.16
4687.89
4707.08
4610.26
4580.66
4412.33
4139.99
3795.72
3473.09
3212.58
3035.47
2894.94
2814.87
2804.79
2930.59
3178.43
3386.31
3534.88
3627.88
3676.42
3711.78
3739.33
3772.60
3824.20
3832.71
3843.42
3838.18
3722.78
3623.02
3470.74
3224.63
2953.41
2686.87
2472.90
2329.52
2226.64
2161.36
2140.82
2173.58
2252.68
2365.07
2491.88
2575.36
2630.02
2663.11
2694.24
2728.55
2801.93
2903.21
3033.18
3150.58
3147.90
3141.33
3026.03
2842.95
2632.19
2427.88
2265.57
2160.96
2087.44
2051.72
2042.68
2072.48
2138.08
2223.08
2386.67
2527.76
2624.46
2741.84
2867.37
2970.07
3030.08
3103.03
3223.71
3365.37
3397.00
3454.27
3391.98
3208.98
2983.56
2766.41
2613.93
2518.48
2437.76
2408.55
2450.70
2616.40
2910.47
3133.55
3259.41
3292.48
3299.35
3351.57
3417.96
3473.80
3489.59
3545.11
3613.92
3649.97
3578.18
3533.55
3337.46
3052.93
2749.48
2474.85
2292.06
2174.33
2091.71
2066.42
2105.68
2251.12
2528.19
2736.61
2825.29
2812.42
2788.93
2790.13
2799.88
2834.90
2881.07
2945.41
3052.73
3165.33
3208.93
3243.36
3091.05
2851.61
2584.85
2348.53
2190.93
2100.77
2046.30
2021.71
2073.75
2230.25
2517.77
2745.36
2860.65
2878.58
2905.13
2943.76
2961.69
2991.90
3038.59
3093.63
3184.48
3284.10
3317.92
3363.43
3231.44
2997.26
2728.26
2481.34
2316.34
2221.95
2156.88
2136.48
2171.63
2329.03
2614.48
2848.55
2987.38
3057.15
3102.11
3128.58
3204.91
3312.63
3340.19
3365.55
3419.69
3485.45
3512.74
3549.80
3412.14
3179.73
2899.07
2635.92
2446.35
2325.96
2235.86
2199.75
2219.26
2356.84
2629.14
2848.20
2974.96
3037.60
3053.84
3073.89
3105.68
3084.02
2996.72
3005.42
3094.39
3152.60
3135.09
3141.83
3003.17
2810.62
2581.20
2357.60
2186.33
2076.38
1997.30
1973.71
1981.07
2042.43
2153.54
2278.40
2384.39
2415.25
2399.44
2370.66
2353.01
2330.52
2333.43
2405.81
2557.20
2729.20
2812.29
2868.66
2768.42
2619.70
2439.93
2255.75
2110.87
2027.95
1956.96
1939.45
1940.87
1983.71
2073.01
2176.97
2308.42
2386.66
2400.77
2378.57
2393.18
2384.42
2375.88
2438.42
2604.08
2806.76
2914.93
2983.07
2861.62
2663.64
2436.82
2230.31
2097.33
2030.26
1984.36
1991.46
2058.11
2242.77
2569.30
2821.95
2899.07
2858.93
2814.78
2782.28
2754.91
2743.35
2751.88
2791.22
2912.60
3091.21
3176.44
3229.65
3061.57
2818.69
2552.84
2329.69
2181.86
2110.06
2065.25
2067.87
2124.74
2308.36
2636.58
2894.52
2945.92
2894.88
2851.33
2806.94
2784.82
2793.24
2800.20
2841.66
2961.09
3095.69
3157.67
3204.69
3048.57
2814.75
2547.71
2309.00
2163.58
2088.18
2026.45
2012.27
2059.08
2233.71
2529.77
2754.62
2838.81
2826.03
2828.06
2849.96
2863.70
2915.05
2990.98
3090.81
3218.67
3337.91
3380.54
3408.48
3244.94
2997.79
2702.44
2445.07
2262.41
2150.93
2075.94
2058.57
2081.26
2243.20
2533.02
2751.14
2861.23
2920.83
3002.26
3053.73
3101.46
3127.62
3186.44
3252.13
3304.64
3380.61
3423.05
3448.88
3288.23
3037.86
2757.43
2497.30
2309.56
2191.57
2124.03
2094.37
2125.37
2267.35
2543.16
2758.00
2877.00
2939.44
2999.23
3081.33
3148.20
3240.42
3319.22
3370.11
3432.21
3460.15
3440.13
3435.60
3273.46
3053.45
2816.41
2576.35
2381.60
2245.59
2169.59
2129.16
2131.03
2186.08
2301.12
2436.32
2618.69
2761.21
2778.57
2821.39
2868.64
2954.74
3016.15
3036.48
3128.53
3205.17
3256.33
3292.48
3169.16
3015.98
2834.12
2642.86
2476.94
2358.18
2282.39
2236.20
2221.38
2249.56
2325.61
2443.67
2645.38
2828.02
2955.07
3055.83
3142.39
3217.03
3289.34
3366.71
3492.31
3638.84
3714.67
3750.37
3622.02
3420.17
3174.89
2936.33
2759.25
2643.55
2563.54
2522.84
2564.06
2726.45
3000.28
3232.39
3415.52
3535.37
3589.04
3659.49
3729.58
3797.67
3858.81
3895.23
3958.11
4019.39
3983.88
3965.26
3754.85
3477.80
3174.77
2882.68
2668.66
2536.41
2449.88
2405.41
2435.15
2602.61
2917.15
3172.65
3341.52
3427.02
3494.67
3609.08
3701.55
3742.61
3743.04
3739.90
3789.05
3882.59
3940.82
3888.14
3721.96
3452.79
3218.28
3021.40
2809.37
2677.01
2594.88
2569.20
2633.98
2770.77
2986.04
3170.45
3289.83
3309.46
3291.37
3300.06
3197.04
3172.86
3189.99
3231.51
3315.14
3403.65
3413.74
3399.29
3217.62
2981.64
2720.97
2471.32
2294.06
2187.21
2122.08
2098.16
2131.10
2285.82
2392.97
2508.90
2600.96
2632.92
2958.12
2992.85
3073.98
3074.07
3114.73
3178.11
3228.32
3313.84
3368.06
3365.48
3202.15
2968.91
2751.01
2505.41
2334.40
2227.28
2161.86
2115.10
2149.41
2302.77
2591.03
2860.43
3029.15
3118.90
3175.20
3214.67
3203.94
3069.64
2895.28
2867.73
2942.19
3057.28
3124.85
3136.68
2991.21
2808.65
2582.26
2372.63
2217.82
2113.06
2048.95
2019.77
2028.50
2098.62
2238.10
2374.41
2486.51
2514.25
2495.16
2473.80
2510.89
2510.05
2495.40
2541.54
2649.68
2790.35
2906.49
2924.46
2801.77
2651.85
2470.32
2289.41
2147.22
2050.39
1997.76
1971.95
1977.83
2030.67
2127.05
2239.64
2340.99
2399.08
2408.38
2396.35
2402.92
2410.05
2443.59
2543.21
2710.03
2887.91
3019.74
3044.70
2899.92
2696.82
2466.72
2259.53
2127.75
2052.06
2011.77
2004.78
2068.82
2242.37
2567.58
2846.26
2978.70
3001.73
2952.21
2941.87
2966.32
2992.31
3003.07
3023.36
3115.60
3239.61
3344.59
3323.80
3143.17
2901.87
2634.27
2396.79
2232.06
2136.18
2078.53
2069.03
2117.31
2286.73
2603.59
2848.40
2969.24
3026.99
3026.53
3042.96
3069.20
3062.16
3003.06
3003.82
3092.43
3223.64
3326.91
3311.56
3135.66
2909.26
2646.29
2409.98
2248.69
2158.47
2105.64
2083.76
2138.02
2305.12
2609.18
2856.85
2945.98
2930.54
2942.47
2952.65
3118.99
3210.02
3216.67
3194.99
3245.56
3282.87
3336.26
3244.49
3083.17
2843.43
2610.30
2396.22
2223.27
2122.13
2068.37
2053.42
2100.73
2273.08
2582.92
2818.06
2868.98
2833.04
2778.07
2773.48
2755.42
2760.72
2778.30
2825.24
2941.87
3110.40
3235.67
3241.18
3081.52
2859.86
2608.06
2374.95
2217.87
2127.17
2083.50
2072.31
2125.99
2302.89
2618.11
2864.86
2924.59
2870.99
2811.48
2774.35
2760.62
2770.09
2770.21
2798.44
2902.31
3025.90
3147.45
3129.16
2987.77
2806.49
2593.87
2380.60
2220.75
2122.58
2055.40
2027.43
2034.29
2100.44
2234.83
2377.31
2497.18
2537.72
2545.07
2537.21
2537.08
2550.01
2578.76
2665.11
2794.34
2917.65
3039.55
3017.77
2898.84
2753.99
2579.60
2401.93
2253.33
2147.30
2073.26
2034.26
2016.83
2044.19
2118.94
2200.28
2325.89
2390.74
2425.91
2453.74
2473.99
2470.11
2522.12
2617.87
2721.34
2865.59
3017.08
2972.19
2836.38
2651.91
2446.59
2259.93
2115.20
2027.37
1984.37
1969.72
2019.77
2162.73
2415.66
2679.83
2900.94
3040.84
3113.33
3124.58
3135.50
3081.58
3044.91
3037.19
3123.53
3274.21
3335.69
3243.91
3104.69
2861.85
2610.07
2377.95
2221.36
2130.98
2082.52
2081.13
2133.32
2304.24
2619.91
2909.26
3068.74
3139.02
3167.67
3240.12
3269.60
3248.30
3201.24
3163.74
3200.16
3309.40
3372.41
3281.69
3137.49
2899.48
2642.76
2402.03
2239.05
2144.57
2088.47
2076.23
2131.34
2315.04
2644.54
2895.64
2950.61
2893.04
2837.32
2811.12
2796.05
2806.94
2830.98
2888.72
3014.77
3155.85
3309.10
3267.22
3090.69
2871.37
2608.11
2373.18
2215.94
2121.63
2069.85
2057.85
2115.13
2295.79
2621.96
2871.70
2934.88
2913.29
2894.22
2883.22
2869.62
2877.16
2904.00
2957.03
3053.45
3175.20
3317.48
3295.08
3137.07
2923.44
2678.19
2448.86
2291.54
2193.80
2139.26
2121.38
2170.04
2339.97
2654.44
2931.84
3082.53
3153.51
3211.79
3260.56
3263.63
3245.42
3204.28
3167.08
3179.76
3250.86
3292.60
3186.04
3022.85
2832.55
2617.18
2415.30
2258.66
2161.22
2098.58
2074.45
2087.07
2159.50
2303.53
2465.63
2585.13
2608.93
2571.88
2516.51
2469.01
2432.86
2432.47
2501.93
2650.66
2840.51
3015.77
3004.78
2896.72
2758.50
2589.55
2417.42
2286.85
2192.72
2145.12
2124.62
2138.41
2197.08
2309.50
2444.30
2562.37
2580.68
2558.02
2524.03
2505.94
2490.48
2509.05
2576.66
2739.05
2949.89
3139.67
3097.16
2957.75
2762.07
2539.95
2329.11
2189.87
2118.14
2079.39
2082.18
2138.94
2333.46
2683.04
2963.67
3027.16
2989.06
2970.97
2940.78
3002.34
3059.77
3011.72
3012.85
3083.09
3245.20
3397.06
3306.51
3123.86
2884.47
2619.33
2378.02
2217.83
2127.17
2081.91
2069.13
2120.85
2303.16
2631.23
2918.16
3062.97
3096.34
3099.60
3118.99
3149.33
3130.91
3106.90
3118.97
3172.03
3294.39
3394.16
3304.24
3156.49
2922.83
2651.28
2418.59
2253.40
2155.48
2101.89
2077.60
2126.95
2303.05
2615.84
2905.98
3045.62
3095.18
3136.13
3164.53
3130.83
3116.26
3124.91
3190.02
3256.69
3377.76
3465.04
3375.91
3251.30
3021.40
2763.68
2520.06
2347.86
2243.38
2177.87
2155.55
2191.39
2359.65
2683.24
2965.61
3091.29
3120.60
3122.86
3117.72
3123.24
3174.18
3246.51
3308.98
3388.95
3480.11
3568.68
3489.22
3363.98
3105.57
2859.98
2637.40
2429.69
2307.37
2232.25
2200.65
2230.18
2386.86
2691.94
2970.51
3130.55
3210.29
3260.91
3270.88
3253.68
3213.86
3174.68
3150.78
3178.28
3269.66
3353.34
3247.45
3090.65
2901.76
2685.01
2468.75
2294.79
2175.79
2101.98
2069.77
2072.45
2137.96
2268.38
2432.68
2617.30
2782.05
2869.01
2919.38
2946.76
2938.85
2883.42
2821.81
2823.43
2922.55
3047.43
2965.42
2833.80
2683.42
2507.93
2329.85
2181.99
2081.21
2020.18
1996.65
2003.82
2064.82
2170.13
2303.47
2439.47
2541.81
2587.36
2648.21
2607.83
2571.77
2630.93
2655.54
2819.30
3043.59
3197.66
3124.18
2980.83
2779.74
2550.99
2345.12
2193.75
2117.70
2074.16
2069.58
2133.24
2319.87
2654.54
2974.56
3136.17
3220.34
3262.63
3300.68
3295.63
3251.14
3172.08
3158.74
3236.74
3396.57
3452.69
3357.37
3186.34
2947.10
2675.42
2437.62
2268.90
2174.17
2123.52
2106.71
2155.59
2336.02
2669.09
2953.30
3096.89
3111.49
3062.38
3028.30
2905.09
2840.93
2889.19
2970.96
3072.10
3272.28
3406.16
3299.79
3128.53
2904.55
2635.38
2412.66
2252.82
2154.65
2105.76
2087.23
2155.15
2326.19
2643.39
2963.94
3141.43
3230.18
3299.87
3322.65
3328.95
3237.23
3161.39
3150.77
3203.18
3367.38
3478.05
3368.17
3188.97
2970.34
2709.15
2468.15
2306.11
2207.09
2152.75
2141.62
2194.34
2371.80
2703.14
3008.29
3171.14
3268.74
3329.40
3379.95
3386.95
3377.41
3353.58
3341.89
3408.40
3540.30
3546.17
3461.50
3292.41
3057.58
2806.19
2570.85
2397.85
2299.09
2247.94
2239.69
2309.30
2496.01
2828.21
3165.38
3380.82
3515.08
3589.47
3624.91
3629.27
3588.92
3498.95
3422.52
3438.41
3537.60
3650.79
3578.59
3439.27
3265.96
3044.36
2833.25
2664.55
2565.04
2514.06
2493.58
2514.77
2609.87
2768.68
2956.67
3115.01
3154.19
3110.93
3017.04
2906.50
2812.65
2769.73
2802.48
2953.07
3147.19
3300.07
3241.39
3153.92
3020.14
2858.60
2681.44
2529.69
2386.56
2320.96
2315.34
2337.12
2408.43
2523.45
2645.92
2760.78
2820.16
2823.86
2876.89
3009.94
3119.68
3122.54
3177.43
3331.87
3434.81
3325.33
3158.32
2994.36
2790.94
2580.97
2409.71
2302.44
2253.15
2243.81
2270.04
2366.12
2605.09
2959.49
3192.94
3257.96
3227.33
3211.59
3202.20
3161.94
3144.31
3182.64
3313.66
3549.83
3823.83
3772.43
3660.29
3485.65
3237.88
2973.55
2748.43
2596.97
2509.59
2462.43
2459.19
2533.43
2746.06
3009.56
3225.38
3335.98
3301.96
3162.88
3050.73
3011.59
3065.30
3188.16
3280.34
3452.08
3690.98
3697.88
3573.89
3409.46
3199.40
2967.17
2759.82
2601.77
2515.20
2468.79
2463.32
2539.77
2758.89
3086.91
3273.51
3234.25
3119.70
3030.55
2984.35
2965.74
2972.90
3014.15
3095.52
3278.22
3566.27
3513.20
3365.08
3183.94
2947.42
2688.98
2470.34
2320.53
2246.81
2212.15
2210.46
2283.90
2491.71
2796.66
2985.07
2989.49
2916.21
2867.07
2856.02
2863.14
2905.86
2961.15
3039.74
3215.65
3470.41
3413.85
3275.46
3115.19
2886.23
2644.92
2422.52
2274.50
2185.39
2138.63
2136.39
2199.02
2390.62
2693.49
2920.15
3025.22
2971.98
2879.69
2862.20
2874.29
2911.39
2967.54
3024.01
3141.82
3355.70
3291.22
3156.12
3006.41
2819.35
2607.40
2395.00
2249.72
2152.56
2099.70
2076.66
2097.89
2198.75
2347.16
2470.02
2544.09
2571.12
2572.52
2573.10
2570.56
2606.21
2658.82
2745.36
2905.59
3138.71
3072.89
2947.09
2788.51
2646.76
2477.08
2297.20
2172.49
2084.43
2034.82
2018.04
2038.06
2106.01
2212.88
2316.75
2393.04
2439.60
2467.58
2504.99
2545.75
2590.27
2660.59
2780.97
2980.43
3237.87
3165.74
3025.09
2870.84
2673.95
2460.21
2275.86
2165.04
2098.92
2067.38
2076.16
2147.99
2365.68
2702.03
2927.32
2952.88
2904.46
2887.69
2902.93
2931.56
2982.16
3052.09
3120.06
3259.49
3497.04
3386.17
3257.71
3068.97
2844.27
2596.38
2379.66
2237.76
2155.68
2119.27
2116.06
2178.75
2381.96
2694.73
2914.76
2946.11
2916.23
2907.07
2936.32
2967.39
3030.63
3098.07
3168.75
3293.81
3502.97
3425.89
3274.54
3114.74
2882.05
2636.47
2418.79
2263.53
2170.32
2118.04
2102.81
2152.71
2323.27
2605.59
2866.84
3035.66
3122.82
3184.35
3255.66
3278.19
3314.39
3308.79
3322.03
3460.14
3581.32
3501.98
3352.38
3170.88
2948.45
2695.94
2476.50
2322.78
2229.50
2175.90
2157.78
2200.70
2350.55
2607.36
2867.47
3025.72
3119.18
3181.02
3178.31
3211.40
3243.46
3204.12
3207.89
3367.84
3526.30
3451.32
3306.22
3131.50
2909.02
2653.45
2434.40
2280.29
2196.62
2147.94
2141.50
2205.23
2392.10
2711.17
2982.64
3162.55
3243.38
3320.63
3353.19
3343.87
3343.76
3300.32
3278.42
3372.79
3547.94
3483.49
3344.36
3192.76
3005.60
2785.60
2580.88
2428.53
2334.27
2281.07
2268.06
2297.07
2395.79
2544.47
2670.91
2719.09
2708.16
2722.51
2746.17
2744.78
2722.69
2733.80
2851.98
3103.05
3368.02
3328.40
3220.39
3099.22
2959.44
2780.81
2615.09
2487.94
2412.25
2373.75
2362.42
2394.84
2473.37
2588.30
2672.74
2773.15
2890.81
2896.36
2933.32
2988.38
3053.71
3075.03
3164.20
3378.48
3493.94
3393.82
3226.84
3044.62
2788.57
2516.72
2325.09
2193.10
2130.58
2112.34
2116.36
2190.48
2399.80
2740.21
2975.71
2992.86
2923.92
2899.79
2954.00
3057.87
3075.56
3063.90
3124.17
3394.11
3636.59
3603.92
3470.89
3310.25
3095.09
2846.29
2620.92
2483.27
2409.91
2384.10
2389.46
2466.60
2683.51
3023.07
3245.56
3272.23
3292.55
3333.87
3312.43
3317.15
3335.85
3323.57
3373.60
3575.65
3816.37
3763.46
3626.76
3461.78
3230.80
2973.21
2749.95
2597.19
2525.86
2499.48
2510.63
2588.39
2810.42
3159.79
3405.92
3424.58
3337.55
3285.96
3276.02
3271.44
3300.96
3372.35
3512.58
3792.95
4038.49
3993.43
3907.62
3751.04
3519.53
3253.99
3022.85
2876.98
2802.42
2765.92
2765.19
2830.64
3043.14
3373.42
3591.31
3577.58
3461.15
3361.26
3315.50
3314.03
3411.28
3398.34
3477.86
3693.37
3897.39
3823.39
3679.82
3501.95
3247.90
2973.73
2717.81
2540.97
2442.76
2382.79
2373.83
2439.03
2630.22
2940.92
3140.90
3138.53
3050.23
2979.17
2936.66
2916.94
2935.89
2974.33
3045.79
3245.55
3465.60
3404.49
3278.47
3132.70
2949.95
2730.75
2522.10
2360.96
2276.44
2223.32
2212.68
2241.15
2349.38
2511.64
2642.73
2710.04
2710.51
2679.62
2710.16
2707.82
2763.03
2765.61
2853.20
3085.27
3294.14
3224.31
3101.91
2969.81
2809.12
2623.87
2442.09
2314.09
2236.44
2195.40
2190.46
2223.85
2302.99
2448.55
2579.43
2728.39
2889.81
3011.47
3121.22
3220.46
3238.33
3243.30
3295.14
3487.91
3600.99
3499.26
3339.09
3170.10
2949.29
2709.54
2492.41
2338.83
2248.00
2200.84
2197.06
2254.77
2431.06
2741.27
3038.98
3232.87
3317.64
3385.30
3385.88
3286.96
3159.13
3161.61
3255.75
3520.36
3798.63
3745.27
3611.31
3452.41
3232.11
2972.66
2734.57
2578.87
2502.11
2459.91
2466.10
2547.93
2756.16
3072.60
3303.20
3318.99
3215.76
3145.50
3100.86
3081.10
3104.64
3168.97
3276.15
3542.77
3809.97
3782.96
3676.72
3529.13
3323.55
3066.95
2815.34
2638.70
2536.19
2480.51
2461.62
2519.49
2696.46
2991.72
3228.16
3332.76
3334.62
3305.20
3268.93
3229.15
3347.39
3375.47
3397.23
3556.64
3681.23
3599.81
3463.85
3307.47
3099.47
2846.83
2598.60
2402.20
2276.11
2199.89
2165.35
2181.33
2259.64
2390.18
2582.47
2865.00
3131.54
3323.49
3432.45
3465.83
3354.27
3155.05
3054.61
3053.74
3058.79
2939.38
2844.91
2757.72
2646.88
2495.51
2340.16
2203.33
2124.08
2078.75
2068.42
2109.52
2218.07
2380.94
2538.10
2698.61
2788.54
2804.16
2820.14
2883.09
2900.72
2901.52
2965.45
3161.70
3297.93
3236.28
3124.75
2993.00
2828.51
2628.17
2440.32
2277.71
2178.42
2121.91
2099.52
2124.48
2206.26
2341.71
2491.86
2635.76
2698.83
2718.89
2720.56
2753.68
2836.72
2872.94
2946.74
3147.53
3362.57
3328.12
3238.48
3123.07
2976.72
2791.82
2606.57
2466.45
2386.16
2338.76
2330.46
2357.32
2428.22
2552.62
2669.95
2740.67
2733.07
2717.40
2703.29
2710.06
2714.34
2779.91
2914.80
3257.75
3525.55
3486.52
3387.51
3246.93
3043.74
2797.02
2580.34
2435.66
2358.62
2324.65
2327.09
2402.78
2602.75
2918.76
3199.48
3369.55
3457.15
3532.52
3566.07
3629.41
3637.59
3581.77
3525.12
3625.50
3730.10
3638.67
3463.57
3277.81
3035.29
2751.31
2502.65
2320.34
2228.45
2170.43
2150.88
2202.95
2370.98
2677.50
2938.66
3078.32
3107.90
3042.72
3026.79
3049.26
3043.35
3083.34
3182.64
3470.16
3718.25
3684.07
3554.18
3401.67
3189.84
2924.51
2688.64
2528.23
2446.67
2410.99
2412.34
2493.14
2696.73
3028.41
3299.92
3415.11
3383.00
3358.67
3438.81
3547.93
3560.65
3581.96
3581.39
3783.88
3986.76
3928.17
3789.66
3620.10
3383.35
3099.05
2844.71
2678.84
2596.70
2559.93
2561.03
2644.38
2851.58
3183.63
3432.17
3443.37
3335.93
3229.36
3170.74
3141.31
3146.11
3186.25
3301.03
3613.47
3871.93
3833.65
3700.17
3527.59
3280.74
2995.53
2729.60
2543.59
2441.33
2389.32
2375.13
2447.49
2638.45
2943.84
3195.32
3316.14
3280.82
3214.02
3131.03
3131.78
3212.86
3284.70
3351.32
3559.04
3696.05
3631.64
3503.48
3354.88
3151.86
2906.06
2659.48
2475.41
2356.37
2287.05
2263.81
2282.94
2387.46
2545.45
2756.96
3012.28
3249.64
3430.01
3543.04
3618.88
3616.08
3576.72
3543.36
3697.80
3846.85
3760.77
3617.27
3469.41
3296.71
3066.56
2841.76
2672.64
2563.71
2507.62
2489.63
2509.05
2586.23
2719.88
2863.13
3007.50
3082.69
3073.60
3042.17
3047.66
3065.48
3137.10
3293.97
3640.63
3925.48
3882.60
3770.80
3620.91
3413.76
3147.69
2909.91
2753.83
2672.06
2637.88
2656.20
2739.01
2957.72
3311.78
3594.00
3687.82
3678.32
3551.12
3478.74
3528.02
3482.98
3469.46
3554.77
3862.88
4125.84
4080.93
4000.20
3841.19
3599.70
3292.67
3019.64
2843.14
2749.22
2710.68
2715.68
2786.48
2993.37
3332.29
3625.73
3774.25
3815.72
3825.95
3817.35
3775.73
3788.48
3803.66
3853.79
4092.40
4284.08
4213.64
4117.33
3943.89
3691.14
3392.51
3120.75
2958.36
2875.94
2846.28
2845.80
2908.16
3107.90
3425.11
3687.40
3785.38
3797.29
3788.00
3736.22
3725.50
3721.06
3742.80
3783.10
3999.97
4180.83
4158.85
4012.74
3828.82
3567.48
3250.03
2957.44
2767.65
2667.03
2609.78
2598.09
2661.65
2860.87
3190.45
3445.69
3494.89
3432.83
3366.21
3282.92
3220.21
3230.04
3270.54
3372.07
3669.00
3965.71
3944.23
3835.95
3700.16
3480.91
3208.45
2942.76
2778.78
2692.60
2661.04
2669.33
2747.33
2961.28
3294.84
3539.89
3588.17
3488.05
3378.20
3287.66
3257.16
3261.35
3310.56
3372.84
3607.78
3821.85
3768.60
3653.43
3519.17
3326.08
3078.41
2833.91
2653.68
2543.37
2482.06
2463.66
2495.01
2602.20
2768.50
2932.73
3118.18
3293.26
3411.09
3476.65
3507.12
3474.55
3444.52
3469.73
3625.11
3729.88
3647.23
3506.47
3356.86
3176.95
2944.13
2714.00
2521.46
2397.49
2323.74
2290.20
2298.09
2359.60
2476.63
2610.15
2730.87
2781.98
2761.05
2798.30
2871.60
2885.04
2879.62
2993.54
3346.19
3584.13
3529.91
3417.80
3288.48
3093.96
2850.42
2620.57
2476.07
2411.94
2389.30
2400.58
2476.17
2690.46
3034.12
3376.48
3567.82
3665.87
3727.18
3747.11
3774.01
3785.05
3776.73
3801.21
3989.08
4195.80
4144.52
4000.51
3833.61
3594.88
3292.68
3011.25
2816.13
2722.22
2680.37
2681.97
2758.69
2981.35
3329.34
3601.45
3644.68
3564.86
3484.25
3440.33
3415.78
3427.00
3485.65
3647.09
3972.64
4267.97
4255.95
4144.55
3993.57
3762.73
3472.37
3190.00
3012.89
2922.96
2890.42
2895.69
2987.19
3210.05
3555.96
3836.34
3884.83
3974.36
4019.80
4042.49
4056.18
4089.11
4077.28
4143.75
4386.82
4528.95
4490.55
4381.38
4196.11
3962.31
3660.32
3379.79
3181.15
3063.59
2986.89
2950.64
3002.50
3136.91
3333.88
3540.49
3751.46
3882.24
3958.86
3989.99
3985.38
3936.63
3872.96
3911.62
4186.94
4467.43
4384.19
4249.40
4069.34
3814.88
3517.20
3262.12
3085.08
2989.17
2953.04
2957.77
3031.37
3213.62
3514.62
3796.51
3995.06
4073.12
4100.18
4105.25
4059.43
3992.66
3926.20
3922.99
4153.34
4410.53
4374.25
4265.90
4128.09
3935.59
3689.94
3440.50
3253.64
3155.60
3109.70
3103.00
3145.85
3263.11
3434.35
3637.75
3808.86
3853.70
3819.70
3774.07
3726.49
3670.08
3667.03
3738.39
4002.25
4217.89
4173.51
4059.55
3949.06
3782.88
3536.08
3287.64
3091.60
2974.77
2903.36
2867.44
2876.63
2942.71
3054.03
3209.81
3411.92
3604.49
3709.27
3749.68
3775.19
3791.98
3803.77
3848.52
4031.25
4217.32
4138.09
3990.84
3833.59
3606.63
3320.86
3044.47
2856.07
2756.48
2707.07
2699.57
2767.22
2963.74
3274.46
3558.09
3716.90
3803.47
3836.07
3837.36
3791.19
3690.51
3600.56
3623.77
3893.91
4180.23
4160.31
4035.65
3884.58
3661.61
3351.99
3056.45
2849.67
2745.90
2698.50
2692.59
2763.23
2962.23
3276.16
3554.21
3682.53
3654.00
3580.67
3521.97
3486.25
3524.52
3565.21
3617.31
3850.74
4097.07
4062.05
3938.18
3797.45
3585.31
3304.80
3023.76
2825.97
2725.67
2686.95
2692.10
2770.92
2975.51
3277.44
3554.24
3654.34
3607.07
3545.25
3503.63
3452.65
3434.55
3458.03
3522.86
3793.32
4062.35
4047.76
3957.24
3837.05
3646.94
3369.44
3087.69
2870.84
2730.65
2660.57
2634.07
2666.10
2788.80
2976.36
3156.69
3274.81
3305.64
3284.40
3263.67
3297.83
3326.61
3370.67
3435.67
3645.00
3725.16
3563.17
3372.82
3217.04
3065.26
2874.94
2645.63
2453.75
2319.59
2233.19
2190.71
2174.87
2208.35
2304.20
2460.84
2680.10
2886.95
3011.48
3127.45
3214.08
3215.89
3196.63
3186.06
3257.68
3345.60
3277.83
3207.70
3152.45
3066.65
2929.14
2764.65
2628.32
2555.32
2521.74
2529.91
2577.52
2687.91
2846.63
3022.45
3158.78
3230.52
3239.87
3251.08
3249.82
3236.72
3286.90
3420.78
3719.04
3975.49
3950.76
3852.45
3729.81
3567.20
3357.26
3146.62
2985.72
2878.35
2826.40
2813.20
2835.85
2908.57
3024.21
3138.30
3229.49
3238.33
3217.32
3181.45
3170.89
3177.79
3228.04
3359.26
3678.17
3961.49
3928.02
3823.88
3697.78
3512.49
3282.26
3055.57
2895.72
2800.07
2750.66
2744.07
2789.98
2940.92
3177.38
3389.08
3533.55
3634.80
3697.59
3673.56
3486.33
3360.34
3351.88
3412.31
3665.85
3957.17
3910.42
3775.47
3614.56
3396.33
3133.18
2881.73
2706.51
2598.67
2562.71
2569.40
2636.90
2822.78
3082.52
3296.85
3392.49
3410.11
3439.09
3407.18
3427.94
3440.82
3504.36
3607.67
3896.11
4200.85
4165.85
4043.49
3885.49
3678.04
3424.39
3180.56
3008.32
2921.73
2879.47
2869.18
2922.68
3081.48
3333.82
3545.03
3664.78
3740.75
3725.55
3650.15
3573.20
3561.57
3614.62
3672.27
3900.66
4161.73
4092.25
3951.75
3780.59
3549.99
3264.78
2995.10