723.84
695.99
675.83
666.30
669.02
683.19
716.35
730.02
746.61
769.27
792.85
812.72
822.46
834.56
829.69
848.01
919.58
988.31
981.84
958.44
922.25
868.12
808.47
747.28
706.54
685.22
674.73
679.13
700.90
753.99
852.98
911.84
935.22
939.81
937.40
919.02
905.53
892.06
890.10
915.25
971.85
1024.75
1018.04
988.10
944.28
884.59
818.71
744.04
695.79
671.62
655.01
655.18
667.24
714.05
802.55
861.66
894.62
914.22
928.81
922.45
913.54
913.09
912.97
910.91
947.99
981.80
964.12
933.59
893.95
851.85
794.80
730.73
680.64
651.26
634.27
626.58
630.94
648.42
688.30
728.36
772.49
821.50
860.45
882.70
891.79
880.47
876.31
872.32
913.06
944.22
927.77
894.86
864.75
822.07
786.28
731.10
685.61
660.09
641.92
636.40
643.46
658.88
692.01
720.29
756.10
798.90
832.92
839.84
855.15
859.62
851.28
866.50
936.07
1004.49
1000.68
976.25
936.31
882.68
823.26
762.78
724.83
701.27
691.56
693.76
714.27
774.91
880.93
948.50
964.15
975.20
995.32
1003.94
1000.54
987.50
968.41
966.43
1006.57
1073.11
1068.42
1041.03
996.39
934.49
862.38
793.76
748.43
721.68
709.76
710.22
724.69
785.08
883.91
943.72
950.16
948.08
953.80
922.45
918.23
923.46
916.27
930.92
985.94
1043.99
1034.51
1008.61
960.56
904.34
836.28
770.12
726.84
702.86
693.61
694.29
717.94
772.17
870.43
932.12
952.08
962.39
956.63
933.20
914.82
921.15
919.43
951.31
1003.11
1066.42
1067.84
1047.87
1012.60
960.36
896.50
829.41
789.49
769.18
764.08
762.08
787.07
843.72
950.61
1010.76
1012.15
999.71
985.61
976.46
964.78
962.52
960.03
983.27
1036.61
1098.43
1096.63
1074.75
1034.65
976.41
895.21
828.30
786.47
761.96
750.65
748.50
762.61
810.72
906.12
957.51
970.42
978.02
984.83
986.17
973.08
967.87
950.75
940.97
964.16
994.17
978.19
945.39
904.13
857.48
797.26
736.37
688.34
656.62
637.01
627.61
632.53
650.82
690.45
723.57
769.23
791.22
797.80
799.26
798.35
789.87
790.06
799.46
850.52
894.74
874.85
845.46
815.25
770.44
730.47
677.03
633.41
604.73
587.58
579.09
583.07
593.18
616.46
652.26
699.35
747.16
771.24
775.58
783.75
780.59
773.35
782.13
832.24
896.97
892.71
865.05
830.81
781.00
729.23
674.36
643.68
626.64
619.56
619.16
635.72
699.48
806.92
876.96
903.37
919.80
937.52
948.28
947.13
940.65
942.14
947.14
990.77
1027.14
1015.11
984.37
935.47
872.33
800.25
734.94
689.47
662.92
657.20
657.66
678.09
736.14
837.15
900.53
916.82
930.89
937.24
933.71
933.81
936.29
927.44
933.67
980.63
1024.12
1018.14
985.36
939.19
878.81
812.18
740.35
694.62
669.03
657.07
658.71
671.18
726.19
826.38
881.76
882.23
881.36
879.74
870.12
867.39
854.76
855.94
864.45
916.53
984.00
990.12
967.73
928.80
879.04
813.96
749.23
708.87
681.55
675.77
672.61
686.45
738.88
837.51
901.04
924.40
927.72
918.35
918.52
918.53
906.41
908.68
918.07
971.54
1031.59
1036.30
1011.10
971.20
916.26
843.32
793.26
756.22
730.85
732.59
748.71
775.18
836.15
934.85
1002.92
1021.33
1024.09
1017.76
1014.83
996.55
995.86
988.65
1006.73
1051.36
1108.66
1107.09
1085.09
1048.91
1004.48
954.48
897.20
851.35
829.81
814.27
812.68
816.35
834.34
875.24
917.57
964.63
989.97
1009.07
1002.35
1001.23
1011.10
1007.87
1008.58
1050.19
1096.00
1079.62
1039.51
992.33
938.82
876.47
815.34
767.38
727.85
719.86
708.49
707.47
716.88
744.22
772.59
811.43
822.60
830.52
834.18
853.19
854.58
859.35
876.53
919.60
982.72
978.62
952.26
924.55
881.53
834.95
781.22
753.63
740.99
737.10
744.17
767.81
818.34
890.61
949.70
982.49
994.72
1001.61
998.21
988.75
988.24
982.54
1002.21
1057.29
1126.20
1122.85
1089.32
1052.62
993.90
922.75
861.91
821.08
800.65
793.98
799.07
820.49
881.29
987.46
1046.35
1044.87
1036.06
1023.49
1012.74
1001.97
1010.36
1021.32
1039.01
1071.46
1143.16
1139.21
1115.32
1075.60
1017.90
939.23
877.91
836.82
816.04
807.63
812.92
832.14
891.03
995.56
1055.58
1050.86
1032.36
1010.22
992.89
971.32
960.92
959.80
965.31
1012.50
1087.23
1096.76
1072.06
1032.80
975.19
897.36
830.01
793.05
771.63
763.46
769.67
789.38
847.49
952.53
1009.15
1006.70
983.56
968.24
954.66
934.04
921.23
927.36
944.38
989.85
1047.52
1047.24
1022.98
982.46
924.24
848.98
782.99
739.41
717.53
708.00
710.91
732.20
785.60
887.73
947.83
943.99
929.19
915.07
904.88
894.01
880.24
876.52
881.64
919.61
974.27
977.48
954.99
919.91
878.36
820.18
763.91
719.92
690.83
678.36
672.85
678.63
699.42
739.56
774.98
828.33
870.11
888.17
887.82
887.25
892.31
889.10
891.52
923.70
954.60
938.16
901.45
863.34
814.34
761.56
709.59
659.55
643.53
627.54
620.30
626.04
640.46
676.82
707.12
742.08
764.09
780.04
782.11
793.40
802.59
806.14
828.69
874.59
945.15
953.09
929.28
893.67
839.23
774.17
716.86
679.60
659.46
652.03
655.57
681.85
746.25
846.36
906.27
922.64
928.24
936.27
929.92
900.91
913.04
920.02
937.21
973.42
1028.81
1025.29
995.96
948.01
887.20
813.06
747.00
701.21
679.94
670.09
671.51
690.35
749.01
853.40
906.52
918.99
918.36
905.85
924.80
938.00
948.36
943.67
951.28
987.61
1035.23
1037.24
1006.20
958.52
901.76
827.48
763.13
719.57
695.30
687.04
691.70
713.09
773.00
876.24
934.37
948.76
928.91
913.38
904.86
894.99
883.00
883.76
898.01
942.19
1016.63
1042.83
1019.03
982.41
928.94
858.80
797.53
757.42
733.04
729.72
734.54
760.16
821.73
934.86
990.84
985.15
971.84
953.83
943.91
926.49
920.10
913.24
929.35
976.66
1046.00
1058.24
1035.35
999.26
942.81
865.25
803.46
762.20
740.69
730.85
735.07
752.18
809.13
908.96
961.81
958.47
941.97
933.99
917.30
899.00
889.37
896.11
906.46
934.26
987.90
984.79
957.86
922.66
876.71
817.93
756.96
717.75
690.42
677.43
672.58
674.50
699.97
744.98
783.55
829.27
868.93
892.52
894.61
890.90
886.78
882.26
881.77
909.03
952.33
940.90
909.35
877.43
834.09
786.82
733.89
692.21
666.42
653.20
646.36
651.33
668.21
697.27
731.55
780.10
817.55
813.06
827.21
850.24
860.80
867.90
874.98
914.43
978.96
965.75
916.01
879.41
836.94
796.91
739.32
697.89
677.70
670.36
676.40
695.91
756.25
853.11
916.12
927.32
919.14
913.66
922.70
932.39
935.87
910.30
894.84
926.07
1001.32
1023.15
994.62
949.14
889.03
821.36
756.04
720.19
700.49
683.99
688.89
703.63
759.10
857.99
913.37
928.33
933.72
926.08
937.07
931.43
921.86
912.82
904.66
930.57
995.41
1008.35
976.96
933.06
873.55
801.29
736.69
680.26
667.81
653.27
653.60
671.70
733.12
842.28
900.55
912.72
922.44
938.95
937.57
931.39
942.72
927.07
923.43
946.94
1012.33
1021.44
998.01
957.36
897.87
826.81
762.74
718.89
692.92
684.57
684.47
707.67
755.40
859.02
920.05
947.76
968.65
981.85
982.13
975.24
975.47
969.29
962.72
989.89
1028.10
1020.28
992.83
947.45
884.25
818.89
751.64
711.47
685.88
674.33
674.82
697.51
747.57
844.46
902.24
929.45
952.15
968.42
969.47
951.91
923.32
903.29
868.79
862.43
911.37
929.16
915.64
894.14
865.44
818.38
774.11
739.86
724.05
712.04
708.45
716.01
738.26
784.35
817.67
853.04
873.20
876.80
870.92
863.44
866.24
864.99
870.41
901.36
964.70
973.94
950.97
925.25
883.65
839.82
794.25
755.13
731.61
717.30
714.62
725.86
743.01
768.91
800.92
839.61
864.29
871.64
888.76
893.81
883.80
885.68
898.01
937.90
994.58
1004.88
973.83
931.62
868.07
805.45
742.61
698.15
671.89
658.36
660.66
680.63
738.81
840.22
899.61
926.69
941.83
948.34
954.07
943.53
947.56
939.87
941.05
970.94
1020.73
1014.59
985.28
934.77
871.17
799.74
733.67
687.68
663.02
651.54
651.89
671.30
722.12
823.17
887.19
909.60
928.80
943.67
946.36
944.05
941.99
936.88
936.95
952.64
999.21
1008.76
977.79
931.51
875.88
802.84
741.78
697.54
677.24
671.35
676.45
698.60
755.54
854.63
904.82
910.24
897.74
892.04
881.08
864.55
874.40
865.01
875.04
913.95
983.72
1004.90
976.86
942.27
885.53
816.84
750.16
705.74
685.05
676.97
678.34
698.71
750.43
843.66
910.16
933.53
945.89
955.56
968.92
968.11
968.05
959.97
955.48
970.86
1009.01
1018.06
988.82
953.75
899.61
829.54
768.35
723.83
703.27
693.09
700.27
713.26
768.32
861.01
909.55
918.64
917.34
917.80
922.44
909.12
904.12
899.66
907.72
951.26
1021.94
1053.28
1038.69
1012.52
976.51
924.55
870.15
830.45
806.87
801.67
794.45
807.63
829.28
872.62
910.98
933.36
943.36
943.13
933.24
920.23
903.91
892.63
905.97
951.80
1011.89
1025.77
1000.17
968.38
926.16
879.13
822.77
779.06
750.31
726.34
716.36
717.68
731.97
755.35
780.67
812.69
831.56
852.90
861.61
873.26
864.87
859.44
859.06
888.51
934.70
955.64
930.10
894.77
848.70
805.37
755.86
719.51
700.96
693.72
694.73
712.46
756.80
819.53
874.15
884.75
888.23
890.31
880.26
870.34
870.85
863.76
861.44
896.39
963.32
993.07
970.95
934.62
879.56
822.39
765.58
730.92
703.96
697.52
700.33
721.23
772.29
855.97
908.24
934.53
950.51
969.80
979.47
982.73
996.09
993.39
990.49
1002.42
1037.55
1026.45
992.69
946.62
889.99
818.79
748.90
702.80
683.98
669.64
669.42
689.08
743.90
833.88
892.31
896.35
882.97
878.67
877.54
873.76
870.80
867.96
875.04
905.29
977.98
1014.33
994.75
964.91
913.52
850.43
790.55
751.48
729.74
722.04
726.19
749.35
800.47
890.21
941.95
946.56
938.30
932.88
935.06
927.48
930.66
936.72
942.73
966.50
1024.85
1055.81
1033.83
999.38
954.15
887.48
829.47
791.53
773.97
761.91
762.18
784.44
841.65
929.08
980.18
986.65
979.93
970.14
963.12
941.10
929.19
920.07
924.58
943.70
1002.80
1031.71
1010.94
976.87
939.43
880.84
823.41
781.65
759.51
743.92
737.43
742.02
768.40
800.87
828.00
846.18
851.80
851.99
843.03
823.58
805.78
798.00
804.44
839.78
900.01
931.76
907.60
883.46
848.43
810.08
758.54
725.48
699.95
688.48
685.34
689.58
704.71
730.75
752.45
769.96
779.40
781.02
779.17
770.96
757.58
751.20
763.76
806.72
881.95
924.46
906.65
879.59
823.64
767.20
718.03
683.65
668.06
658.65
662.01
684.64
749.24
844.79
889.34
874.91
859.72
852.22
845.87
829.47
821.67
816.48
827.23
861.05
922.63
958.84
934.10
893.30
837.38
770.29
710.60
668.14
645.15
629.14
631.00
643.46
700.56
797.11
859.90
876.68
876.34
883.80
868.05
847.61
842.96
859.76
869.24
887.44
939.85
959.47
932.71
890.02
834.87
767.92
701.43
658.72
635.57
625.97
623.87
641.92
701.68
791.86
850.13
873.46
888.31
884.73
872.35
866.22
871.67
865.56
875.49
901.82
945.02
964.29
936.44
901.84
841.42
778.04
709.44
673.90
649.62
638.93
640.10
658.43
718.62
807.72
867.03
883.18
883.15
865.26
868.81
872.29
871.74
868.46
868.59
895.37
961.36
999.66
987.63
955.38
905.46
837.58
775.80
739.00
715.69
708.21
710.73
730.41
788.18
877.64
918.05
920.52
914.01
911.11
903.16
891.34
873.79
873.86
884.90
912.79
957.10
989.60
969.64
937.96
896.13
844.72
790.32
747.17
722.47
706.46
704.46
716.38
740.38
776.15
806.16
829.75
841.04
842.36
853.19
865.80
855.73
852.74
859.50
882.43
940.73
971.93
952.76
934.40
897.39
857.18
808.03
770.39
746.06
736.11
733.49
735.61
754.02
780.70
800.97
830.51
848.10
881.11
867.62
856.73
843.38
836.03
849.82
884.90
946.87
998.11
983.15
950.75
899.33
838.34
783.34
746.74
721.84
712.22
713.50
732.72
794.95
884.51
928.65
911.84
893.96
891.76
884.22
863.13
847.59
841.28
849.15
879.06
935.35
977.49
953.72
908.88
844.46
773.90
706.38
662.01
637.32
627.47
623.93
641.33
697.49
784.69
826.76
823.43
823.19
815.79
811.88
809.36
825.33
833.83
840.49
863.22
907.30
940.55
918.80
874.07
816.06
742.60
685.45
640.60
619.96
606.89
612.83
633.83
690.96
781.98
835.91
842.37
848.01
862.44
854.03
845.99
835.69
821.82
822.81
851.58
905.71
950.15
931.32
894.72
840.89
771.33
710.12
668.24
646.65
636.52
640.14
664.83
724.58
810.72
852.60
850.36
836.32
842.24
835.29
827.25
820.03
816.18
821.32
843.69
896.84
938.82
929.77
890.25
843.33
780.77
722.01
682.96
663.19
655.64
662.79
678.16
732.87
819.78
873.77
869.01
862.18
860.50
853.84
859.76
879.00
882.58
893.70
908.90
943.10
954.24
931.94
904.73
870.44
814.78
758.79
720.65
697.45
684.39
677.56
686.94
711.79
750.76
806.29
849.53
870.95
866.35
849.80
830.26
810.58
800.70
792.58
823.72
872.75
913.69
896.98
870.30
834.66
787.59
742.19
707.97
697.95
687.92
680.66
675.88
686.95
711.51
732.35
754.22
771.50
783.13
779.13
772.72
761.76
751.13
752.52
770.71
796.93
836.13
883.46
863.46
819.61
763.72
702.48
663.04
639.05
627.26
624.60
637.34
691.28
790.80
844.08
846.08
834.60
828.43
819.55
809.98
801.37
793.52
787.72
796.27
821.86
854.42
890.34
858.87
800.74
734.19
672.31
627.73
603.11
593.74
591.72
609.18
661.56
756.34
810.35
833.27
842.99
833.21
824.50
813.32
813.11
814.88
813.47
819.77
844.43
871.07
896.89
862.94
804.17
737.91
676.93
627.55
602.96
588.53
586.07
603.82
651.51
749.35
806.96
815.07
813.63
808.38
806.45
803.16
806.34
812.59
812.35
816.85
826.49
864.80
899.21
869.90
817.08
748.42
685.74
646.85
626.73
625.56
622.97
641.69
697.69
800.23
857.58
866.78
864.76
857.47
857.96
871.15
860.90
848.38
842.87
851.18
870.83
901.95
930.69
898.33
846.08
774.23
714.29
673.13
645.92
634.81
633.82
643.11
688.17
778.62
842.62
875.73
900.02
915.88
922.32
913.39
909.22
886.67
861.49
838.99
845.99
865.49
883.01
854.38
814.61
759.39
703.42
660.53
635.29
620.37
613.34
617.93
642.36
683.73
717.30
747.64
769.66
777.27
777.33
766.35
758.13
755.62
754.54
760.17
791.75
831.15
854.89
826.77
786.71
740.37
686.75
648.31
620.56
605.14
598.14
600.77
614.19
643.30
668.15
698.82
729.13
744.29
754.88
751.82
743.37
731.97
733.33
745.80
780.09
817.08
862.34
836.96
797.90
748.51
698.32
661.71
644.92
635.70
640.58
665.55
715.89
800.70
859.47
881.94
879.73
878.27
876.26
868.74
868.54
842.28
838.35
845.53
878.16
913.56
952.26
917.34
864.57
799.33
741.15
697.04
672.87
661.42
656.48
668.70
708.30
780.97
848.39
894.53
928.08
952.80
963.23
953.21
944.73
925.46
903.79
894.80
904.85
905.57
919.63
885.97
827.30
770.88
711.07
673.33
651.46
639.69
639.74
658.50
698.53
774.62
826.61
841.88
841.18
842.22
841.10
829.61
818.89
803.77
784.04
799.41
840.03
872.93
898.85
865.66
811.70
753.63
701.67
659.92
638.78
625.06
619.66
630.14
669.95
735.04
803.37
855.95
893.03
914.79
920.42
919.84
917.73
895.64
880.22
882.89
900.03
911.76
919.29
878.73
823.72
765.13
704.77
664.50
637.96
625.52
620.36
631.46
665.55
725.84
783.15
829.97
860.66
875.50
871.74
867.81
848.57
840.97
829.13
808.65
817.34
824.80
855.98
825.47
775.58
724.45
664.86
614.84
593.88
578.07
571.67
577.89
596.44
630.17
659.88
705.22
737.04
748.69
760.54
755.83
734.99
719.46
717.21
734.00
770.98
802.90
842.50
824.92
777.98
735.80
689.43
653.81
632.99
627.10
626.21
631.45
645.81
673.13
697.60
719.72
745.63
758.13
769.15
778.85
760.07
752.22
748.33
772.37
807.85
838.90
886.26
868.17
819.95
769.83
721.07
688.48
665.65
655.42
653.67
664.78
705.98
772.60
838.23
885.14
905.42
926.93
942.35
945.24
954.97
959.30
954.63
963.09
979.51
982.18
966.22
912.37
848.71
787.42
733.06
697.11
670.86
661.82
657.51
670.07
705.92
765.27
830.61
866.39
856.09
844.43
844.19
844.13
834.87
840.71
839.29
856.61
872.03
867.34
894.61
862.06
814.47
757.23
703.98
666.96
648.27
637.09
633.58
645.85
682.29
742.58
805.76
851.25
880.00
904.92
928.23
934.29
923.15
909.20
880.52
889.36
914.02
919.90
931.50
892.28
839.33
781.43
721.90
684.73
664.88
652.26
653.05
666.30
707.30
767.71
817.13
845.13
847.73
839.29
832.43
820.83
801.14
782.61
764.69
773.75
804.58
830.33
862.46
837.21
787.46
732.44
679.93
639.42
616.65
606.28
600.80
611.52
642.63
700.62
761.05
799.00
791.86
784.55
785.38
780.78
767.11
748.58
730.62
737.83
766.23
785.70
819.52
799.37
752.67
706.53
658.05
624.02
600.44
591.01
590.03
598.18
617.73
643.02
671.44
700.51
726.64
747.35
755.28
763.76
749.65
748.50
754.94
786.93
826.37
837.75
838.36
803.99
756.92
708.95
663.05
626.52
601.25
586.19
579.91
578.16
591.10
609.49
635.45
682.27
735.22
775.66
810.13
844.83
843.81
835.99
838.82
857.26
868.08
864.94
862.27
825.33
768.12
730.10
684.19
644.95
624.21
611.21
606.27
621.54
660.43
718.80
781.19
832.00
863.15
882.49
887.31
887.57
874.99
872.81
867.46
886.05
914.64
897.54
907.99
869.96
820.61
756.21
706.79
667.60
647.09
630.35
630.76
643.84
680.88
737.74
800.01
846.30
852.87
847.39
842.06
830.44
813.47
796.06
775.80
785.27
815.26
836.07
874.89
858.67
814.68
758.99
706.89
674.52
654.00
648.92
642.65
646.52
686.34
746.29
805.29
833.13
842.96
844.38
855.72
864.87
863.92
855.91
829.25
818.55
849.11
857.05
886.08
861.19
810.49
751.59
699.75
659.85
639.78
625.86
621.03
636.33
668.91
723.77
778.28
818.01
824.23
821.36
819.92
825.56
829.93
826.93
808.43
825.78
857.82
868.63
883.03
850.20
805.13
758.10
703.65
666.36
639.96
628.27
623.81
628.35
656.84
707.92
760.82
809.19
840.81
870.03
889.03
898.41
894.46
875.34
852.21
853.81
877.39
878.30
885.17
851.34
803.45
750.97
703.54
662.68
644.53
629.18
620.16
623.74
639.81
655.11
682.88
727.46
766.79
800.00
818.15
809.91
768.82
739.35
721.05
732.80
765.63
791.38
818.60
809.59
766.63
719.16
672.90
639.70
614.38
597.15
587.91
589.33
600.78
612.50
633.64
672.38
710.03
730.23
746.53
752.59
740.57
731.63
712.69
732.48
769.20
803.02
823.57
800.30
749.59
696.18
648.76
618.94
596.51
586.84
587.09
598.34
639.07
688.84
739.85
765.17
767.83
766.06
768.78
766.36
755.79
741.34
724.60
738.62
774.43
791.41
819.39
806.03
759.45
700.36
650.32
617.44
595.71
584.54
581.94
591.29
622.71
673.17
728.78
752.37
759.23
756.13
756.16
756.15
750.69
740.00
728.38
736.09
770.78
787.77
809.61
793.67
743.72
686.15
639.25
601.36
582.37
571.42
568.77
577.43
609.75
656.10
724.29
783.65
820.90
839.43
850.12
856.93
850.47
832.29
811.10
807.24
840.78
844.36
842.87
816.52
768.41
716.44
665.42
634.46
612.02
601.90
598.29
605.64
634.35
678.74
728.88
780.88
811.35
850.64
875.06
901.40
902.11
897.39
882.17
871.94
864.80
844.57
861.74
849.30
800.67
744.24
697.15
658.81
636.91
626.32
627.69
632.86
663.82
698.68
734.18
757.80
776.30
791.94
816.07
818.28
810.42
791.58
772.51
783.32
811.45
832.17
841.53
825.79
784.68
732.90
686.63
652.53
631.04
616.38
609.48
616.88
633.21
652.11
667.31
692.34
712.71
725.95
735.54
737.96
725.51
715.71
707.60
719.70
757.56
784.74
805.77
807.43
763.61
722.45
676.84
643.59
621.65
606.26
602.87
607.12
620.80
634.03
651.91
671.37
690.90
700.56
709.40
725.92
716.87
699.20
709.03
727.91
747.60
749.38
761.42
761.37
721.59
678.36
628.77
596.74
575.47
560.33
557.80
570.98
604.61
651.53
720.54
784.48
827.63
860.21
875.96
884.43
874.83
859.47
841.91
834.34
843.22
813.84
799.42
769.25
723.22
670.69
628.01
585.94
574.94
562.27
560.24
574.72
612.01
658.77
706.48
736.07
744.16
749.16
764.76
765.32
753.56
749.71
739.18
746.04
775.14
788.19
810.99
801.61
752.02
696.21
645.01
606.50
585.34
572.46
570.38
582.55
614.58
670.50
734.86
786.90
808.59
820.79
825.57
797.49
782.77
760.94
742.33
757.85
784.79
798.46
822.91
818.46
779.44
725.59
680.22
645.82
626.71
613.98
613.75
620.97
650.80
695.99
744.82
774.79
782.05
790.95
805.31
809.75
793.55
775.37
762.56
770.33
810.23
825.75
841.09
838.24
796.39
740.08
691.57
657.92
635.26
629.78
626.50
641.42
673.21
713.54
759.48
777.49
784.15
790.40
792.15
789.67
778.59
762.70
759.42
767.44
787.41
802.04
824.89
819.86
776.23
724.74
678.57
639.27
617.42
605.82
597.58
604.74
622.26
648.66
685.65
733.43
784.70
816.14
836.92
851.08
851.10
850.88
852.25
857.78
858.13
853.64
855.25
839.72
794.25
747.56
699.62
664.85
639.07
622.82
619.43
620.82
632.30
640.10
653.43
669.88
689.52
697.58
701.36
699.75
684.14
675.04
673.25
699.20
741.31
775.47
792.58
785.31
735.52
684.82
636.28
600.89
577.70
565.96
562.51
576.61
609.70
656.95
723.55
768.85
787.36
809.87
822.76
834.62
821.31
785.78
772.54
770.64
809.29
814.65
826.60
817.89
774.45
721.57
677.77
641.06
625.21
616.71
614.94
627.64
659.90
706.77
751.46
774.51
802.02
838.12
865.58
874.48
867.74
863.57
861.16
876.79
907.52
881.09
858.00
845.38
801.84
740.78
693.47
660.17
641.65
632.93
633.13
648.00
683.06
734.20
782.82
811.49
822.21
833.65
840.90
842.62
834.53
819.05
801.73
810.17
832.15
838.75
854.46
858.96
816.24
758.16
704.37
664.31
651.58
640.72
639.27
653.45
687.68
734.53
778.21
803.52
804.29
806.32
804.98
807.34
804.07
789.57
781.91
808.69
837.29
835.56
837.62
827.59
782.28
723.56
671.88
635.27
612.26
596.80
590.65
604.91
634.46
686.26
748.85
804.49
834.85
857.78
879.51
891.14
884.05
869.56
849.51
856.22
856.45
849.82
849.55
833.47
789.01
734.72
683.59
648.25
624.58
611.49
606.22
613.51
627.34
644.90
665.04
692.24
710.64
712.51
706.86
705.10
686.26
671.21
662.18
683.90
721.01
735.67
754.21
764.61
725.06
681.36
635.76
603.64
581.21
565.98
561.09
562.91
569.64
580.27
612.53
662.62
703.31
737.43
760.57
779.90
787.30
793.34
797.04
822.41
850.19
852.71
839.45
815.47
766.07
714.84
664.04
631.53
607.47
595.86
593.76
604.53
641.08
696.94
770.01
822.98
853.23
879.51
896.32
901.07
899.17
887.73
879.62
889.84
908.76
901.91
893.87
869.39
820.41
762.38
704.35
667.61
642.64
628.50
625.71
633.74
666.02
713.10
769.90
805.50
814.47
817.79
828.34
822.85
808.58
779.38
768.27
789.79
822.22
819.79
823.96
820.21
781.20
724.94
671.57
636.83
618.03
610.28
606.77
622.97
657.13
701.19
750.33
775.86
782.56
784.84
777.03
773.54
769.19
764.28
760.17
784.35
826.63
832.69
827.81
805.40
760.39
702.23
651.39
614.66
594.87
583.84
582.47
592.56
624.61
676.85
750.43
813.81
848.91
870.83
885.20
893.09
888.77
862.69
836.75
825.75
844.27
848.34
851.45
827.70
778.77
719.96
664.79
619.37
604.12
590.48
588.83
592.61
616.82
660.35
724.09
775.80
792.93
817.31
828.70
825.75
809.53
786.53
756.08
755.44
773.64
775.65
782.61
787.22
749.38
696.70
644.65
605.23
579.42
563.20
555.12
557.24
567.72
585.02
611.85
646.55
674.53
688.66
697.40
690.96
682.00
675.55
669.40
687.02
718.40
734.50
740.85
753.34
714.81
666.61
618.90
583.48
559.04
543.45
534.07
534.17
536.84
546.78
572.79
615.20
655.06
676.07
692.73
693.53
688.42
681.54
679.11
701.36
730.90
748.97
754.45
768.18
727.21
673.34
622.51
588.27
562.78
548.89
550.49
553.28
583.43
624.53
687.17
731.16
750.55
766.87
779.40
789.89
808.96
802.38
781.70
775.09
798.50
795.53
786.94
780.03
738.41
674.78
627.20
589.51
566.29
556.63
554.37
566.01
594.07
641.45
697.63
735.21
746.43
752.01
758.59
766.69
756.93
743.24
740.98
749.37
771.68
774.14
772.95
783.32
744.04
683.27
633.17
595.38
569.93
562.47
558.17
575.49
598.34
649.31
702.99
746.21
762.65
780.20
778.87
782.55
788.90
770.53
768.17
784.23
816.27
821.53
816.67
796.74
750.27
694.24
645.37
607.02
585.81
576.48
575.48
587.30
614.04
662.89
721.26
749.31
761.47
772.04
782.01
787.32
784.88
772.58
752.82
747.56
770.24
768.63
774.68
781.25
744.80
690.15
634.06
594.83
573.21
557.21
557.03
565.57
586.97
632.45
687.22
729.16
753.89
778.66
773.83
783.04
789.32
788.04
784.44
791.77
817.49
814.49
809.25
793.87
751.51
703.20
654.34
616.33
592.50
575.97
573.52
580.90
595.24
619.40
654.81
703.73
734.74
756.25
761.72
764.27
754.24
744.10
737.20
756.03
773.24
784.42
794.89
808.94
779.48
730.73
683.14
645.77
624.69
608.76
601.33
605.29
603.94
618.27
644.92
673.31
697.53
712.03
720.62
716.24
694.65
675.39
669.98
684.22
705.49
726.54
732.52
750.39
719.98
673.16
622.79
587.73
566.53
558.84
558.56
568.82
603.90
647.89
706.83
742.48
759.88
786.75
816.47
846.77
829.97
808.24
795.82
805.06
827.96
826.62
805.69
801.36
758.07
700.03
643.68
612.78
590.14
580.88
581.34
593.51
624.36
674.39
730.60
766.34
778.77
792.00
795.83
799.41
781.95
763.86
749.72
759.71
784.97
789.45
791.98
798.98
761.64
702.60
648.95
614.13
593.86
589.58
588.68
604.81
633.97
681.31
737.46
771.46
775.77
783.69
788.96
786.78
780.03
763.86
752.07
754.74
775.36
783.33
782.22
789.62
756.23
696.83
640.28
602.47
582.56
572.40
570.38
586.29
610.04
660.68
712.99
748.31
761.14
768.85
775.96
771.37
767.40
755.52
743.46
750.30
770.74
773.51
774.54
780.13
744.04
683.10
630.31
590.04
565.75
552.61
547.17
555.94
579.14
625.52
689.24
740.53
767.15
783.53
789.02
793.99
790.37
789.53
789.39
795.34
807.86
809.63
798.16
801.62
770.12
719.00
663.23
620.29
593.87
572.88
564.15
565.91
565.15
577.11
615.61
662.20
698.15
723.53
730.44
739.43
735.71
738.07
736.25
744.32
765.48
766.83
751.43
755.14
719.74
672.49
620.65
582.98
561.09
541.68
536.50
532.06
531.68
543.70
572.87
614.17
653.97
677.85
694.41
705.77
699.25
694.54
694.64
711.64
740.90
747.70
750.10
757.38
718.71
665.55
612.85
577.05
554.53
542.33
536.97
549.24
579.45
626.90
695.58
750.79
789.72
807.32
814.18
820.69
823.06
807.91
802.08
795.52
805.52
798.77
788.21
788.17
750.58
688.79
630.97
592.40
569.43
555.69
555.51
566.61
583.19
635.98
696.81
742.43
761.55
772.65
778.00
780.87
775.81
759.03
748.79
760.47
780.77
781.34
776.39
782.85
743.41
682.46
629.37
593.45
569.66
558.57
552.53
565.18
583.95
637.67
696.68
738.56
758.73
773.47
778.68
785.48
781.75
772.24
767.67
768.46
786.29
791.46
780.67
783.05
749.04
686.49
634.58
596.90
571.28
560.13
559.55
571.74
595.26
645.63
703.31
744.78
767.89
775.86
783.81
787.38
788.68
782.85
764.23
772.47
793.93
788.23
785.98
781.37
753.31
692.48
633.99
600.68
572.48
558.20
555.45
562.36
579.06
631.41
691.43
740.73
776.60
804.92
820.93
830.86
825.27
815.48
825.62
830.73
843.41
840.36
826.31
822.84
798.08
737.34
686.24
644.68
614.27
596.28
585.96
586.58
585.83
605.19
645.44
697.87
751.25
789.22
798.56
795.41
790.77
783.73
765.91
768.59
774.67
765.42
746.28
752.04
721.02
672.22
627.20
589.25
562.69
547.71
537.35
539.16
535.55
552.91
584.24
623.86
657.93
678.45
688.36
693.29
681.85
679.74
680.95
692.33
714.76
721.68
717.79
734.64
708.65
665.52
618.66
579.50
554.37
540.78
533.07
534.72
541.23
559.98
593.94
642.43
688.72
722.24
746.54
761.62
750.37
744.10
741.65
750.96
772.94
779.71
773.49
782.09
752.97
691.82
636.09
597.30
573.13
560.06
555.09
564.95
589.80
641.83
721.13
784.18
821.91
858.32
888.38
916.68
926.34
928.94
935.17
942.65
953.48
940.76
915.46
898.03
858.33
783.45
715.74
665.72
633.81
615.63
607.37
611.08
628.76
673.62
745.18
809.53
853.46
890.90
924.90
954.98
974.98
980.15
992.38
992.47
1002.60
982.55
954.02
940.13
900.43
820.74
750.07
698.33
662.52
643.12
635.09
644.96
663.22
711.77
789.49
851.48
893.35
926.93
954.03
980.38
990.31
991.06
988.61
982.81
987.83
973.09
951.73
937.75
893.77
824.14
759.87
718.29
682.56
662.16
652.76
657.88
678.49
726.97
805.32
871.93
910.81
939.91
964.68
976.17
990.47
1002.74
998.54
994.96
993.63
967.22
944.83
926.38
889.99
827.86
765.10
717.67
679.14
650.37
634.35
631.20
629.49
653.86
697.30
761.40
823.92
878.81
918.22
931.94
940.45
946.13
957.65
976.81
994.23
980.44
938.21
910.15
872.58
806.61
737.59
686.46
646.57
618.01
597.75
589.19
575.35
588.54
620.81
663.22
703.98
724.99
744.75
748.81
749.74
750.51
763.72
779.37
792.37
794.65
775.87
773.64
747.06
690.91
638.47
598.05
570.26
554.24
549.10
558.81
578.08
638.67
699.98
748.17
774.67
794.55
816.91
822.73
822.10
811.82
806.00
809.66
829.90
824.13
818.12
805.60
770.75
706.25
645.77
605.99
581.76
564.66
564.07
572.74
590.13
643.78
711.42
757.82
786.10
815.96
830.68
833.49
823.96
819.86
822.21
830.27
844.02
841.06
832.83
827.60
788.98
724.74
665.77
630.11
600.30
586.97
581.64
589.44
609.43
664.77
740.54
798.14
837.54
879.15
912.12
956.14
980.45
963.22
960.39
974.17
1006.66
1007.61
986.38
979.65
948.89
878.64
805.19
742.41
701.89
676.46
661.37
661.54
675.43
742.62
833.13
907.57
969.81
1024.19
1064.49
1103.28
1132.86
1155.81
1165.61
1173.98
1174.36
1135.02
1097.82
1072.92
1022.23
932.70
851.33
794.05
747.59
717.87
705.47
707.11
720.93
772.54
838.97
891.61
930.60
963.98
979.86
1006.26
1025.65
1048.40
1063.39
1066.96
1061.07
1040.28
1014.34
993.93
963.27
899.67
828.01
772.04
732.15
708.97
690.71
689.32
692.82
716.65
759.68
817.01
883.87
948.65
1003.61
1053.61
1082.08
1116.35
1127.80
1087.91
1061.08
1027.91
987.32
969.51
941.28
873.26
784.35
715.87
666.56
633.29
613.32
601.96
592.20
608.46
648.14
698.64
742.80
771.41
807.64
827.33
824.01
808.77
797.52
815.92
833.67
828.89
823.86
820.38
796.11
737.50
681.68
638.09
604.77
585.26
579.75
585.35
605.29
665.40
743.13
802.58
839.37
869.41
894.95
916.03
933.63
941.46
959.25
981.64
1003.86
994.83
961.61
929.25
888.49
811.39
736.86
685.00
646.72
628.99
618.58
626.86
646.75
696.57
772.01
832.95
870.18
911.19
950.95
972.20
995.93
1010.08
1039.74
1068.75
1078.89
1057.77
1029.13
1004.17
967.03
896.06
823.86
752.27
710.37
681.38
665.27
668.89
688.20
743.08
825.09
894.85
957.36
1002.00
1042.79
1077.71
1130.23
1157.34
1175.74
1164.48
1143.40
1107.52
1063.23
1036.43
988.32
903.84
832.37
776.72
742.14
721.64
710.11
714.05
733.10
795.46
878.11
941.15
977.80
1010.59
1028.70
1035.13
1026.21
1010.40
991.01
990.28
1000.85
982.74
949.63
927.25
895.44
833.17
772.48
732.22
697.83
682.86
672.89
679.71
700.97
760.69
845.25
921.16
979.73
1030.50
1069.99
1105.74
1131.34
1140.49
1142.80
1149.33
1151.12
1122.34
1066.68
1025.30
986.56
906.12
820.70
752.34
709.24
671.39
648.57
637.89
627.31
651.06
689.22
744.31
792.80
827.91
852.24
871.23
885.62
902.72
899.25
909.59
921.25
912.56
877.42
862.64
837.71
775.35
710.29
652.54
616.86
592.56
577.61
571.17
561.64
580.77
619.06
669.80
721.84
757.27
784.94
809.38
821.77
822.38
827.18
846.57
869.25
871.68
846.92
831.28
803.94
742.60
679.12
633.07
606.91
588.65
584.91
594.38
618.53
677.27
747.53
799.96
840.11
867.92
892.95
912.63
919.70
922.01
918.42
920.55
933.56
921.62
896.26
871.70
843.07
772.65
703.73
651.02
621.83
600.79
590.70
597.84
614.67
674.90
756.05
815.82
856.38
884.52
910.04
933.27
955.31
961.72
976.81
995.44
1013.83
995.37
956.09
920.68
889.42
810.90
737.66
682.82
640.29
619.09
608.60
613.61
626.54
687.90
770.07
832.37
883.02
917.05
957.58
996.60
1024.08
1053.40
1077.90
1100.97
1114.92
1088.84
1042.60
996.55
956.80
876.05
798.41
737.39
698.55
676.30
667.70
675.33
694.57
759.04
831.93
897.81
963.45
1025.92
1086.63
1129.29
1175.15
1201.17
1224.23
1242.00
1248.80
1222.48
1167.01
1120.77
1081.82
988.89
905.76
828.62
788.97
755.75
739.40
742.02
761.25
820.62
907.44
978.08
1038.89
1104.00
1177.26
1227.83
1268.72
1285.19
1289.47
1287.18
1284.12
1253.41
1193.81
1134.46
1088.62
996.00
909.88
838.43
794.83
757.33
734.19
725.59
722.72
764.02
832.64
925.36
1018.56
1106.39
1185.53
1233.53
1270.50
1300.86
1324.49
1344.05
1354.22
1324.64
1255.66
1198.30
1148.52
1064.45
974.70
900.79
843.20
802.48
776.47
760.01
743.81
765.24
832.07
926.36
1026.31
1124.29
1206.51
1263.11
1298.45
1318.60
1335.19
1356.47
1345.41
1313.99
1257.17
1211.69
1166.52
1070.03
963.27
898.65
846.39
815.85
798.59
798.74
813.01
878.20
970.57
1042.92
1083.93
1158.54
1227.52
1297.48
1358.81
1404.84
1423.25
1421.62
1403.66
1343.42
1270.21
1210.52
1154.68
1050.36
952.38
889.12
839.28
810.70
788.85
789.59
809.76
870.81
953.19
1029.82
1106.01
1186.01
1265.02
1328.12
1376.33
1402.21
1415.64
1422.35
1408.21
1365.31
1298.18
1228.62
1170.01
1069.07
971.68
908.16
862.89
833.64
818.24
824.33
846.98
913.61
1008.82
1076.92
1135.66
1199.84
1266.37
1326.51
1361.94
1361.61
1385.12
1406.31
1426.90
1402.66
1332.20
1250.90
1181.56
1075.55
967.08
883.00
827.89
789.31
760.21
751.91
763.93
837.12
928.68
1013.69
1082.35
1149.27
1219.20
1270.94
1309.24
1339.51
1342.30
1358.45
1359.91
1317.09
1244.15
1179.17
1129.79
1036.30
950.65
879.17
833.97
800.30
782.48
777.30
788.32
848.55
948.13
1043.45
1117.98
1183.64
1244.09
1259.80
1256.50
1265.62
1278.20
1296.50
1300.32
1279.05
1219.08
1153.82
1104.04
1013.69
927.35
850.33
801.66
759.28
733.11
719.21
709.18
746.05
819.63
908.87
997.52
1071.73
1144.39
1170.03
1156.39
1138.29
1100.86
1068.20
1047.76
1032.45
1005.19
993.37
965.41
910.99
843.61
788.27
746.35
718.85
698.87
688.37
676.05
704.11
768.03
857.32
953.66
1048.34
1123.36
1177.97
1212.45
1236.53
1262.08
1291.05
1275.11
1196.65
1108.24
1063.80
1023.00
944.40
875.08
822.62
782.29
757.17
744.91
755.11
780.03
844.39
921.56
984.00
1035.59
1094.00
1163.84
1194.08
1185.68
1177.51
1163.24
1149.59
1138.14
1114.21
1074.10
1041.05
1002.67
927.38
854.93
793.71
757.78
731.16
720.23
724.13
742.93
801.72
876.70
935.83
983.13
1009.58
1039.92
1068.96
1083.81
1083.84
1082.60
1066.37
1065.03
1048.19
1015.30
993.08
966.22
895.35
821.51
768.90
740.03
714.26
701.46
704.84
725.01
784.56
868.51
947.19
1022.04
1072.23
1111.70
1140.77
1165.41
1186.74
1169.20
1132.12
1111.11
1086.71
1046.90
1026.08
995.87
924.20
850.67
788.97
750.35
719.50
698.53
695.85
715.88
784.45
877.62
970.04
1048.57
1119.41
1188.24
1247.49
1291.54
1320.79
1349.69
1373.83
1390.47
1370.71
1319.18
1267.37
1221.86
1124.75
1025.73
939.11
896.77
857.62
838.65
835.02
839.64
888.67
964.04
1062.03
1132.29
1146.58
1155.95
1165.81
1164.61
1174.42
1153.88
1108.27
1084.58
1046.23
1000.69
977.60
948.75
882.82
824.50
774.73
736.29
706.75
689.86
683.98
680.75
698.03
739.22
801.18
852.68
902.75
948.65
995.36
1029.98
1063.23
1092.04
1122.40
1141.12
1120.72
1061.29
1023.32
994.08
951.17
889.88
819.91
779.02
752.70
734.57
726.41
721.15
734.29
775.30
840.99
919.82
990.79
1053.42
1119.35
1175.57
1211.75
1246.44
1273.99
1301.45
1285.73
1228.03
1188.03
1147.92
1061.68
976.53
902.27
859.40
821.81
800.74
802.13
822.28
878.23
950.39
1021.50
1087.61
1143.10
1183.39
1219.96
1249.21
1272.69
1301.06
1316.93
1320.50
1274.26
1199.97
1142.10
1091.48
996.88
911.49
835.75
800.66
767.31
746.12
741.14
756.58
809.71
891.23
960.03
1009.71
1041.29
1078.71
1113.67
1144.01
1145.26
1142.65
1126.89
1113.40
1077.78
1046.65
1019.64
985.05
916.37
848.18
805.40
777.07
757.12
749.78
759.27
790.22
857.91
956.24
1027.86
1089.30
1146.62
1219.20
1286.96
1352.93
1388.85
1413.22
1405.83
1393.17
1361.11
1311.01
1273.44
1224.71
1130.53
1033.88
968.86
918.57
885.05
864.10
866.03
904.55
973.77
1062.33
1149.16
1225.82
1327.31
1417.73
1489.62
1543.65
1578.65
1600.64
1596.75
1580.35
1531.11
1461.21
1389.02
1321.85
1204.65
1085.70
997.31
940.43
901.90
884.66
884.93
903.40
972.43
1057.45
1133.07
1220.17
1289.78
1353.10
1412.70
1441.79
1446.61
1425.89
1407.51
1380.60
1346.30
1306.68
1281.92
1243.00
1160.25
1066.30
996.60
948.63
918.97
894.54
887.17
886.42
911.50
963.96
1040.53
1139.82
1242.46
1333.31
1391.68
1429.83
1444.69
1441.01
1422.53
1394.98
1351.65
1304.10
1278.72
1233.50
1160.48
1074.49
998.82
958.70
914.72
885.13
869.76
855.87
886.43
962.19
1059.21
1150.56
1229.99
1298.41
1346.78
1380.82
1405.20
1419.96
1452.36
1470.64
1452.88
1396.11
1340.85
1283.11
1169.71
1062.69
987.16
932.63
893.81
878.81
880.47
904.10
968.81
1044.16
1120.78
1184.98
1276.31
1375.12
1436.64
1466.94
1477.59
1491.31
1517.81
1519.28
1482.99
1407.89
1338.73
1268.32
1161.39
1050.10
958.82
910.17
867.88
841.14
837.17
851.69
927.32
1043.06
1138.46
1202.80
1264.49
1324.09
1383.19
1426.74
1331.55
1250.23
1251.35
1295.69
1246.56
1190.30
1150.74
1101.21
1014.75
918.30
856.35
816.82
784.14
765.12
764.14
781.58
841.07
910.81
962.40
1008.86
1049.70
1076.21
1103.58
1120.14
1108.87
1098.59
1104.83
1135.69
1130.67
1091.32
1044.37
995.77
912.51
817.52
760.28
722.23
695.35
679.42
681.61
702.54
762.91
848.79
921.85
973.67
1009.21
1051.58
1086.11
1123.39
1137.34
1148.15
1153.82
1141.54
1101.35
1046.67
1013.91
973.75
892.32
807.55
755.52
723.21
698.35
687.74
692.70
714.97
769.73
847.88
906.71
947.05
971.87
995.46
1011.21
1019.24
1016.81
1001.08
998.24
1008.42
1008.13
1003.20
1004.88
992.86
937.75
870.15
809.87
784.67
755.97
736.63
731.00
731.05
774.09
854.10
966.30
1071.32
1180.24
1271.97
1336.76
1380.27
1419.22
1448.48
1475.88
1485.85
1458.45
1383.22
1329.45
1271.31
1174.57
1069.46
980.57
934.98
888.42
856.28
837.66
822.78
844.02
924.73
1034.18
1155.99
1259.35
1360.48
1441.08
1494.23
1530.99
1562.63
1583.51
1586.01
1541.13
1463.86
1408.89
1336.65
1223.46
1117.67
1030.01
991.70
953.67
937.38
939.46
969.35
1048.42
1139.12
1221.47
1283.07
1360.14
1451.02
1557.45
1648.35
1707.03
1735.45
1725.36
1720.74
1695.36
1652.12
1587.98
1498.12
1358.77
1228.30
1110.23
1045.36
989.30
948.33
931.24
939.01
1008.68
1126.14
1227.42
1316.18
1398.59
1471.41
1537.61
1597.75
1621.57
1645.31
1659.69
1654.99
1613.48
1545.76
1480.27
1401.56
1275.80
1148.18
1072.33
1003.25
955.60
924.96
918.16
940.92
1001.73
1077.44
1116.83
1169.13
1238.82
1297.80
1374.97
1453.28
1504.44
1543.90
1563.31
1560.32
1497.15
1442.47
1406.09
1345.37
1246.83
1151.37
1085.03
1033.09
992.48
971.53
970.32
987.27
1035.87
1132.27
1236.83
1347.98
1454.16
1542.10
1583.09
1611.82
1603.33
1611.19
1623.25
1608.62
1530.41
1451.18
1395.64
1329.75
1231.92
1135.46
1052.78
991.70
948.90
925.47
918.88
943.03
993.28
1066.75
1140.26
1200.32
1270.70
1325.08
1374.05
1433.77
1467.83
1453.95
1446.19
1428.73
1398.65
1340.01
1295.66
1242.93
1147.80
1043.15
964.27
913.46
871.65
845.25
834.09
824.31
856.56
947.79
1057.13
1160.44
1267.21
1346.19
1403.35
1444.04
1475.42
1496.64
1513.32
1518.70
1467.80
1417.33
1379.81
1312.84
1223.06
1129.85
1047.17
1003.87
971.61
947.07
928.81
917.02
940.41
1026.81
1138.63
1246.26
1348.22
1429.05
1489.90
1528.50
1563.62
1594.13
1593.47
1577.84
1561.90
1507.53
1469.84
1400.29
1286.95
1171.76
1081.60
1023.84
978.12
953.11
956.12
982.20
1056.26
1180.56
1304.23
1427.59
1539.62
1642.52
1716.24
1769.80
1795.72
1808.10
1785.04
1792.85
1755.60
1698.16
1634.20
1542.24
1412.10
1286.63
1198.13
1145.75
1105.12
1080.20
1078.66
1092.05
1154.40
1287.73
1416.35
1548.38
1655.28
1738.06
1805.41
1860.90
1873.67
1806.34
1692.44
1665.62
1637.11
1598.38
1539.89
1451.76
1318.69
1196.60
1093.70
1036.54
994.67
955.26
938.69
947.76
997.78
1093.33
1191.09
1284.50
1386.61
1459.98
1523.83
1574.56
1603.36
1622.33
1631.82
1624.95
1570.63
1492.21
1425.11
1348.45
1237.47
1128.49
1049.22
1006.81
979.59
967.51
968.36
999.31
1066.15
1155.19
1247.54
1352.20
1458.82
1541.46
1587.12
1642.35
1672.01
1693.58
1675.49
1632.12
1575.06
1526.89
1476.88
1402.23
1283.65
1169.61
1079.53
1025.24
984.03
958.61
949.64
963.46
1012.68
1075.68
1127.38
1180.67
1197.60
1211.64
1278.47
1348.21
1406.12
1448.92
1473.46
1475.98
1446.44
1384.96
1330.66
1268.90
1164.95
1066.03
975.55
925.52
881.69
849.47
836.26
832.37
861.45
945.13
1046.65
1150.55
1249.76
1322.29
1388.14
1433.28
1471.61
1490.63
1511.36
1517.38
1487.48
1415.65
1370.08
1311.26
1222.05
1128.47
1043.88
979.39
934.49
904.79
882.13
866.79
887.55
942.55
1039.83
1139.75
1213.78
1291.47
1356.35
1395.39
1404.31
1404.57
1380.34
1367.20
1349.54
1336.29
1338.00
1301.95
1233.08
1163.02
1105.30
1060.31
1032.33
1016.52
1019.34
1052.74
1123.99
1244.41
1361.89
1452.96
1526.04
1588.30
1636.62
1679.35
1704.04
1722.40
1721.43
1712.88
1663.08
1585.21
1526.34
1441.95
1325.88
1220.73
1143.19
1082.22
1042.65
1018.63
1010.83
1032.89
1091.87
1181.06
1259.14
1353.76
1446.84
1497.17
1534.73
1553.76
1533.26
1496.83
1287.13
1131.15
1095.10
1033.26
1030.11
1005.87
943.80
870.22
807.86
781.68
764.22
763.05
760.19
784.36
848.76
935.99
1027.10
1126.20
1227.75
1326.06
1399.75
1470.96
1516.90
1541.48
1554.45
1556.70
1519.79
1441.36
1399.18
1315.98
1193.88
1079.79
985.00
927.56
885.31
853.97
845.83
855.60
908.80
1001.86
1088.62
1164.33
1233.69
1295.22
1331.71
1341.33
1330.50
1310.34
1338.58
1355.04
1319.38
1261.29
1226.09
1156.97
1069.76
977.51
897.26
853.19
818.20
797.79
800.73
826.38
878.69
948.56
1001.92
1060.15
1110.72
1175.67
1241.20
1271.77
1252.37
1220.77
1233.05
1267.54
1243.82
1195.13
1165.45
1105.00
1021.48
942.06
873.39
829.63
799.98
781.05
772.40
775.88
792.43
837.26
922.46
1010.82
1091.12
1157.28
1217.79
1259.49
1306.16
1339.37
1365.06
1366.48
1325.13
1253.60
1220.63
1164.52
1083.68
1001.67
924.50
880.64
841.19
815.22
802.12
802.35
818.63
877.93
963.25
1074.65
1192.99
1298.57
1355.11
1396.94
1431.59
1449.54
1472.02
1479.57
1439.30
1373.17
1335.94
1267.34
1175.89
1078.24
1004.46
946.11
912.40
891.07
887.79
905.52
947.52
1040.40
1156.90
1272.96
1373.13
1473.61
1556.20
1603.53
1626.54
1641.62
1657.19
1670.40
1624.64
1548.93
1498.41
1407.50
1292.08
1184.61
1106.06
1044.10
1005.71
979.65
974.47
1000.96
1062.92
1164.50
1288.01
1407.34
1515.13
1614.15
1664.29
1700.30
1723.48
1739.89
1713.36
1694.44
1629.72
1555.98
1512.07
1428.22
1319.88
1220.71
1145.17
1089.84
1054.66
1033.92
1039.51
1067.25
1121.27
1214.34
1321.62
1421.32
1512.81
1602.35
1679.13
1729.46
1747.86
1739.99
1749.16
1740.04
1690.96
1624.01
1577.27
1481.89
1368.95
1249.56
1156.08
1095.60
1051.27
1016.10
998.79
1017.21
1054.24
1131.97
1204.55
1270.72
1338.26
1406.63
1465.30
1520.43
1547.08
1525.63
1488.42
1454.49
1411.03
1371.51
1347.19
1280.77
1179.82
1081.23
994.30
937.87
895.39
867.70
859.35
876.01
922.17
1010.27
1099.49
1176.28
1266.62
1348.32
1423.14
1478.51
1498.60
1502.78
1480.81
1452.51
1384.26
1309.96
1259.98
1179.52
1078.40
979.69
905.21
852.70
810.04
785.59
777.84
775.66
793.31
841.94
896.27
938.07
975.72
997.09
995.08
988.46
975.46
961.33
967.39
966.70
955.79
945.99
945.21
906.95
865.51
814.64
773.70
746.38
725.09
714.45
708.76
710.56
717.80
756.36
808.01
862.49
902.96
935.04
948.87
949.03
940.36
933.86
938.35
950.26
943.85
938.02
924.95
881.71
830.25
765.02
730.88
702.13
683.80
675.25
683.54
722.68
775.62
845.37
905.95
953.82
988.66
1014.26
1031.64
1065.05
1095.31
1126.27
1154.43
1161.91
1130.51
1086.49
1071.12
1018.78
948.46
868.72
825.03
785.16
762.67
750.80
752.83
783.21
834.19
913.83
995.24
1065.24
1127.26
1178.09
1225.85
1265.79
1290.24
1311.18
1326.84
1327.83
1285.77
1228.55
1201.28
1128.79
1029.01
926.66
861.55
806.70
769.82
742.16
739.21
762.46
804.26
881.40
958.26
1026.58
1070.29
1111.16
1141.06
1145.22
1101.70
1054.13
1061.68
1083.92
1075.42
1046.77
1027.00
972.35
895.06
820.40
754.65
723.30
695.42
680.42
682.67
708.25
756.97
835.94
899.03
948.05
988.94
1028.91
1068.03
1100.89
1118.45
1139.25
1154.33
1162.61
1133.50
1086.03
1062.78
1002.18
926.00
852.18
786.14
756.27
728.90
712.52
714.81
738.86
792.60
872.21
948.18
1013.65
1080.28
1150.32
1215.83
1271.65
1316.98
1346.00
1364.80
1362.34
1318.92
1256.87
1222.80
1156.23
1069.30
983.92
910.76
868.98
832.77
809.70
800.27
805.88
821.39
880.01
972.17
1052.86
1138.31
1219.11
1295.91
1347.43
1385.73
1401.89
1379.02
1318.93
1265.15
1218.49
1190.47
1126.51
1048.81
971.75
898.12
855.08
819.84
795.53
779.20
771.71
774.57
828.74
918.27
1025.97
1129.63
1231.64
1316.87
1378.56
1409.16
1443.72
1477.81
1486.13
1431.26
1337.49
1280.92
1196.63
1097.73
1003.95
945.50
902.72
879.27
867.67
868.65
907.79
967.23
1048.16
1131.30
1223.00
1333.15
1439.93
1516.96
1576.68
1578.74
1497.97
1480.26
1502.02
1480.96
1426.80
1381.86
1294.39
1191.41
1085.85
1016.35
964.92
928.64
908.49
906.17
939.31
998.14
1094.45
1206.51
1304.07
1399.49
1467.28
1528.55
1558.07
1600.86
1621.60
1623.75
1586.33
1519.89
1440.25
1382.55
1266.25
1143.60
1025.54
940.43
871.96
826.06
789.49
775.12
788.92
823.09
886.66
943.22
973.87
994.34
1017.79
1028.38
1050.03
1069.10
1086.31
1101.24
1106.38
1070.10
1035.78
1008.48
939.34
856.56
794.34
736.07
699.11
674.83
665.69
672.53
709.03
760.07
822.72
880.86
913.28
946.77
958.90
965.29
1008.98
1014.44
1005.59
1005.41
1012.45
994.47
989.47
970.16
921.59
860.67
802.79
752.44
724.40
704.68
702.13
710.41
744.10
798.22
873.69
948.03
1010.36
1060.86
1112.41
1131.10
1152.98
1184.53
1211.56
1228.78
1223.64
1177.27
1141.80
1112.24
1048.06
973.47
906.72
839.40
801.35
772.63
760.35
763.83
781.79
813.70
864.42
933.67
1002.88
1054.05
1094.31
1109.36
1107.86
1108.20
1103.47
1118.33
1141.62
1135.38
1125.76
1115.02
1062.16
1003.70
936.92
881.84
817.50
765.86
733.86
715.56
709.59
707.19
749.68
817.29
874.09
918.94
959.79
987.52
987.25
998.79
1008.05
1029.94
1032.62
1002.71
973.87
952.68
888.93
820.46
750.72
701.42
668.84
644.00
631.29
637.15
670.06
715.48
794.61
861.07
907.05
944.28
975.32
999.68
1009.80
1012.67
1003.63
1002.33
1003.20
987.02
985.22
962.93
906.40
837.56
769.07
724.78
692.96
670.96
658.18
662.17
698.12
748.50
818.21
886.63
939.06
979.72
1017.19
1036.63
1059.45
1073.77
1085.32
1097.97
1100.46
1070.39
1045.19
1013.34
944.96
862.87
800.01
748.08
716.81
696.69
687.95
700.97
732.39
790.10
862.44
927.75
979.07
1017.44
1031.19
1033.45
1026.15
1013.08
997.92
1004.46
1022.01
1026.02
1037.55
1019.39
979.59
921.71
864.53
825.83
796.67
780.53
775.39
790.31
834.19
910.20
987.10
1071.79
1134.27
1172.25
1186.27
1189.71
1202.24
1238.10
1289.48
1325.48
1319.66
1252.52
1220.72
1179.30
1105.40
1020.69
941.78
881.96
840.53
810.01
798.35
802.38
837.19
889.49
976.68
1067.53
1150.61
1211.76
1279.84
1338.34
1388.48
1403.25
1398.31
1381.00
1345.07
1261.35
1189.33
1119.56
1038.73
949.67
868.98
798.10
753.28
714.70
690.97
679.94
683.03
691.57
731.74
791.57
839.20
873.04
902.72
926.27
949.89
969.33
989.21
1009.81
1018.71
990.40
964.69
941.14
887.97
834.46
774.64
732.93
696.34
670.12
659.23
651.33
656.31
664.81
702.76
770.49
828.13
885.19
941.98
985.37
1014.13
1028.19
1038.67
1054.24
1063.40
1038.31
1026.70
1003.09
949.07
892.86
827.47
777.12
734.46
708.20
688.56
683.05
692.82
704.71
746.68
818.62
882.21
928.74
967.05
1004.45
1027.82
1050.39
1069.16
1083.05
1083.44
1052.49
1050.01
1025.63
963.48
890.92
814.81
770.04
729.75
708.58
701.25
717.23
743.67
813.17
888.28
948.88
1000.13
1051.49
1114.95
1180.04
1240.68
1283.54
1304.38
1323.88
1305.35
1251.63
1228.29
1177.98
1097.93
1010.85
925.14
853.18
816.55
784.62
768.60
769.98
805.63
870.71
930.65
981.04
1023.74
1083.73
1135.13
1175.50
1207.04
1214.48
1205.28
1194.11
1186.23
1172.54
1179.36
1141.55
1081.78
1011.90
940.18
882.30
845.78
822.19
813.11
820.96
865.24
939.51
1012.28
1088.53
1135.68
1177.58
1207.87
1229.59
1261.66
1278.64
1284.23
1288.56
1281.72
1261.14
1268.73
1226.58
1162.56
1091.72
1009.39
944.13
902.36
871.37
851.24
850.30
884.18
943.30
992.70
1022.37
1039.28
1048.39
1036.51
1009.99
994.41
976.79
959.42
953.03
954.22
935.68
938.03
903.17
850.24
789.91
734.17
683.83
650.88
626.72
615.69
616.48
625.64
646.30
684.29
735.83
778.26
806.98
819.86
827.39
835.31
844.86
845.94
861.98
869.92
859.78
863.66
836.57
786.67
734.38
684.66
643.14
614.43
596.64
583.60
585.03
594.31
606.70
636.96
694.99
749.91
790.58
829.73
853.44
863.47
873.22
888.11
917.52
933.73
931.47
946.25
924.53
870.03
816.17
759.22
722.86
697.44
687.16
682.07
697.51
734.82
810.68
880.77
928.01
956.33
985.91
1006.41
1025.12
1039.29
1041.75
1039.66
1042.57
1036.39
1004.83
1002.19
941.79
862.30
782.35
709.60
656.14
625.87
605.25
596.45
603.83
637.66
705.69
767.18
804.67
824.55
843.26
855.19
863.73
875.64
869.94
868.77
879.83
890.64
889.98
903.50
859.48
803.32
732.18
671.51
630.29
606.92
591.01
587.49
596.80
637.72
701.70
773.86
820.40
842.80
864.73
883.52
888.26
899.65
895.62
895.84
903.05
914.21
911.31
931.35
891.02
833.47
767.67
708.14
664.27
645.15
630.22
625.80
634.83
670.92
732.52
801.60
850.36
882.00
916.10
941.97
957.59
975.91
980.21
974.19
975.31
977.70
986.61
1003.10
961.17
900.50
832.96
766.12
713.55
680.18
656.04
646.18
655.55
681.30
742.24
806.62
842.47
865.19
880.80
886.88
886.68
885.39
878.05
871.16
875.11
875.06
871.79
881.87
843.18
792.37
733.53
672.28
627.89
593.51
581.56
572.95
571.29
584.49
612.44
650.84
702.35
733.44
749.74
752.14
751.12
752.39
744.83
746.35
767.65
787.02
798.94
812.48
784.92
739.71
695.35
644.97
605.98
575.68
563.30
553.43
556.67
564.99
587.17
618.14
662.28
708.87
723.29
743.93
750.79
749.29
737.70
743.52
766.20
796.36
815.70
836.99
804.00
750.59
693.57
640.59
607.77
586.69
573.57
574.94
589.13
622.38
703.00
775.17
816.23
832.04
846.67
855.21
848.65
845.91
836.01
827.60
838.86
860.44
879.93
898.35
852.85
791.47
720.62
666.09
624.98
601.98
592.15
587.68
600.95
646.34
722.86
795.37
834.92
846.96
858.79
866.98
869.75
867.76
852.46
837.64
849.15
865.93
878.10
896.56
851.37
794.22
728.14
665.76
627.51
600.83
591.30
588.21
598.74
642.82
712.51
780.60
821.82
837.75
860.06
871.84
881.24
884.98
893.47
900.57
916.49
931.50
935.87
953.14
905.48
842.68
774.60
713.05
668.97
639.77
618.68
612.71
618.96
656.40
724.92
791.14
836.98
870.62
903.18
932.72
951.38
963.52
960.01
959.11
957.98
962.80
967.58
977.82
930.46
871.96
801.99
736.63
683.40
656.86
637.37
627.38
634.65
668.70
733.36
796.98
843.63
881.81
922.64
956.05
973.23
1002.64
1018.34
1015.78
1013.10
1000.41
991.18
991.42
945.05
890.30
825.11
766.96
720.51
682.69
657.72
639.74
641.59
653.33
681.47
714.07
765.25
805.76
845.49
873.64
890.75
902.79
913.04
923.56
930.87
937.21
940.75
944.45
908.94
861.47
822.83
772.00
731.51
702.99
680.63
670.81
667.69
677.05
692.41
725.79
779.68
834.67
885.39
932.02
964.71
982.39
975.77
999.09
1014.15
1024.39
1037.14
1043.83
1002.57
943.92
880.67
814.98
777.81
747.86
734.23
726.68
730.95
776.25
842.96
903.11
952.40
995.24
1031.19
1066.33
1087.61
1088.88
1066.44
1064.43
1057.38
1071.42
1074.75
1077.84
1023.95
956.29
884.99
814.14
764.13
729.15
706.25
694.91
703.21
742.32
816.20
883.18
926.06
955.30
995.31
1026.68
1048.73
1052.06
1042.27
1047.35
1049.28
1057.37
1072.61
1072.83
1028.10
973.62
921.52
870.59
816.93
787.68
770.86
760.89
781.41
824.34
896.43
954.42
975.19
1000.73
1020.36
1014.34
1024.37
1007.90
1001.34
996.44
995.78
990.78
980.67
975.17
924.98
861.98
791.33
724.58
676.14
651.02
635.43
628.60
636.16
675.95
744.22
804.24
852.33
883.61
911.67
935.27
951.33
971.27
971.25
970.93
979.23
976.55
977.39
979.78
931.28
867.90
801.84
736.72
689.12
653.83
634.62
624.71
630.21
662.62
733.82
796.16
840.59
863.19
884.79
901.36
892.80
888.58
880.87
857.57
847.77
858.05
872.23
876.05
834.31
785.47
729.04
672.97
623.46
606.22
587.98
577.24
580.90
597.19
635.80
668.65
709.06
736.60
751.84
758.39
770.45
770.19
763.96
761.96
780.15
799.21
819.24
824.61
791.06
746.15
700.39
650.13
612.25
584.83
570.71
562.25
563.44
574.28
597.83
625.54
670.15
708.83
729.13
744.22
752.25
756.69
756.48
772.40
791.37
812.89
845.80
851.65
810.75
759.46
700.03
650.90
619.20
594.93
583.50
581.78
593.64
636.58
713.89
785.31
837.21
866.50
887.50
900.96
901.75
889.77
877.95
871.98
871.31
889.87
909.28
907.81
856.93
797.82
729.68
671.55
628.79
603.74
592.04
585.89
598.49
637.96
711.95
777.07
814.05
831.70
848.38
857.60
859.15
861.47
869.24
859.33
867.22
888.38
911.95
911.12
863.44
806.15
741.90
677.70
635.50
610.66
598.81
597.02
609.37
648.84
721.12
789.40
832.72
849.01
867.60
880.81
889.51
910.87
908.37
892.20
895.99
916.73
872.89
826.26
786.19
745.44
702.44
652.97
608.05
586.36
575.19
573.98
585.45
621.80
697.37
760.93
798.46
809.79
820.23
829.22
829.36
833.75
833.09
820.09
832.77
853.32
883.09
886.93
842.58
786.95
719.75
666.28
623.54
597.95
586.05
584.63
596.44
636.86
711.72
775.41
811.83
822.96
830.17
831.83
824.81
825.48
817.31
802.64
812.08
830.26
861.53
862.38
821.25
776.95
723.63
670.53
630.52
602.53
586.71
579.07
580.84
594.01
627.72
661.79
706.60
741.05
764.93
776.51
779.55
782.75
789.06
786.70
807.67
830.63
859.52
848.74
817.02
776.79
734.72
684.64
646.52
618.25
602.17
591.86
588.56
593.98
613.42
630.02
668.38
703.42
724.81
741.09
748.08
752.36
750.02
752.65
766.73
784.94
822.09
812.42
776.54
729.77
677.22
632.26
597.64
571.80
559.09
553.70
562.36
585.65
627.58
664.31
719.09
770.72
806.08
828.76
832.06
821.78
822.23
818.11
833.66
877.29
895.80
872.19
823.87
768.92
703.83
650.98
609.87
587.08
574.84
572.41
586.32
630.11
714.18
787.30
840.42
866.62
888.27
908.79
916.91
916.96
908.30
899.15
909.81
931.79
942.54
915.75
865.82
797.75
728.53
670.81
628.02
604.72
591.10
586.36
599.45
640.78
719.39
783.10
814.60
822.88
836.76
847.43
848.27
848.72
844.00
843.94
855.60
874.58
909.24
898.73
849.84
792.03
725.01
666.86
625.07
601.30
588.84
584.70
597.44
637.81
717.58
786.40
817.66
839.65
857.82
865.89
873.26
872.07
861.51
858.79
867.40
887.26
921.49
913.36
866.30
809.42
747.02
693.90
652.57
630.68
619.15
614.79
627.76
661.27
735.15
805.28
856.13
888.89
911.98
929.37
934.59
932.05
908.23
885.68
885.33
900.56
903.11
875.47
831.25
781.11
730.68
673.58
638.44
611.06
594.55
585.41
587.98
603.51
637.67
677.81
727.34
765.97
773.48
776.47
769.78
762.35
755.60
748.61
766.64
798.41
839.91
831.53
802.33
760.82
714.45
666.74
633.68
607.13
591.33
583.57
586.00
598.96
628.26
660.30
703.60
733.67
747.84
755.82
761.89
758.50
747.94
747.86
775.38
810.74
859.20
847.77
808.44
757.83
702.32
658.31
621.67
598.50
594.41
595.53
613.50
646.57
727.48
800.82
837.53
849.65
859.11
869.58
866.46
864.60
858.72
851.42
859.86
894.37
934.70
915.52
865.56
804.93
737.97
682.78
637.58
614.43
600.50
597.19
609.26
654.14
731.07
803.31
848.84
885.14
897.56
906.35
908.72
909.25
899.22
889.96
898.81
927.51
957.57
930.79
876.44
817.95
750.46
690.96
648.27
622.78
609.15
603.21
616.08
661.31
735.05
801.48
845.71
871.04
893.85
909.20
905.94
910.17
910.80
907.49
919.91
941.41
972.73
951.37
903.30
846.79
781.13
726.16
681.79
655.17
638.80
633.73
646.66
682.74
756.45
817.25
859.26
888.82
911.90
929.35
944.31
953.18
959.90
962.93
963.32
969.61
998.03
972.99
923.84
859.42
794.89
738.01
684.96
651.00
630.85
623.45
633.32
662.79
729.13
791.95
833.74
858.66
874.73
883.39
880.43
879.60
876.92
874.16
878.63
886.19
912.55
889.61
842.77
794.04
739.55
685.81
642.24
614.56
595.48
588.39
588.27
606.92
645.35
677.31
716.34
755.86
790.68
808.23
810.69
809.25
807.94
805.65
819.84
847.28
870.36
840.87
800.22
750.80
699.68
654.67
612.66
586.14
568.24
561.84
564.05
576.47
600.97
632.19
677.45
716.95
740.54
764.12
773.16
773.09
770.01
779.08
804.14
840.34
880.51
857.09
815.58
761.66
706.24
653.96
618.32
591.67
580.02
579.48
598.58
633.41
717.71
795.94
844.45
874.84
894.30
900.55
906.47
907.39
893.05
883.68
896.22
933.95
952.27
918.41
867.43
807.66
743.60
681.79
638.01
612.03
598.72
595.36
609.31
649.34
724.74
791.46
831.67
858.91
870.87
867.02
858.56
849.86
840.31
832.87
851.34
896.18
928.11
904.36
852.62
795.20
733.49
675.65
633.01
608.50
595.52
592.41
609.61
646.01
726.25
803.94
849.22
881.14
907.35
925.15
923.87
921.39
907.38
894.36
902.78
933.90
951.96
920.81
868.00
809.48
743.75
687.75
644.28
614.56
606.91
603.27
621.56
663.37
740.70
815.04
858.87
891.55
916.33
928.59
934.80
932.91
924.19
916.49
935.16
968.46
976.47
946.83
896.24
840.73
773.95
706.77
670.46
643.79
627.93
625.30
640.17
689.71
770.76
851.30
914.59
955.07
989.21
1007.16
1011.76
1005.29
994.05
973.51
977.69
1003.05
1026.22
997.53
950.62
902.10
842.63
778.66
734.01
708.89
695.07
687.34
691.72
712.66
755.27
796.70
844.17
871.12
885.42
877.93
861.38
842.60
826.32
820.96
834.74
872.58
913.92
892.99
868.52
832.76
783.66
734.73
694.42
659.59
644.00
641.03
649.25
668.65
694.37
732.30
777.03
820.79
844.51
854.09
840.53
843.04
855.60
863.04
912.14
934.59
904.06
861.94
819.14
763.24
713.12
664.45
635.76
617.88
612.03
621.78
645.41
701.92
781.28
845.21
872.92
887.42
898.22
901.09
906.75
902.02
892.56
906.10
962.90
1031.62
1009.50
973.59
917.54
863.82
801.19
743.80
702.04
676.87
664.27
663.07
682.21
718.75
784.88
849.61
886.69
884.92
886.84
884.26
874.40
871.39
869.42
880.36
926.92
990.64
976.51
947.51
903.57
856.30
789.83
746.97
707.14
681.43
668.10
665.37
671.99
722.00
794.38
855.85
872.78
867.47
863.83
860.42
856.37
858.13
852.49
851.14
889.15
951.18
933.65
898.06
847.03
788.40
727.24
674.04
634.16
610.07
600.02
603.98
612.42
656.84
727.40
767.05
786.98
793.56
806.30
812.62
811.01
810.64
812.08
808.02
847.35
899.12
879.56
848.16
800.70
746.13
690.43
637.83
597.48
574.97
561.99
559.10
575.64
606.74
673.36
731.47
770.11
782.81
790.43
791.11
790.49
792.82
792.42
783.83
812.75
857.59
837.67
807.52
765.38
723.78
675.70
625.39
586.88
564.49
549.31
542.07
549.55
571.68
593.66
634.89
674.76
702.12
721.65
726.74
722.99
723.62
729.29
727.66
762.70
816.40
796.15
764.59
725.21
686.85
642.63
602.80
567.02
542.77
527.69
522.18
529.11
544.84
555.65
587.71
626.74
663.84
684.19
699.01
704.98
710.70
716.01
724.95
769.06
820.12
804.09
767.51
725.62
673.87
633.00
581.90
548.26
530.83
522.80
525.56
547.70
584.37
659.41
720.28
746.68
763.90
783.72
793.40
799.07
806.38
803.13
795.77
824.05
877.46
853.02
816.97
768.59
712.27
658.22
606.07
568.45
545.47
534.66
537.15
553.17
587.45
657.76
717.13
751.87
766.08
785.70
796.15
798.37
804.92
807.27
800.60
833.29
882.52
857.74
822.18
774.79
723.00
669.00
618.83
578.67
556.59
545.92
540.96
552.70
574.65
619.61
666.72
715.60
747.97
777.36
789.65
803.33
801.93
806.66
804.54
846.13
885.94
861.21
828.08
780.73
726.11
670.77
627.45
639.19
616.80
604.35
606.37
623.40
659.40
724.77
800.10
851.94
880.85
896.91
899.49
897.60
890.72
880.93
872.81
912.81
943.83
919.28
879.91
834.44
773.66
722.25
667.77
623.34
600.93
588.42
586.85
604.67
645.75
711.87
782.64
832.01
858.11
883.23
898.99
903.44
899.31
888.16
881.62
916.17
948.87
927.28
892.82
847.46
800.57
745.32
688.17
656.24
630.84
618.54
616.06
622.34
645.00
684.87
722.39
754.44
772.92
782.80
784.40
788.26
801.25
802.84
803.67
862.27
921.42
904.13
872.64
837.77
797.83
753.61
703.45
670.56
645.55
635.19
632.12
638.52
656.53
683.13
707.61
735.69
756.19
778.08
797.34
819.13
821.96
827.85
842.25
897.00
940.71
922.08
895.40
854.55
803.81
739.90
690.41
645.06
613.16
599.45
599.53
621.51
667.08
753.98
813.38
834.92
836.21
849.16
866.85
885.42
898.15
885.54
889.23
949.98
1008.29
988.64
958.14
912.44
849.44
781.76
729.06
702.89
672.27
664.29
657.29
688.96
738.16
801.89
848.10
867.86
866.70
877.41
873.78
877.41
884.54
884.14
886.10
947.49
962.67
944.41
913.60
867.14
815.21
755.37
702.94
662.21
645.30
633.91
637.57
659.47
707.66
786.24
850.68
877.51
883.65
889.51
893.43
894.70
899.84
898.23
912.81
974.52
1032.33
1015.29
988.02
941.80
888.21
823.94
766.79
758.47
738.14
729.46
733.26
750.67
791.19
871.67
931.21
943.13
942.78
944.10
940.00
928.60
920.39
923.80
935.91
991.19
1034.78
1011.63
970.46
918.49
856.56
786.94
727.84
684.32
658.37
644.20
641.78
658.47
699.82
761.86
821.09
837.33
835.66
844.97
844.55
828.07
823.18
820.58
825.19
875.47
923.48
905.53
875.25
833.01
786.97
729.99
678.51
637.73
612.39
600.46
595.59
599.72
621.99
661.58
694.63
727.51
752.64
760.67
761.09
762.80
759.01
770.30
767.79
833.73
881.34
863.90
831.57
795.36
752.21
703.11
657.19
625.07
603.04
593.14
591.48
599.54
617.95
650.09
674.56
713.70
749.26
780.75
815.00
839.23
853.22
856.73
869.07
926.70
949.22
925.41
885.79
839.98
783.14
721.33
669.94
628.90
614.23
599.94
599.84
620.06
663.09
737.17
808.63
866.24
897.22
925.87
933.03
924.77
917.78
903.10
891.99
944.53
1001.32
986.61
958.01
910.41
855.18
793.62
735.54
695.45
673.22
661.91
664.04
682.51
729.17
805.07
867.77
891.57
888.07
889.28
893.90
882.74
879.52
882.63
886.99
950.45
1007.23
995.23
971.69
928.96
876.46
808.38
761.43
718.36
693.24
680.03
676.53
698.90
741.93
798.79
859.95
900.67
914.31
925.63
930.11
920.06
905.93
905.01
908.78
951.21
972.00
948.27
918.17
870.38
815.14
761.70
696.86
647.39
610.37
596.64
588.35
591.71
611.03
644.78
684.65
758.25
832.91
896.86
936.53
950.22
922.65
882.89
832.19
828.81
825.22
799.22
772.93
749.14
717.31
682.67
639.83
598.81
589.12
578.66
575.73
587.51
617.41
665.76
701.81
741.39
778.18
803.05
812.89
812.66
802.31
805.68
808.41
861.91
894.84
877.08
848.68
812.95
767.61
718.29
665.26
624.55
600.91
585.28
578.80
584.46
602.10
636.67
671.35
716.49
757.22
754.60
768.26
783.29
769.20
783.91
797.30
862.72
900.83
887.26
863.29
831.83
789.17
738.72
695.76
656.32
634.10
618.43
616.15
621.62
636.67
665.25
690.76
721.32
740.95
753.55
762.35
766.84
770.12
771.56
789.33
873.02
934.68
923.80
893.32
858.69
802.29
744.93
686.49
646.87
630.05
619.19
626.21
644.70
689.14
757.03
828.54
876.31
902.10
926.80
942.08
944.33
949.74
931.75
906.62
920.88
938.92
919.47
877.38
831.74
781.84
727.77
668.12
627.36
609.54
596.63
593.69
607.56
642.80
719.71
783.44
825.74
848.78
867.29
880.97
865.48
863.31
852.05
853.83
924.33
985.25
968.74
943.15
890.51
835.23
764.11
711.54
668.78
648.44
639.11
638.01
662.86
706.57
785.21
848.54
872.12
883.18
901.40
922.79
926.53
937.15
938.13
938.41
997.50
1046.92
1027.89
993.81
947.06
885.57
808.80
751.27
707.41
684.25
672.46
672.52
697.52
743.42
817.61
877.73
897.30
888.69
889.58
882.85
880.98
880.38
880.63
884.17
961.11
1023.64
1008.60
978.86
930.77
870.62
790.02
733.96
686.15
659.23
645.56
641.99
658.29
700.93
771.81
829.78
857.89
864.13
872.63
865.12
862.10
870.33
871.64
880.88
942.33
969.43
951.09
920.88
881.37
833.80
772.38
709.21
658.07
635.76
618.93
613.22
618.91
640.80
688.16
731.06
784.82
836.15
881.63
913.24
933.20
940.43
950.94
970.55
1025.78
1050.23
1027.10
986.62
946.10
892.60
832.52
771.05
721.24
700.45
683.97
676.97
680.75
696.95
728.82
754.88
789.51
823.69
839.18
851.47
862.75
859.64
858.15
885.58
977.69
1038.13
1030.80
998.86
959.12
900.28
826.96
775.68
733.01
708.90
699.97
700.26
725.26
773.00
852.09
917.88
945.16
960.64
977.71
979.47
972.05
965.67
951.21
964.12
1038.74
1103.49
1089.58
1053.88
1003.98
943.91
863.73
801.77
751.14
726.09
713.17
714.49
736.32
784.38
865.26
936.02
981.75
1005.05
1022.38
1026.57
1015.52
1014.41
1017.22
1028.25
1093.21
1138.23
1117.55
1082.52
1033.20
968.61
889.12
821.05
773.10
750.76
739.01
739.32
757.80
807.81
884.73
953.53
991.24
1008.44
1017.91
1021.21
998.49
998.74
1006.39
1010.52
1075.69
1113.91
1092.13
1056.90
1003.85
938.78
860.62
787.50
741.62
711.65
696.66
695.85
713.14
758.22
841.14
899.17
922.39
916.91
926.47
940.82
925.70
913.51
903.83
912.75
991.82
1060.03
1048.95
1023.86
981.27
925.20
853.85
786.15
739.02
714.58
705.01
706.16
726.41
774.41
854.35
914.46
934.64
931.86
930.33
914.24
901.75
897.61
891.43
894.85
960.99
1010.46
995.87
966.01
924.86
876.71
810.22
742.77
692.81
668.23
651.11
647.29
653.38
664.28
708.51
747.21
794.15
847.59
878.14
902.32
905.65
910.02
911.63
915.83
969.34
994.83
972.44
934.84
894.57
843.89
787.93
725.26
673.22
652.30
632.58
625.55
626.36
640.12
667.49
694.01
734.85
762.17
770.79
778.77
791.10
800.67
796.78
808.80
900.23
958.49
946.49
913.05
870.63
827.82
763.35
704.16
662.06
643.59
634.94
645.93
667.62
705.80
789.52
862.26
924.27
953.83
981.51
994.87
993.02
997.33
991.98
995.04
1054.96
1094.98
1073.60
1042.63
990.12
930.88
851.83
790.94
742.34
715.69
704.67
705.80
723.25
773.87
856.25
923.44
949.39
948.60
952.41
954.95
954.02
954.04
948.63
959.76
1044.39
1116.28
1106.97
1081.70
1036.65
977.76
892.66
830.52
784.00
760.97
751.40
752.79
776.39
825.38
906.73
973.71
1001.85
1000.59
1039.36
1051.20
1048.03
1053.57
1053.92
1058.47
1132.89
1174.14
1158.87
1130.36
1082.63
1009.02
938.20
866.01
811.68
778.12
761.98
756.94
760.98
784.90
827.04
874.07
933.40
979.33
1016.97
1040.03
1052.32
1050.07
1046.95
1055.64
1123.67
1189.75
1166.34
1123.08
1069.65
1000.75
918.70
861.99
814.90
791.58
778.93
778.19
795.70
835.22
905.07
972.03
1022.11
1048.77
1069.62
1072.45
1071.09
1052.73
1036.57
1021.46
1085.36
1140.00
1129.57
1103.46
1063.98
1012.73
940.75
882.62
828.56
801.17
792.63
789.78
797.99
821.74
867.82
912.60
960.94
985.16
988.36
974.11
958.17
950.40
946.89
968.47
1042.82
1096.38
1079.76
1051.42
1017.86
968.36
911.17
845.31
802.31
769.68
751.30
743.87
745.54
759.77
795.64
826.66
875.82
924.22
954.61
970.02
973.28
969.90
965.45
982.20
1053.84
1085.74
1067.42
1032.77
990.98
932.61
862.54
794.83
746.66
727.78
713.89
712.71
726.36
768.35
841.63
911.76
965.62
987.86
1008.95
1021.90
1011.51
1002.33
990.24
982.07
1042.06
1108.31
1092.04
1065.51
1018.66
954.87
884.80
812.39
756.97
727.30
712.88
716.30
729.27
769.99
845.37
906.79
950.19
954.14
958.62
953.09
940.48
936.09
938.88
958.94
1024.29
1077.27
1064.47
1039.71
997.21
942.65
866.21
794.94
743.86
718.49
706.29
706.63
724.74
767.80
840.95
909.52
938.80
948.69
949.88
942.25
923.98
919.81
923.32
929.87
1002.13
1058.41
1051.66
1036.22
1001.77
951.50
881.80
811.99
760.07
723.96
706.79
695.76
706.69
730.84
788.80
833.12
863.85
878.30
879.63
878.95
872.44
888.35
890.73
901.86
963.62
985.47
945.31
899.63
861.80
829.87
776.35
718.73
673.81
640.69
619.70
610.40
610.71
626.48
658.98
698.55
750.79
790.80
820.23
842.43
858.64
864.00
860.81
861.25
888.57
891.46
870.37
850.04
828.31
799.76
770.60
721.66
689.36
671.77
664.13
662.34
670.77
692.88
735.50
770.11
812.76
842.20
866.53
874.02
875.40
868.65
872.15
894.72
969.51
1034.05
1029.00
1004.38
971.67
926.28
869.92
814.27
768.58
741.14
726.10
719.72
723.65
738.81
768.46
792.79
822.61
844.86
856.62
859.50
862.48
856.48
861.31
888.84
969.67
1030.64
1023.89
996.27
958.91
910.44
850.09
791.93
755.75
731.23
719.85
717.78
728.71
762.79
821.18
873.53
914.13
939.72
956.50
965.13
970.16
956.75
924.68
919.15
980.72
1040.00
1025.61
994.30
948.96
898.49
830.40
763.22
716.53
689.63
675.65
677.00
693.08
734.45
799.93
855.93
888.46
903.68
916.01
933.22
943.44
936.96
938.72
954.61
1029.23
1096.97
1085.91
1055.79
1008.75
955.46
883.34
827.58
783.70
765.66
753.94
753.78
772.94
802.72
865.04
913.79
951.99
966.70
974.94
978.62
979.47
966.34
964.27
967.53
1027.99
1079.89
1061.05
1027.53
979.17
920.20
849.84
781.19