1551.41
1498.69
1460.58
1443.17
1456.63
1501.69
1556.69
1591.93
1632.95
1676.63
1716.76
1773.46
1772.76
1770.50
1776.81
1833.07
1984.04
2114.51
2086.73
2032.08
1957.37
1847.87
1712.42
1593.59
1517.98
1475.82
1464.29
1473.44
1532.39
1685.29
1908.82
2032.90
2056.36
2023.25
2007.18
1961.27
1890.12
1862.72
1899.22
1991.84
2126.22
2244.20
2219.24
2154.62
2076.09
1951.32
1797.47
1652.54
1561.53
1508.71
1486.16
1482.45
1525.40
1652.93
1853.71
1974.23
1988.19
1999.91
2013.35
1989.32
1983.98
1986.50
1980.53
1989.46
2083.58
2146.72
2110.01
2042.45
1973.43
1881.68
1757.28
1631.00
1537.71
1476.40
1448.05
1433.59
1445.38
1493.92
1570.34
1656.27
1757.39
1841.46
1896.90
1923.22
1926.91
1916.34
1907.54
1921.69
1993.65
2041.97
2008.91
1945.89
1887.70
1805.43
1712.73
1609.33
1522.64
1458.97
1431.71
1422.30
1436.05
1475.61
1542.43
1608.45
1686.78
1758.63
1792.44
1816.51
1820.26
1773.50
1785.84
1884.33
2046.89
2183.89
2164.37
2108.04
2032.29
1919.21
1786.82
1671.68
1599.59
1557.81
1545.24
1551.14
1609.08
1759.06
1996.61
2118.79
2136.48
2138.44
2153.20
2169.81
2141.40
2098.01
2080.61
2100.83
2211.33
2338.17
2320.83
2259.63
2175.74
2048.75
1887.88
1748.66
1657.92
1617.48
1596.52
1601.04
1649.44
1789.74
2019.55
2136.35
2131.08
2027.47
1961.43
1927.52
1881.34
1951.15
1999.40
2057.40
2184.02
2290.69
2270.37
2212.05
2123.88
2007.16
1844.45
1708.34
1624.43
1576.35
1561.89
1567.77
1615.33
1759.73
1984.77
2104.13
2086.42
2015.73
1925.81
1893.56
1927.67
1974.20
2001.97
2070.71
2203.03
2341.04
2338.67
2297.94
2229.69
2124.81
1977.16
1855.58
1776.73
1740.36
1730.85
1743.50
1797.13
1940.75
2178.26
2293.55
2249.01
2146.13
2057.91
2006.18
1974.14
1993.75
2059.87
2145.91
2305.71
2428.89
2418.08
2362.59
2280.86
2155.15
1990.82
1850.11
1767.85
1717.79
1696.70
1691.74
1731.01
1851.71
2062.25
2161.20
2131.36
2051.09
2061.90
2103.20
2111.02
2111.91
2081.36
2071.80
2132.35
2181.55
2137.45
2065.73
1981.42
1880.85
1753.94
1622.92
1524.59
1463.92
1428.17
1412.65
1423.89
1469.86
1548.85
1627.14
1701.34
1724.99
1656.51
1659.72
1631.06
1618.48
1652.79
1710.78
1800.48
1873.84
1835.80
1774.51
1711.32
1631.44
1536.14
1438.94
1353.18
1294.87
1264.08
1247.14
1250.04
1277.46
1329.62
1403.24
1488.94
1506.07
1486.22
1472.92
1472.05
1478.10
1523.81
1622.65
1763.95
1915.96
1908.01
1862.54
1797.24
1702.91
1590.76
1486.26
1424.04
1391.69
1388.00
1403.09
1464.76
1630.93
1873.44
2016.37
2047.79
2066.60
2084.73
2104.13
2111.22
2116.86
2103.68
2117.24
2207.49
2288.48
2258.69
2191.75
2104.00
1966.71
1810.31
1674.51
1589.52
1537.01
1511.82
1510.54
1556.13
1694.83
1925.85
2049.21
2051.69
2001.07
1955.92
1933.29
1937.83
1960.71
1987.65
2026.03
2120.76
2220.70
2203.42
2137.63
2049.52
1927.04
1766.38
1639.76
1545.89
1495.89
1477.60
1471.78
1515.79
1659.49
1886.37
2001.17
1961.64
1918.21
1877.98
1873.35
1850.83
1814.18
1822.21
1899.26
2034.05
2175.52
2170.30
2125.17
2061.23
1953.03
1802.74
1676.09
1590.70
1541.37
1525.05
1532.10
1575.16
1709.05
1927.35
2057.33
2090.35
2085.46
1997.29
1973.15
1942.29
1933.80
1968.83
2026.20
2150.66
2281.06
2277.50
2224.66
2162.66
2056.08
1916.80
1801.63
1737.54
1698.91
1695.96
1710.31
1774.84
1924.85
2160.63
2286.25
2260.60
2172.09
2093.49
2042.38
2012.91
2025.44
2079.63
2184.05
2331.08
2443.11
2423.61
2385.72
2326.67
2236.82
2116.05
1998.27
1919.25
1866.13
1837.00
1824.72
1837.58
1889.88
1971.31
2061.56
2142.04
2155.66
2145.70
2170.59
2189.69
2198.34
2201.93
2226.11
2305.88
2384.53
2352.63
2276.53
2192.16
2083.40
1958.07
1841.19
1752.32
1696.95
1661.85
1645.20
1647.57
1675.30
1739.54
1805.65
1890.27
1937.85
1931.98
1922.56
1924.72
1932.23
1955.94
1977.05
2057.81
2180.07
2167.06
2106.84
2043.13
1955.69
1853.02
1767.08
1711.37
1675.20
1671.09
1685.21
1743.46
1865.46
2033.04
2156.06
2221.74
2215.05
2202.10
2177.78
2145.35
2134.75
2148.76
2214.74
2334.39
2472.07
2463.18
2410.28
2329.29
2205.03
2052.19
1925.17
1850.77
1814.72
1804.93
1812.53
1873.92
2018.52
2251.73
2376.19
2342.12
2257.38
2199.54
2161.52
2142.70
2164.35
2155.91
2195.58
2312.34
2459.92
2468.12
2431.64
2359.82
2239.19
2082.74
1952.29
1879.76
1838.17
1827.37
1836.00
1890.71
2036.86
2263.37
2379.83
2340.54
2250.74
2168.10
2099.57
2043.92
2026.41
2032.78
2095.65
2223.06
2381.40
2386.83
2339.04
2268.81
2154.14
2000.43
1869.16
1791.20
1756.80
1746.91
1754.87
1810.63
1963.05
2193.48
2301.93
2250.77
2140.37
2066.89
2024.21
1997.23
2026.11
2027.45
2069.44
2173.18
2308.27
2300.20
2248.01
2165.88
2049.02
1895.32
1766.48
1679.77
1636.71
1619.62
1621.68
1675.41
1810.76
2031.38
2145.91
2101.57
1997.30
1929.66
1889.70
1842.24
1833.24
1832.15
1898.98
2019.12
2139.52
2131.24
2078.32
2013.18
1925.02
1803.80
1680.13
1589.97
1534.37
1506.13
1493.28
1510.74
1563.22
1648.29
1731.20
1827.78
1902.99
1948.08
1970.26
1972.03
1962.15
1950.73
1959.25
2007.02
2061.88
2024.27
1953.84
1880.25
1789.90
1680.06
1571.54
1484.80
1436.71
1409.01
1398.27
1407.76
1449.29
1515.40
1581.49
1614.57
1595.65
1600.69
1639.56
1672.53
1696.56
1736.55
1791.52
1915.99
2057.00
2051.48
1998.74
1921.53
1806.17
1673.17
1562.99
1489.48
1448.60
1433.49
1439.36
1500.85
1651.80
1892.75
2007.87
2018.88
2012.96
1959.79
1916.44
1912.76
1919.08
1961.55
2012.73
2106.51
2224.91
2212.34
2148.33
2060.58
1941.87
1782.34
1656.85
1573.61
1528.49
1511.59
1514.64
1563.56
1706.13
1933.70
2038.44
2037.62
2023.76
2041.03
2054.29
2055.42
2048.07
2044.79
2078.46
2163.44
2274.61
2268.12
2203.60
2121.97
2001.88
1841.24
1715.54
1633.39
1589.07
1572.24
1576.80
1632.33
1775.04
2004.59
2110.04
2034.68
1912.39
1829.34
1777.65
1745.17
1756.17
1799.03
1915.80
2082.95
2256.59
2278.56
2240.33
2173.68
2061.86
1912.72
1785.08
1717.64
1686.59
1683.66
1696.37
1761.00
1908.04
2144.87
2251.03
2163.10
2023.16
1928.80
1866.91
1828.51
1833.58
1879.47
2005.60
2144.22
2304.52
2320.11
2276.58
2200.55
2088.52
1935.93
1805.12
1724.73
1684.45
1672.56
1673.13
1718.15
1857.36
2088.89
2185.76
2101.79
1996.20
1942.59
1944.62
1954.91
1989.61
2005.71
2029.27
2090.54
2185.99
2169.59
2108.26
2033.87
1937.56
1810.88
1685.89
1604.37
1547.32
1517.50
1513.22
1530.42
1580.14
1659.50
1747.94
1849.56
1930.01
1958.77
1965.02
1957.89
1939.78
1923.62
1926.84
1975.86
2049.84
2026.12
1969.74
1908.54
1828.94
1725.03
1618.15
1535.69
1485.62
1457.22
1448.93
1457.09
1494.10
1567.32
1635.58
1704.16
1693.22
1682.95
1747.60
1769.05
1745.61
1777.51
1856.57
1966.00
2100.20
2064.43
1965.61
1897.44
1812.88
1717.22
1609.36
1537.79
1496.03
1488.05
1497.92
1552.04
1700.36
1928.55
2044.43
1992.61
1931.91
1952.19
2011.55
2026.14
1977.96
1908.14
1919.16
2025.44
2187.97
2215.09
2165.30
2087.22
1967.32
1818.95
1689.06
1611.80
1570.01
1555.20
1552.26
1599.67
1736.68
1963.99
2070.46
2081.25
2077.61
2041.54
1986.33
1961.80
1956.43
1858.47
1892.81
2026.84
2169.37
2187.05
2128.64
2040.60
1908.82
1755.32
1618.07
1527.32
1482.05
1466.51
1467.72
1521.48
1666.48
1891.88
1997.07
1993.33
2021.01
2042.81
2008.56
1942.82
1894.48
1893.60
1954.41
2048.37
2213.10
2235.69
2188.39
2113.23
1992.84
1841.50
1709.97
1626.08
1578.02
1561.26
1569.41
1630.03
1756.76
1939.44
2069.30
2152.32
2186.60
2203.80
2203.19
2181.46
2185.03
2163.61
2159.23
2205.41
2288.87
2273.69
2203.78
2115.28
1993.07
1837.94
1699.54
1618.99
1564.62
1544.28
1540.81
1587.54
1720.96
1926.16
2057.46
2107.17
2117.71
2124.44
2136.33
2116.65
2121.65
2101.51
2042.15
2110.03
2218.73
2222.88
2174.95
2111.04
2027.14
1912.48
1792.65
1719.64
1672.95
1650.07
1644.19
1666.00
1725.28
1805.13
1872.84
1892.10
1865.41
1838.44
1853.58
1857.36
1851.53
1865.66
1903.67
1994.12
2133.13
2149.47
2103.37
2052.00
1979.38
1881.89
1793.19
1718.17
1674.57
1655.25
1646.59
1663.61
1707.08
1774.25
1831.01
1866.84
1879.00
1898.50
1908.40
1952.43
1962.31
1984.70
2010.85
2093.29
2209.67
2211.63
2140.53
2051.50
1931.86
1794.07
1668.55
1593.58
1545.23
1530.12
1530.95
1584.67
1731.40
1952.02
2074.78
2116.08
2143.52
2160.33
2157.53
2119.87
2105.80
2069.26
2081.94
2142.20
2246.87
2237.87
2170.51
2077.83
1950.51
1803.92
1675.02
1588.04
1541.57
1521.16
1518.52
1566.07
1710.86
1931.98
2053.85
2090.00
2110.34
2128.21
2121.91
2120.06
2115.20
2098.71
2070.79
2120.60
2232.35
2238.56
2177.36
2091.01
1971.25
1810.74
1678.94
1594.33
1548.04
1532.71
1540.13
1601.35
1744.56
1974.42
2053.84
1983.42
1903.71
1848.54
1783.13
1733.04
1810.72
1858.17
1911.98
2019.46
2171.60
2201.20
2150.99
2074.85
1957.12
1802.29
1671.62
1593.88
1554.72
1532.36
1535.38
1580.36
1709.38
1902.33
2032.41
2105.72
2135.24
2143.52
2149.99
2143.62
2127.44
2097.29
2080.92
2114.93
2209.57
2221.63
2168.83
2094.86
1983.84
1843.80
1716.39
1626.24
1578.51
1561.77
1567.79
1626.19
1777.51
2004.56
2111.69
2098.07
2028.45
1974.05
1929.84
1900.58
1900.18
1923.86
1990.87
2116.59
2259.00
2314.83
2297.56
2251.29
2169.76
2064.47
1952.88
1879.75
1833.95
1818.98
1817.55
1840.37
1887.62
1977.16
2031.65
2032.51
1995.52
1942.32
1888.47
1835.83
1798.13
1818.03
1905.21
2010.36
2143.77
2181.75
2142.68
2089.73
2010.83
1903.82
1798.63
1715.31
1661.84
1632.06
1616.45
1618.40
1647.03
1704.96
1762.08
1822.93
1841.51
1828.03
1872.41
1867.35
1815.05
1772.12
1801.42
1890.14
2026.97
2053.63
1997.42
1919.59
1827.86
1722.15
1628.05
1563.68
1532.64
1516.19
1532.47
1579.65
1684.27
1814.69
1886.24
1862.07
1808.98
1778.55
1749.53
1713.30
1697.59
1715.32
1790.71
1933.02
2106.23
2160.62
2107.22
2039.50
1937.43
1808.32
1698.77
1626.28
1582.96
1569.36
1571.01
1635.17
1763.90
1945.96
2068.21
2115.63
2123.26
2166.11
2181.80
2189.72
2209.44
2205.70
2195.41
2235.48
2296.88
2266.74
2201.90
2106.07
1986.02
1838.57
1713.13
1626.45
1574.47
1551.02
1548.02
1594.89
1720.80
1889.44
1976.39
1927.92
1874.98
1840.25
1806.34
1767.86
1760.00
1779.88
1853.86
2002.33
2166.27
2233.06
2191.27
2129.00
2028.58
1900.61
1783.31
1704.38
1662.42
1649.48
1657.05
1708.20
1843.53
2020.06
2106.38
2028.97
1950.43
1948.49
1957.94
1952.84
1986.93
2012.95
2023.31
2114.61
2257.16
2313.96
2279.79
2221.34
2120.80
1990.60
1873.60
1795.22
1764.16
1757.13
1754.90
1810.20
1934.89
2111.15
2182.43
2110.62
2020.58
1948.23
1899.52
1850.63
1832.58
1845.41
1904.84
2034.27
2179.66
2232.30
2183.56
2126.18
2039.04
1919.86
1805.73
1728.56
1683.73
1655.49
1646.56
1665.08
1719.62
1799.82
1823.83
1786.13
1728.15
1672.20
1627.50
1581.86
1552.17
1569.51
1643.31
1768.97
1916.07
1980.60
1949.19
1893.79
1827.56
1735.43
1640.79
1569.16
1530.90
1512.64
1506.21
1525.51
1564.71
1628.79
1649.63
1619.79
1570.90
1529.42
1492.83
1469.09
1457.51
1494.23
1578.90
1730.13
1895.61
1983.03
1954.97
1892.52
1787.40
1666.36
1566.72
1497.32
1473.42
1468.66
1488.43
1555.77
1713.80
1940.46
2000.27
1888.81
1778.65
1706.49
1654.59
1628.70
1624.15
1657.67
1727.22
1845.80
2003.56
2073.84
2019.34
1942.89
1819.68
1676.29
1547.11
1471.72
1432.06
1416.87
1417.42
1466.16
1608.04
1828.28
1929.78
1918.04
1853.75
1845.17
1838.84
1785.34
1755.31
1800.33
1844.89
1916.42
2031.45
2067.83
2014.35
1935.20
1820.47
1673.02
1549.96
1463.96
1419.36
1401.01
1402.87
1451.35
1591.57
1812.32
1921.61
1908.78
1882.30
1898.00
1906.32
1870.44
1821.82
1818.57
1870.86
1955.84
2056.43
2091.07
2045.10
1969.43
1853.09
1702.67
1570.51
1490.63
1449.30
1424.80
1427.95
1478.86
1608.48
1828.95
1940.14
1969.14
1950.79
1864.29
1763.97
1803.41
1797.09
1794.28
1854.44
1982.57
2140.55
2208.30
2174.80
2112.66
2006.69
1864.36
1729.31
1653.66
1608.92
1592.00
1593.86
1645.22
1781.49
1984.36
2035.96
1969.72
1892.35
1837.98
1792.20
1768.36
1784.01
1844.80
1931.81
2010.70
2109.95
2161.47
2112.92
2054.82
1967.57
1851.88
1737.54
1659.87
1617.06
1594.90
1589.16
1609.77
1666.92
1741.62
1786.04
1777.38
1767.07
1765.94
1826.98
1791.57
1741.64
1708.40
1761.03
1883.82
2038.25
2117.12
2084.41
2037.51
1962.73
1869.45
1769.90
1695.50
1646.13
1629.53
1626.90
1638.13
1680.61
1731.54
1756.22
1782.75
1803.13
1750.51
1690.40
1678.73
1633.46
1645.46
1722.31
1877.31
2048.37
2136.44
2111.71
2046.19
1943.31
1813.79
1703.83
1635.16
1589.17
1568.66
1570.88
1626.82
1768.16
1988.80
2056.33
2024.69
1989.25
1910.85
1874.66
1757.38
1679.00
1691.45
1747.98
1881.83
2039.75
2095.28
2049.76
1963.06
1840.69
1694.24
1563.26
1475.39
1432.67
1409.35
1408.29
1451.56
1597.35
1790.16
1852.23
1777.71
1699.30
1631.62
1589.12
1632.13
1680.49
1734.33
1751.76
1847.12
1972.37
2021.21
1972.45
1895.61
1780.50
1630.81
1501.56
1422.02
1378.90
1369.37
1371.87
1423.04
1575.26
1780.04
1860.05
1861.92
1854.30
1842.47
1787.21
1755.50
1756.43
1740.26
1769.97
1879.20
2014.71
2105.51
2066.20
1989.37
1876.17
1717.94
1596.21
1518.76
1476.24
1463.13
1471.22
1522.51
1673.51
1864.45
1893.91
1803.30
1717.40
1671.01
1640.40
1591.58
1581.12
1597.89
1661.22
1800.42
1950.44
2056.56
2031.79
1976.76
1878.92
1733.92
1618.82
1543.54
1508.42
1492.90
1502.18
1555.63
1703.96
1899.04
1925.63
1806.55
1714.22
1692.16
1695.81
1758.16
1827.17
1875.41
1903.21
1965.53
2034.79
2057.95
2007.13
1939.71
1856.27
1740.59
1624.77
1542.99
1498.10
1473.82
1461.02
1485.57
1555.13
1633.00
1674.71
1658.85
1625.02
1590.10
1551.21
1516.03
1485.28
1500.26
1569.46
1697.24
1847.88
1942.58
1913.45
1863.55
1798.33
1702.03
1606.47
1533.41
1517.51
1501.61
1481.55
1482.12
1509.28
1571.24
1618.06
1628.33
1600.38
1581.39
1514.91
1468.04
1429.24
1431.57
1450.48
1527.99
1660.86
1786.02
1877.81
1841.01
1748.62
1628.53
1514.17
1428.31
1379.38
1360.39
1362.12
1404.59
1548.92
1779.94
1903.77
1850.88
1739.94
1676.63
1607.72
1560.69
1543.85
1536.74
1556.92
1641.38
1755.45
1857.98
1926.66
1863.60
1749.62
1604.36
1468.48
1373.31
1311.42
1287.18
1280.68
1323.56
1449.23
1671.96
1797.17
1801.57
1746.91
1711.78
1654.57
1631.23
1744.91
1737.50
1695.75
1738.57
1847.07
1899.36
1927.65
1857.86
1738.63
1593.49
1457.26
1366.23
1311.52
1288.79
1284.44
1330.87
1469.82
1692.07
1812.53
1775.47
1681.56
1622.03
1573.75
1549.63
1565.11
1650.88
1697.72
1708.87
1812.35
1910.09
1963.48
1907.80
1798.36
1654.83
1526.06
1445.68
1398.43
1388.02
1392.35
1438.94
1579.94
1803.13
1930.49
1944.56
1968.69
1963.08
1944.81
1896.62
1892.60
1872.29
1875.91
1888.78
1924.00
1987.74
2027.03
1966.76
1856.73
1707.48
1569.50
1475.56
1429.99
1404.93
1405.31
1439.97
1561.45
1748.22
1887.82
1950.12
1987.30
2016.86
2016.49
1995.07
1959.88
1821.46
1737.00
1781.06
1795.08
1851.73
1912.00
1869.58
1788.48
1672.16
1560.34
1473.65
1421.56
1395.74
1386.45
1403.31
1455.18
1545.96
1607.19
1623.70
1596.91
1556.41
1514.09
1465.50
1458.20
1477.02
1516.52
1609.99
1718.21
1811.03
1856.75
1800.02
1722.80
1611.50
1512.09
1425.36
1378.83
1354.91
1341.57
1351.81
1386.98
1449.72
1502.82
1518.95
1509.54
1478.48
1451.63
1425.17
1397.43
1381.46
1407.09
1503.90
1648.58
1768.99
1857.02
1826.16
1746.96
1647.75
1543.06
1481.49
1448.16
1448.43
1455.47
1523.66
1646.95
1836.36
1958.90
1945.87
1859.54
1785.88
1743.06
1708.00
1675.44
1661.57
1688.48
1783.61
1892.57
2003.89
2071.67
2012.48
1903.60
1770.28
1645.89
1560.16
1516.82
1492.71
1487.74
1530.44
1629.52
1790.71
1924.89
2025.27
2082.35
2113.36
2113.58
2095.14
2088.44
1997.11
1866.21
1928.39
1979.55
2007.34
2014.55
1942.54
1836.64
1702.12
1588.49
1517.54
1471.11
1451.66
1452.62
1495.13
1612.41
1768.95
1867.43
1838.65
1750.93
1684.26
1638.64
1603.63
1575.36
1556.26
1593.64
1686.67
1817.23
1904.78
1943.65
1874.23
1767.38
1637.64
1527.56
1443.26
1403.82
1381.30
1382.05
1422.42
1530.10
1693.07
1833.16
1931.67
1979.25
1997.14
2012.71
1997.83
1984.10
1945.37
1926.44
1943.16
1990.07
2010.87
2006.31
1923.82
1815.12
1679.62
1562.15
1475.41
1426.20
1401.41
1398.43
1421.67
1511.01
1652.63
1767.37
1844.04
1876.26
1876.47
1887.98
1850.19
1814.76
1784.93
1734.76
1719.70
1775.14
1812.55
1857.68
1786.15
1679.61
1564.38
1449.89
1368.65
1317.61
1291.33
1285.34
1299.65
1345.98
1417.16
1477.03
1518.98
1510.02
1452.40
1401.35
1380.32
1349.25
1332.13
1352.10
1442.39
1593.53
1723.72
1809.39
1776.90
1693.55
1602.27
1517.73
1451.75
1413.69
1390.88
1397.48
1421.78
1457.55
1517.44
1555.20
1549.71
1518.37
1489.40
1474.74
1459.99
1427.92
1400.06
1425.55
1526.87
1673.20
1792.82
1883.63
1845.90
1750.62
1646.47
1547.19
1485.96
1445.48
1434.74
1437.67
1481.40
1594.23
1743.39
1869.89
1940.31
1983.58
2041.39
2010.33
2031.07
2078.28
2098.80
2112.27
2136.61
2167.31
2135.69
2115.83
2036.19
1916.71
1790.43
1663.56
1595.74
1552.20
1513.85
1505.29
1526.73
1627.75
1746.87
1849.81
1902.00
1847.91
1783.23
1754.60
1714.39
1717.49
1739.51
1719.60
1738.56
1846.44
1909.57
1957.44
1902.96
1805.52
1693.43
1588.79
1522.79
1473.93
1455.35
1458.12
1481.15
1571.67
1707.28
1816.02
1879.90
1886.78
1916.63
1931.93
1949.60
1956.72
1935.91
1901.30
1911.17
1975.19
1990.42
2002.27
1928.84
1821.39
1700.42
1596.90
1524.11
1481.59
1459.05
1456.61
1490.50
1587.96
1724.73
1803.09
1767.60
1689.20
1618.47
1578.53
1547.36
1512.58
1480.44
1500.29
1585.20
1696.85
1784.73
1849.10
1807.16
1700.33
1582.29
1479.84
1401.88
1353.01
1322.21
1308.36
1334.50
1416.11
1543.17
1623.85
1600.57
1531.77
1482.02
1460.42
1436.33
1409.78
1384.49
1392.23
1468.60
1601.20
1692.20
1752.79
1718.77
1627.90
1526.41
1432.21
1361.81
1322.24
1301.54
1301.64
1323.63
1372.32
1437.67
1469.77
1477.86
1505.07
1519.77
1563.92
1582.42
1602.37
1585.86
1604.66
1686.60
1743.41
1775.25
1779.66
1711.55
1620.26
1520.83
1430.06
1355.58
1304.95
1277.21
1262.45
1267.33
1292.99
1345.21
1402.48
1501.89
1602.11
1680.63
1763.29
1802.04
1813.91
1808.67
1813.92
1836.56
1872.29
1865.16
1847.38
1770.25
1666.83
1569.02
1479.29
1404.03
1360.82
1340.91
1337.57
1374.93
1469.45
1614.60
1739.04
1828.23
1860.16
1878.45
1912.01
1939.18
1930.48
1925.58
1915.16
1929.91
1978.45
1981.70
1975.96
1903.15
1797.24
1680.41
1572.30
1491.13
1444.69
1417.98
1415.92
1447.95
1535.96
1667.80
1751.64
1779.02
1761.35
1743.52
1696.76
1663.06
1640.07
1626.62
1624.40
1664.13
1750.63
1825.72
1886.11
1859.10
1767.37
1657.25
1554.92
1483.46
1443.21
1423.96
1423.34
1462.10
1553.74
1679.34
1744.71
1727.04
1652.27
1598.32
1607.65
1656.10
1653.03
1612.24
1623.01
1672.51
1779.92
1828.11
1862.62
1829.77
1734.07
1619.44
1515.52
1438.88
1395.96
1373.57
1369.78
1405.18
1488.17
1611.78
1706.95
1759.00
1743.86
1703.33
1659.98
1663.55
1688.17
1707.07
1728.00
1786.54
1881.79
1912.28
1918.17
1858.97
1759.29
1643.80
1539.77
1457.74
1405.86
1376.34
1365.12
1389.70
1465.78
1583.22
1688.65
1778.00
1821.70
1844.40
1842.60
1847.37
1827.15
1796.05
1773.30
1793.08
1847.83
1857.84
1856.11
1799.14
1704.44
1593.38
1489.58
1405.32
1353.29
1321.35
1306.95
1312.90
1352.49
1405.15
1451.14
1508.65
1564.86
1582.43
1539.82
1476.13
1432.88
1429.62
1446.59
1510.12
1605.82
1667.82
1709.42
1671.60
1581.55
1486.48
1387.56
1316.31
1264.43
1234.84
1221.17
1224.72
1253.74
1293.38
1333.02
1387.07
1428.09
1431.54
1447.04
1457.75
1461.00
1475.04
1513.55
1602.53
1691.25
1699.18
1690.68
1649.81
1550.64
1456.89
1361.60
1289.42
1250.23
1232.90
1236.70
1275.11
1381.36
1509.26
1582.21
1559.20
1501.21
1456.01
1429.65
1413.59
1393.08
1377.34
1384.29
1458.84
1603.66
1691.91
1752.43
1725.47
1625.78
1508.54
1409.85
1337.56
1292.99
1270.39
1268.10
1296.98
1392.05
1510.50
1580.81
1550.73
1497.15
1451.09
1440.28
1434.28
1404.59
1378.03
1408.79
1488.55
1608.74
1689.38
1737.38
1706.58
1605.72
1487.32
1385.90
1311.07
1263.78
1238.62
1234.63
1261.58
1343.09
1470.20
1597.47
1701.01
1734.81
1727.82
1671.45
1621.30
1564.87
1548.35
1603.02
1659.95
1726.70
1743.91
1765.74
1733.42
1635.37
1523.34
1425.21
1350.97
1307.81
1288.53
1283.65
1313.42
1399.27
1516.10
1620.57
1714.43
1774.92
1843.17
1889.01
1915.20
1911.34
1898.59
1865.33
1863.31
1871.51
1849.68
1852.56
1821.24
1723.24
1606.57
1504.13
1427.92
1383.86
1359.99
1352.74
1376.89
1456.58
1548.61
1604.62
1594.44
1564.82
1572.00
1618.73
1584.19
1568.04
1582.30
1617.79
1669.70
1752.21
1791.48
1800.08
1773.52
1682.96
1577.60
1478.33
1404.76
1359.08
1332.21
1320.14
1331.95
1370.57
1410.69
1417.42
1395.86
1367.44
1347.52
1372.45
1378.09
1354.22
1333.49
1348.70
1432.77
1553.50
1643.11
1700.62
1699.27
1617.30
1527.26
1438.19
1366.24
1322.43
1301.79
1295.95
1305.56
1340.53
1370.10
1376.13
1347.71
1309.22
1292.60
1292.97
1335.19
1320.44
1339.78
1373.36
1446.01
1532.43
1550.26
1583.35
1581.56
1499.92
1409.82
1321.95
1250.25
1203.77
1181.24
1175.91
1206.70
1299.47
1428.25
1552.15
1666.76
1748.90
1800.82
1840.41
1830.89
1808.78
1781.97
1745.90
1758.61
1801.72
1773.41
1744.31
1690.76
1593.24
1483.68
1380.91
1306.62
1263.67
1239.92
1237.41
1269.06
1355.74
1462.72
1526.36
1524.57
1496.28
1428.71
1413.06
1424.40
1405.77
1384.99
1486.13
1510.43
1600.78
1678.44
1740.22
1718.42
1617.64
1507.69
1404.21
1329.68
1280.35
1257.57
1254.10
1285.65
1375.45
1495.94
1601.14
1623.84
1548.87
1459.25
1465.91
1451.68
1428.93
1424.14
1435.48
1489.29
1618.16
1708.89
1765.47
1768.69
1687.07
1582.15
1488.08
1419.67
1371.92
1346.40
1341.79
1370.62
1459.93
1579.66
1683.95
1705.29
1667.53
1667.71
1629.58
1626.01
1592.53
1564.72
1558.04
1610.06
1713.73
1777.83
1830.09
1831.05
1741.98
1627.37
1530.73
1457.22
1412.43
1393.54
1392.95
1422.92
1503.01
1598.84
1645.46
1625.64
1603.71
1544.25
1504.04
1479.69
1440.21
1436.60
1491.52
1581.64
1683.61
1739.85
1769.51
1747.47
1659.11
1555.39
1457.16
1383.77
1340.20
1318.58
1310.20
1322.41
1360.37
1412.32
1486.08
1583.88
1663.71
1703.19
1729.40
1752.77
1746.32
1709.13
1694.84
1711.04
1774.36
1779.00
1772.03
1740.36
1660.45
1568.11
1483.38
1412.59
1367.56
1343.04
1330.88
1342.37
1375.99
1394.33
1394.55
1375.72
1336.78
1290.56
1257.33
1227.38
1186.73
1164.00
1198.75
1312.00
1472.24
1566.78
1616.43
1617.58
1530.01
1427.38
1336.13
1264.35
1224.85
1207.26
1205.99
1240.70
1326.20
1421.63
1495.84
1543.09
1559.31
1559.52
1608.51
1593.83
1518.29
1417.01
1408.89
1513.36
1616.09
1668.19
1712.06
1722.09
1633.22
1529.69
1440.59
1377.27
1335.81
1320.99
1321.41
1354.59
1441.25
1543.78
1611.96
1618.07
1625.90
1727.35
1787.76
1836.78
1853.88
1848.85
1860.68
1905.28
1903.17
1833.62
1816.12
1820.32
1731.50
1625.50
1528.21
1458.07
1418.21
1398.66
1400.53
1436.62
1531.66
1637.04
1692.89
1722.35
1721.19
1719.47
1706.83
1692.90
1659.69
1628.29
1596.38
1630.91
1741.64
1815.09
1856.08
1870.22
1784.15
1669.92
1566.57
1493.36
1446.97
1425.09
1421.33
1457.80
1542.18
1640.55
1673.52
1626.01
1557.71
1559.15
1517.57
1482.92
1513.60
1466.46
1466.17
1586.98
1707.41
1748.85
1777.13
1760.65
1675.88
1561.45
1457.64
1385.05
1335.66
1309.06
1302.75
1327.70
1406.36
1512.03
1614.29
1704.76
1744.57
1797.36
1796.03
1825.18
1818.13
1752.15
1683.65
1686.55
1741.15
1749.26
1743.75
1738.91
1655.84
1556.56
1456.17
1378.63
1336.81
1310.61
1300.43
1312.20
1345.37
1377.50
1419.02
1471.62
1428.94
1314.33
1248.11
1214.40
1171.58
1148.50
1168.10
1266.73
1408.01
1499.69
1550.98
1570.59
1493.55
1400.41
1312.59
1244.01
1196.62
1173.74
1166.51
1169.44
1191.94
1214.85
1259.22
1328.67
1400.87
1487.36
1553.28
1566.78
1596.41
1609.14
1608.89
1676.11
1740.38
1744.00
1737.09
1700.93
1608.03
1509.16
1417.20
1346.18
1299.93
1282.38
1281.38
1317.43
1409.54
1538.39
1670.71
1775.72
1835.85
1866.24
1890.66
1894.91
1880.13
1844.82
1824.77
1866.72
1923.33
1910.32
1898.68
1861.04
1757.92
1641.79
1530.69
1446.89
1396.34
1370.41
1360.74
1387.02
1469.35
1573.28
1653.71
1645.27
1583.84
1547.52
1520.84
1483.67
1465.50
1456.23
1465.74
1534.35
1641.10
1699.71
1723.09
1730.59
1646.00
1539.21
1439.73
1369.14
1330.97
1311.06
1314.53
1351.67
1437.37
1536.04
1574.78
1542.03
1479.21
1428.78
1396.37
1420.61
1446.52
1471.73
1546.41
1651.37
1753.77
1769.51
1760.04
1724.56
1632.75
1518.86
1413.47
1341.28
1293.76
1267.70
1262.39
1291.62
1377.26
1495.90
1624.78
1732.95
1805.20
1865.86
1899.70
1916.77
1936.14
1907.50
1836.88
1826.65
1870.54
1863.64
1843.49
1801.11
1702.90
1587.24
1474.78
1387.76
1336.10
1308.02
1297.33
1310.23
1385.64
1482.30
1596.86
1686.01
1717.18
1695.79
1713.48
1664.65
1575.23
1516.48
1547.11
1630.10
1688.25
1684.52
1672.89
1655.70
1578.65
1477.08
1376.38
1297.94
1243.36
1210.89
1196.84
1205.76
1234.06
1262.56
1259.28
1232.53
1197.78
1174.59
1161.57
1153.38
1128.91
1121.74
1188.83
1310.52
1417.06
1508.22
1537.91
1561.46
1489.89
1396.51
1303.93
1227.57
1177.52
1146.09
1129.13
1123.39
1140.11
1146.92
1174.57
1187.50
1165.80
1166.23
1164.21
1193.88
1168.07
1167.83
1199.00
1288.91
1440.79
1538.96
1574.90
1605.02
1523.41
1408.82
1304.96
1223.29
1175.46
1149.69
1145.78
1167.15
1234.66
1332.33
1409.37
1416.62
1388.47
1369.32
1426.92
1552.66
1566.58
1555.33
1573.12
1600.54
1675.86
1682.37
1672.93
1672.38
1589.74
1473.56
1365.11
1291.11
1244.71
1223.75
1218.97
1249.54
1324.90
1431.12
1483.25
1471.88
1418.26
1370.50
1365.89
1355.54
1343.73
1334.97
1353.35
1439.02
1555.27
1638.80
1662.70
1686.17
1610.02
1498.35
1394.91
1317.25
1277.24
1259.61
1262.20
1297.55
1374.53
1467.55
1515.10
1518.15
1506.45
1538.99
1542.56
1464.21
1463.20
1485.76
1513.84
1630.50
1746.01
1750.80
1728.56
1702.14
1617.83
1498.47
1394.78
1321.34
1274.41
1253.22
1257.42
1283.88
1362.81
1458.31
1509.93
1483.07
1436.66
1455.80
1475.76
1440.16
1428.73
1438.44
1430.33
1456.25
1566.82
1622.98
1649.69
1666.88
1592.35
1486.80
1376.97
1297.53
1245.96
1225.48
1222.66
1251.57
1323.38
1403.97
1450.85
1431.59
1409.19
1443.81
1412.94
1395.09
1462.28
1522.10
1574.20
1581.36
1656.95
1691.51
1695.85
1674.82
1591.35
1488.13
1382.50
1311.20
1270.37
1249.83
1245.97
1259.63
1299.91
1346.57
1415.36
1480.01
1457.12
1385.83
1397.46
1417.84
1413.08
1399.19
1421.84
1462.62
1538.86
1644.32
1691.36
1724.39
1661.74
1562.81
1465.22
1391.70
1340.22
1310.77
1293.91
1295.75
1314.48
1336.08
1352.23
1332.05
1300.29
1346.31
1393.39
1373.89
1287.77
1257.52
1284.31
1344.05
1455.87
1514.54
1544.72
1575.34
1518.82
1432.13
1342.47
1278.03
1239.43
1228.36
1233.97
1273.59
1357.37
1465.72
1509.64
1496.82
1490.97
1582.45
1706.89
1796.15
1752.51
1694.47
1646.86
1664.75
1731.29
1764.72
1760.27
1722.22
1632.41
1524.56
1419.60
1343.45
1305.68
1289.84
1287.22
1323.26
1401.94
1502.01
1554.11
1560.37
1564.29
1559.87
1554.05
1534.42
1507.80
1452.84
1439.08
1499.88
1623.17
1695.45
1723.23
1742.90
1669.95
1561.55
1459.35
1389.10
1345.24
1329.11
1332.82
1368.46
1447.93
1542.81
1589.62
1566.16
1505.83
1470.10
1451.46
1427.51
1412.76
1388.70
1394.63
1459.21
1581.60
1666.37
1688.83
1709.31
1641.82
1525.91
1421.20
1349.70
1303.72
1285.86
1289.24
1330.82
1405.24
1508.88
1544.92
1524.42
1465.18
1416.80
1397.82
1383.07
1371.22
1365.60
1393.87
1459.71
1570.95
1648.00
1663.66
1686.30
1607.37
1480.84
1369.32
1287.63
1230.62
1206.54
1198.40
1215.51
1277.37
1366.69
1462.26
1513.45
1479.80
1444.38
1447.11
1476.57
1491.70
1519.77
1589.50
1641.23
1704.32
1738.19
1735.12
1698.65
1583.36
1491.94
1389.44
1314.17
1258.06
1222.54
1198.28
1183.21
1185.35
1201.62
1237.11
1285.17
1308.90
1291.69
1280.75
1272.63
1244.72
1232.15
1244.62
1329.60
1452.25
1531.15
1551.03
1561.95
1508.45
1411.60
1309.86
1227.08
1175.38
1142.25
1124.59
1123.86
1131.26
1148.36
1193.01
1263.67
1317.81
1339.72
1341.54
1314.80
1285.56
1310.74
1375.47
1444.16
1525.02
1557.67
1571.59
1593.74
1519.28
1405.97
1297.32
1221.14
1174.55
1151.81
1141.04
1167.45
1253.46
1371.88
1499.86
1611.74
1672.89
1702.73
1697.89
1707.62
1681.67
1638.15
1602.87
1588.12
1631.67
1661.87
1667.77
1681.23
1611.17
1490.06
1378.43
1290.07
1242.38
1216.01
1210.68
1236.08
1292.60
1397.20
1468.20
1465.37
1428.95
1406.36
1406.73
1421.83
1422.17
1399.41
1415.60
1490.01
1599.80
1657.01
1664.66
1682.98
1606.97
1485.54
1373.66
1295.72
1249.78
1222.01
1219.75
1249.19
1313.67
1411.38
1475.79
1477.32
1441.21
1419.35
1413.13
1414.65
1411.48
1400.65
1421.96
1497.06
1616.80
1686.02
1689.62
1696.20
1626.28
1498.11
1382.51
1299.56
1247.35
1220.11
1216.44
1245.69
1310.57
1409.77
1478.69
1479.82
1444.13
1425.62
1413.88
1422.94
1428.35
1425.70
1470.09
1548.49
1657.22
1724.85
1725.04
1725.05
1653.04
1524.35
1397.39
1305.14
1251.58
1217.56
1207.67
1225.72
1272.33
1367.53
1439.17
1469.49
1465.86
1465.54
1487.41
1496.55
1513.96
1528.58
1577.98
1668.44
1775.16
1837.12
1831.48
1819.93
1762.83
1639.89
1516.60
1419.09
1348.63
1309.52
1282.56
1283.24
1287.50
1316.50
1368.07
1416.84
1429.95
1415.84
1416.96
1422.05
1408.85
1366.85
1353.08
1402.99
1504.98
1554.70
1560.38
1564.81
1511.55
1410.60
1309.92
1231.41
1181.41
1150.08
1134.11
1136.14
1131.95
1144.54
1155.03
1162.27
1173.71
1169.74
1167.94
1167.24
1166.43
1173.82
1211.31
1301.73
1416.66
1495.05
1507.81
1527.30
1481.98
1387.85
1292.58
1213.01
1161.17
1133.77
1119.62
1128.78
1145.85
1180.48
1229.18
1302.79
1383.99
1434.09
1460.06
1471.95
1429.99
1400.10
1383.64
1460.66
1559.75
1598.28
1606.38
1628.82
1572.57
1457.17
1348.07
1262.63
1213.98
1189.69
1183.89
1213.68
1281.76
1409.19
1535.30
1618.03
1616.29
1616.45
1638.84
1681.48
1749.82
1814.14
1884.36
1984.39
2100.30
2152.60
2117.96
2089.90
1996.98
1836.11
1670.54
1547.71
1466.09
1412.47
1383.63
1391.11
1440.17
1543.34
1655.90
1735.09
1768.90
1787.75
1854.29
1935.03
2001.73
2074.11
2146.66
2217.05
2288.94
2294.15
2235.92
2199.92
2095.65
1924.37
1754.61
1626.49
1541.41
1490.55
1461.09
1468.77
1513.75
1623.33
1743.69
1848.65
1930.39
1979.57
2026.50
2079.46
2118.45
2115.85
2115.71
2133.17
2160.37
2146.26
2127.21
2110.00
2022.79
1881.86
1746.02
1639.46
1567.65
1531.67
1508.13
1522.39
1576.76
1692.06
1822.18
1933.83
2009.01
2034.94
2072.97
2124.53
2158.27
2181.61
2209.63
2214.66
2250.99
2240.22
2208.15
2173.26
2082.57
1936.66
1786.15
1664.10
1588.01
1535.81
1479.30
1464.11
1459.92
1481.91
1532.94
1583.33
1589.13
1622.40
1638.31
1623.80
1629.31
1655.81
1709.51
1816.24
1919.52
1960.82
1922.37
1874.29
1798.91
1665.94
1537.34
1428.05
1345.10
1292.35
1255.62
1235.92
1215.19
1220.84
1222.77
1229.02
1228.95
1237.11
1258.81
1276.06
1291.88
1310.67
1345.29
1433.99
1529.78
1580.89
1590.80
1588.80
1536.24
1428.33
1322.85
1245.05
1198.05
1173.04
1171.47
1205.40
1271.86
1384.39
1460.30
1482.96
1482.57
1522.08
1555.30
1568.15
1569.75
1564.52
1552.56
1612.99
1731.17
1749.96
1714.32
1703.33
1641.73
1522.43
1408.21
1328.66
1276.89
1250.52
1244.98
1267.25
1323.22
1418.77
1503.56
1583.66
1607.96
1637.88
1678.42
1582.60
1578.35
1617.29
1605.37
1653.90
1731.72
1785.40
1776.22
1752.23
1674.83
1558.25
1443.02
1360.95
1307.33
1275.78
1267.29
1288.64
1344.04
1452.01
1569.68
1623.28
1617.96
1655.78
1755.66
1883.92
1933.61
1867.92
1813.27
1885.60
1996.91
2034.99
2017.45
2002.24
1936.60
1785.75
1644.05
1530.33
1450.51
1404.54
1376.56
1383.67
1426.05
1540.42
1663.30
1734.01
1770.06
1817.72
1876.16
1963.56
2064.69
2115.82
2191.03
2257.46
2307.85
2298.50
2261.09
2231.51
2147.80
1987.46
1828.02
1708.63
1622.24
1565.50
1534.14
1541.41
1588.14
1686.55
1818.86
1920.28
1992.12
2021.75
2079.97
2082.72
2069.18
2087.91
2130.70
2226.33
2325.94
2349.89
2297.03
2256.31
2189.12
2036.79
1876.63
1750.59
1658.61
1599.57
1560.52
1546.54
1550.82
1578.14
1651.22
1733.56
1818.59
1902.05
1996.22
2123.79
2228.12
2251.33
2064.31
2019.63
2115.67
2154.40
2102.33
2030.10
1911.71
1745.64
1592.96
1470.38
1381.88
1324.72
1288.43
1274.31
1255.30
1262.46
1279.94
1319.18
1359.64
1410.55
1462.95
1492.98
1507.50
1477.65
1487.60
1531.34
1623.11
1671.35
1677.50
1677.26
1636.34
1516.15
1399.91
1311.34
1255.04
1223.84
1211.75
1239.46
1299.76
1421.72
1517.06
1562.88
1570.52
1573.94
1585.75
1618.16
1647.05
1678.15
1730.87
1829.42
1946.13
1999.25
1966.08
1918.81
1846.63
1693.77
1551.69
1438.47
1375.28
1338.34
1319.13
1338.63
1397.98
1514.56
1633.68
1700.28
1702.09
1750.81
1775.19
1770.79
1782.71
1844.05
1950.02
2066.54
2171.41
2180.62
2146.51
2106.03
2012.99
1852.00
1697.64
1577.39
1490.82
1434.20
1399.47
1410.76
1450.57
1557.94
1659.61
1722.08
1764.16
1786.21
1836.93
1897.15
1953.37
2035.42
2088.38
2175.75
2228.26
2220.24
2162.24
2124.94
2050.05
1903.95
1759.21
1653.82
1578.11
1535.94
1517.73
1536.05
1612.32
1745.71
1889.16
2005.24
2086.73
2140.41
2153.33
2146.26
2122.30
2137.13
2142.00
2159.96
2182.47
2141.74
2104.68
2088.70
2021.71
1892.75
1752.82
1642.78
1571.78
1525.17
1493.94
1493.02
1527.14
1633.69
1748.51
1810.19
1838.58
1865.43
1891.20
1931.71
1983.04
2037.37
2081.31
2132.99
2170.19
2177.97
2108.36
2026.61
1941.93
1788.34
1633.48
1511.33
1422.78
1361.28
1318.91
1303.39
1291.55
1320.14
1343.26
1366.60
1381.99
1379.47
1389.40
1408.22
1415.46
1435.00
1489.63
1572.28
1657.03
1688.50
1663.36
1636.94
1595.97
1486.17
1380.43
1298.67
1240.04
1206.45
1185.01
1183.19
1178.31
1187.92
1203.48
1226.11
1242.80
1265.83
1300.18
1370.69
1400.67
1427.17
1458.66
1527.51
1636.76
1688.78
1681.79
1678.57
1632.12
1519.14
1393.08
1311.18
1256.84
1227.05
1215.10
1243.39
1305.03
1425.52
1520.09
1564.92
1566.96
1581.01
1626.10
1699.84
1766.91
1772.40
1774.77
1810.36
1864.70
1887.20
1863.67
1840.12
1775.88
1638.61
1499.57
1405.08
1338.52
1300.92
1284.82
1299.22
1347.89
1464.68
1560.17
1604.81
1616.11
1632.02
1653.14
1678.85
1709.35
1743.97
1803.98
1895.86
1997.25
2035.71
1999.48
1938.07
1856.59
1706.26
1555.42
1444.14
1370.36
1322.31
1298.98
1316.40
1365.95
1473.72
1573.78
1625.38
1637.35
1662.95
1701.88
1746.36
1797.81
1865.24
1950.63
2064.70
2189.98
2243.01
2209.84
2137.44
2059.19
1899.25
1734.89
1607.81
1522.57
1471.68
1443.54
1450.38
1499.97
1625.71
1757.32
1831.34
1866.86
1933.67
2023.50
2117.40
2226.44
2314.19
2401.54
2505.24
2584.89
2600.73
2536.25
2463.60
2370.59
2179.87
1986.89
1840.87
1731.91
1663.27
1628.53
1633.82
1681.60
1798.64
1928.89
2023.60
2084.58
2153.97
2234.08
2312.33
2386.70
2435.67
2472.89
2530.73
2571.30
2574.44
2515.39
2426.73
2346.43
2173.20
1986.87
1839.61
1719.59
1641.84
1589.65
1565.94
1551.86
1592.76
1689.22
1798.91
1920.78
2029.72
2146.67
2237.23
2287.02
2351.61
2423.93
2514.82
2596.90
2607.08
2544.14
2471.67
2395.71
2226.31
2045.55
1889.23
1774.13
1691.93
1628.47
1593.48
1563.55
1592.49
1678.10
1807.25
1940.98
2074.23
2193.73
2275.33
2341.73
2401.59
2452.58
2511.80
2592.35
2607.33
2576.68
2533.10
2460.41
2267.63
2069.22
1922.88
1810.06
1734.56
1691.13
1696.47
1744.71
1879.13
2031.63
2135.60
2204.76
2281.43
2353.69
2421.94
2484.97
2562.22
2642.64
2722.71
2790.25
2787.16
2747.33
2655.48
2538.98
2320.96
2112.03
1949.40
1831.65
1753.96
1708.23
1704.34
1748.57
1868.35
2014.81
2131.88
2240.69
2377.06
2531.37
2635.78
2717.80
2780.00
2834.22
2884.28
2914.12
2893.89
2822.29
2710.59
2591.72
2373.71
2159.20
1999.42
1888.64
1819.45
1785.95
1792.62
1849.97
1990.30
2139.12
2255.60
2321.30
2380.59
2430.46
2474.52
2474.07
2517.20
2574.61
2660.63
2696.45
2671.80
2571.77
2434.63
2313.36
2111.00
1909.69
1755.59
1652.16
1581.98
1538.35
1536.56
1573.58
1683.65
1794.29
1875.62
1910.74
1978.23
2051.51
2095.61
2133.04
2172.41
2247.85
2352.44
2444.59
2465.52
2407.10
2311.54
2225.21
2049.22
1866.60
1725.03
1622.71
1558.49
1518.49
1514.91
1549.40
1663.30
1792.47
1882.85
1949.40
2014.35
2070.93
2157.13
2240.57
2264.95
2305.22
2323.09
2395.98
2417.40
2347.58
2246.28
2162.96
1989.87
1815.38
1672.33
1566.75
1492.08
1448.60
1431.01
1416.59
1449.44
1513.16
1613.45
1718.94
1846.58
1968.02
2032.26
2019.05
2008.05
1958.07
1926.95
1937.49
1928.51
1914.13
1904.31
1853.85
1751.07
1638.16
1538.82
1466.13
1413.85
1378.36
1367.99
1354.74
1379.94
1436.79
1528.81
1636.85
1760.68
1920.93
2011.41
2100.21
2175.77
2207.93
2213.20
2228.11
2198.82
2114.98
2034.65
1951.92
1824.61
1703.47
1601.04
1536.31
1494.35
1475.11
1497.49
1572.95
1719.43
1853.61
1978.19
2041.14
2068.39
2104.82
2116.16
2124.02
2194.76
2176.02
2115.23
2106.43
2147.23
2098.44
2062.57
1987.37
1849.27
1708.92
1600.10
1534.28
1488.32
1465.69
1479.86
1537.61
1661.08
1791.92
1889.02
1929.46
1963.92
2008.79
2012.37
2033.93
2049.77
2080.76
2134.69
2152.87
2109.96
2061.96
2024.68
1962.08
1839.78
1705.73
1602.27
1532.05
1485.47
1462.08
1473.85
1528.32
1643.44
1773.26
1863.13
1911.96
1961.19
2002.40
2036.09
2128.23
2168.18
2165.87
2239.44
2292.55
2241.73
2164.07
2107.48
2031.68
1887.09
1731.38
1609.59
1528.62
1471.98
1440.80
1447.32
1494.76
1607.15
1735.05
1815.78
1881.45
1958.88
2055.57
2153.45
2264.45
2368.23
2482.62
2591.53
2696.58
2692.55
2606.97
2515.54
2409.96
2222.44
2035.39
1886.12
1784.54
1718.12
1663.98
1652.31
1658.98
1712.23
1789.42
1895.70
1956.57
2029.99
2084.80
2075.15
2031.19
2016.23
1990.72
1985.42
1974.13
1927.46
1875.68
1857.25
1814.42
1707.31
1595.13
1498.86
1424.09
1383.37
1354.87
1344.55
1342.15
1361.74
1409.35
1464.57
1513.05
1572.09
1625.62
1693.43
1762.33
1843.92
1934.73
2012.24
2090.50
2118.45
2079.65
2026.53
1973.01
1877.49
1750.41
1634.33
1540.65
1485.57
1446.12
1430.48
1422.07
1437.31
1483.62
1536.34
1582.44
1650.32
1760.64
1867.32
1963.47
2058.31
2175.75
2290.08
2378.74
2417.49
2367.57
2313.74
2225.69
2058.64
1875.42
1722.13
1630.14
1563.11
1528.63
1538.24
1586.92
1706.41
1835.37
1933.21
1989.67
2047.21
2120.16
2205.13
2278.41
2326.29
2400.49
2470.07
2532.11
2528.99
2437.67
2332.42
2231.16
2052.90
1876.71
1739.19
1651.75
1586.42
1548.79
1551.53
1605.98
1722.30
1836.51
1909.08
1949.67
1990.40
2038.22
2109.11
2175.63
2209.38
2256.83
2326.21
2357.62
2329.97
2273.94
2228.28
2153.53
1997.07
1845.70
1726.80
1645.21
1598.79
1577.09
1595.78
1667.01
1801.87
1940.26
2053.00
2131.70
2217.88
2301.07
2375.68
2481.58
2566.68
2598.62
2644.17
2737.53
2671.89
2557.54
2479.59
2398.99
2217.90
2037.08
1907.32
1808.08
1750.03
1719.49
1725.33
1785.21
1914.24
2081.00
2203.64
2295.69
2410.01
2535.63
2661.30
2784.14
2861.78
2933.41
2989.86
3039.44
3034.73
2979.88
2885.66
2758.10
2521.93
2305.68
2118.27
1993.17
1901.59
1846.21
1842.93
1895.80
2011.25
2145.04
2247.01
2327.45
2405.46
2521.90
2602.89
2692.70
2712.31
2702.37
2693.81
2674.08
2609.17
2535.32
2492.37
2405.69
2259.45
2106.63
1973.78
1874.38
1810.60
1771.09
1759.04
1773.49
1808.06
1886.97
1986.50
2099.36
2222.48
2375.85
2512.29
2540.03
2590.90
2629.35
2694.45
2735.76
2720.96
2642.56
2583.76
2502.27
2346.56
2179.12
2027.98
1917.53
1832.66
1777.85
1744.64
1716.62
1736.40
1810.26
1916.49
2037.90
2139.08
2188.00
2261.77
2303.20
2344.50
2420.57
2548.78
2660.80
2699.62
2646.66
2581.90
2474.41
2286.83
2099.69
1944.35
1851.81
1784.61
1747.13
1757.83
1827.75
1956.35
2089.13
2183.50
2242.05
2290.41
2387.74
2550.64
2636.71
2641.13
2661.18
2725.54
2755.87
2752.40
2660.98
2562.62
2444.47
2246.91
2053.87
1904.16
1792.54
1729.16
1681.57
1680.22
1726.19
1851.33
1999.37
2083.32
2125.30
2158.33
2250.22
2353.65
2380.07
2326.12
2367.02
2452.77
2403.15
2387.64
2324.87
2259.98
2179.12
2013.61
1857.97
1742.83
1662.21
1611.83
1585.27
1596.46
1655.99
1771.96
1897.61
1973.74
2008.69
2043.24
2077.85
2090.58
2125.97
2100.54
2133.73
2197.63
2285.68
2309.02
2246.00
2192.96
2111.76
1959.15
1797.50
1677.24
1586.37
1538.35
1509.68
1520.03
1576.30
1689.77
1799.91
1850.34
1870.86
1900.14
1943.54
2017.01
2074.59
2141.90
2210.27
2242.73
2241.75
2210.05
2147.91
2111.71
2027.20
1874.18
1730.06
1618.19
1540.33
1490.53
1464.20
1476.13
1542.25
1643.41
1754.50
1855.03
1921.37
1969.69
1992.13
2010.35
2013.86
2010.31
2000.36
1998.22
2031.22
2078.23
2078.81
2067.75
2027.96
1904.24
1766.18
1656.93
1577.94
1528.01
1495.61
1484.65
1489.93
1528.19
1607.15
1704.16
1811.02
1926.07
2028.42
2136.25
2214.82
2291.59
2387.58
2499.22
2607.07
2641.44
2566.77
2474.75
2371.10
2188.23
2018.79
1868.89
1756.51
1677.14
1622.97
1590.80
1575.06
1592.54
1675.52
1803.16
1953.06
2123.31
2299.97
2453.69
2560.31
2643.86
2730.74
2844.32
2941.82
2941.49
2892.22
2847.11
2730.16
2514.46
2307.01
2158.63
2053.35
1979.52
1938.59
1950.15
2019.68
2177.29
2342.83
2464.57
2516.12
2594.93
2726.35
2834.01
2925.06
2983.24
3019.50
3049.58
3101.84
3087.08
3030.88
2907.80
2748.70
2503.16
2273.06
2095.16
1970.89
1879.65
1813.94
1799.32
1844.18
1968.99
2130.44
2241.42
2332.12
2421.28
2513.17
2606.77
2669.71
2719.74
2788.66
2857.55
2933.99
2930.99
2842.03
2724.70
2583.63
2353.92
2142.48
1988.22
1870.72
1805.81
1771.22
1781.10
1848.51
1959.07
2073.19
2168.32
2207.12
2226.34
2289.92
2369.63
2401.52
2475.30
2610.70
2718.80
2808.83
2776.49
2693.94
2594.30
2442.87
2270.48
2090.74
1968.11
1878.46
1815.51
1787.83
1796.14
1871.52
2001.50
2149.49
2242.63
2315.49
2457.73
2652.48
2809.16
2869.99
2891.87
2828.75
2684.53
2675.76
2678.80
2637.31
2583.62
2467.06
2286.77
2106.62
1969.68
1868.77
1797.07
1752.63
1756.64
1803.09
1896.85
2013.96
2089.80
2147.29
2214.22
2302.87
2389.92
2464.29
2484.13
2527.56
2560.22
2594.11
2568.94
2523.48
2451.60
2356.12
2176.30
1997.80
1858.23
1751.31
1673.16
1630.23
1607.30
1607.74
1641.75
1715.36
1823.52
1925.41
2041.20
2165.73
2269.00
2325.92
2389.42
2467.50
2558.88
2609.07
2647.69
2587.81
2491.21
2384.10
2200.14
2016.57
1878.87
1774.80
1715.28
1668.71
1638.34
1628.34
1642.07
1719.06
1807.48
1928.05
2051.22
2152.72
2247.78
2337.19
2433.46
2557.67
2626.04
2702.67
2734.95
2690.28
2640.61
2527.06
2323.91
2146.33
1998.09
1901.78
1831.93
1796.26
1805.88
1871.45
2014.29
2204.83
2345.39
2475.28
2599.69
2737.13
2856.62
2956.97
3044.61
3103.66
3144.58
3206.57
3208.45
3169.98
3076.65
2935.78
2705.27
2496.40
2326.61
2207.01
2128.68
2083.41
2077.92
2133.05
2252.67
2443.62
2602.34
2737.63
2855.50
2957.34
3021.09
3043.93
3055.92
3076.79
3101.38
3137.76
3110.50
2958.86
2817.59
2658.01
2427.34
2208.90
2037.92
1905.67
1816.96
1758.91
1745.73
1790.25
1888.09
2028.04
2128.13
2217.82
2328.05
2456.34
2599.91
2695.89
2767.77
2813.97
2890.75
2954.34
2953.72
2869.60
2779.46
2646.01
2438.13
2243.49
2071.64
1954.72
1877.58
1836.85
1840.00
1909.03
2023.10
2151.29
2224.24
2310.97
2411.75
2550.53
2688.80
2755.15
2826.83
2868.67
2854.52
2863.40
2757.17
2664.63
2612.46
2485.81
2296.89
2122.99
1976.49
1873.70
1796.76
1750.37
1745.48
1794.32
1893.16
2004.04
2082.40
2121.70
2157.39
2253.70
2358.63
2451.59
2520.21
2588.86
2665.22
2731.39
2727.47
2630.72
2538.92
2417.74
2231.08
2043.31
1894.56
1773.85
1706.94
1649.87
1625.75
1617.95
1639.24
1716.46
1806.68
1887.92
1974.94
2072.69
2169.96
2258.36
2351.73
2445.65
2540.05
2615.94
2626.89
2550.89
2493.67
2393.61
2237.32
2069.63
1922.90
1818.55
1757.29
1714.01
1691.42
1689.45
1707.53
1763.45
1862.99
1974.04
2057.33
2142.80
2222.10
2293.95
2365.79
2377.93
2374.79
2407.28
2442.35
2430.33
2427.24
2358.21
2232.18
2100.34
1996.86
1924.34
1875.37
1853.27
1877.90
1962.86
2108.64
2266.80
2354.86
2425.26
2475.30
2540.67
2609.65
2692.19
2750.64
2811.02
2861.31
2925.35
2924.86
2851.20
2764.81
2607.85
2395.69
2195.81
2055.77
1957.08
1891.48
1849.78
1850.86
1923.20
2054.33
2187.33
2289.74
2371.73
2447.77
2532.29
2610.92
2653.82
2646.53
2599.90
2467.29
2335.98
2196.64
2061.29
2006.13
1929.18
1815.50
1688.12
1589.49
1526.61
1492.52
1476.40
1508.33
1574.51
1707.27
1855.02
1956.75
2046.58
2157.02
2281.49
2369.72
2453.82
2514.91
2573.55
2630.38
2664.39
2632.27
2527.13
2453.61
2310.32
2103.68
1907.58
1762.12
1655.27
1580.77
1534.83
1533.30
1586.71
1681.09
1803.68
1886.25
1953.20
2008.18
2080.88
2123.85
2205.42
2246.71
2306.56
2386.66
2461.07
2469.27
2394.56
2348.41
2226.99
2040.78
1872.21
1737.03
1642.49
1585.59
1549.68
1555.55
1618.89
1723.46
1839.09
1944.27
1996.33
2003.79
1981.73
1987.30
2060.08
2138.14
2223.53
2273.68
2320.11
2311.32
2263.61
2236.88
2145.07
1996.50
1848.14
1731.90
1637.95
1583.89
1551.79
1542.03
1562.49
1583.42
1616.05
1724.06
1810.67
1857.57
1867.75
1944.21
2026.60
2115.36
2210.75
2316.29
2412.64
2434.26
2366.24
2318.75
2220.64
2065.75
1915.05
1794.26
1696.84
1637.80
1595.18
1579.13
1582.34
1598.14
1655.92
1747.68
1847.75
1966.68
2142.63
2289.94
2338.57
2395.34
2508.39
2594.71
2700.79
2717.16
2662.31
2624.01
2499.93
2311.42
2120.08
1985.24
1877.65
1808.49
1767.56
1773.97
1842.54
1971.58
2129.00
2260.01
2369.87
2494.15
2636.35
2775.17
2889.71
2956.60
3024.03
3091.11
3153.51
3116.07
2994.68
2906.74
2723.49
2489.74
2294.52
2133.73
2012.88
1935.32
1887.03
1885.72
1947.28
2069.80
2234.62
2379.86
2499.40
2635.16
2788.45
2913.08
2985.61
3061.34
3105.79
3116.26
3154.14
3127.37
3065.04
2977.87
2789.83
2565.82
2372.39
2225.45
2128.22
2052.01
2004.34
1995.44
2059.87
2168.43
2299.03
2408.24
2496.08
2597.35
2697.01
2822.74
2927.24
2980.19
3019.83
3077.40
3111.13
3111.83
3004.42
2890.88
2694.49
2449.34
2231.86
2066.49
1958.30
1873.85
1815.26
1806.21
1864.56
1964.85
2078.81
2181.63
2281.82
2352.69
2443.75
2556.57
2666.17
2711.75
2761.75
2755.35
2743.28
2697.91
2633.87
2587.93
2434.84
2230.54
2034.76
1897.46
1789.40
1721.33
1676.61
1675.27
1731.82
1824.75
1943.23
2036.61
2087.81
2181.64
2278.04
2298.55
2384.96
2475.13
2530.55
2584.20
2624.51
2583.92
2498.17
2433.05
2288.61
2099.92
1917.31
1783.54
1685.82
1616.23
1567.95
1547.39
1556.55
1575.19
1638.91
1710.89
1771.11
1839.46
1856.78
1857.36
1829.22
1802.96
1813.62
1852.56
1907.64
1928.31
1918.69
1909.36
1837.76
1735.04
1622.51
1525.02
1464.85
1426.82
1405.57
1402.82
1415.95
1431.01
1475.70
1577.60
1647.92
1708.56
1741.22
1766.53
1796.67
1791.35
1799.52
1834.00
1860.31
1854.79
1839.32
1835.17
1751.95
1646.17
1545.39
1465.23
1416.51
1385.71
1374.65
1404.14
1493.43
1624.98
1733.49
1790.63
1817.13
1839.55
1876.27
1930.89
2006.47
2085.98
2166.78
2259.71
2333.83
2314.13
2259.52
2207.41
2079.42
1941.71
1804.65
1699.60
1622.34
1572.14
1549.25
1562.36
1645.14
1763.41
1867.48
1933.92
1951.47
1972.01
2031.91
2106.51
2169.13
2229.70
2275.16
2336.22
2395.37
2399.34
2315.77
2253.98
2110.53
1925.50
1772.68
1651.28
1556.31
1497.66
1460.67
1467.37
1534.47
1633.23
1743.07
1800.78
1835.25
1869.11
1955.58
2023.02
2062.02
2032.21
2041.46
2141.30
2138.52
2107.96
2076.27
2050.87
1934.89
1788.04
1649.05
1548.68
1472.82
1423.56
1395.72
1407.41
1480.96
1579.17
1680.22
1717.84
1723.49
1735.08
1768.82
1811.49
1852.65
1908.69
1970.32
2053.03
2146.98
2174.27
2118.30
2076.51
1949.95
1789.13
1654.07
1544.95
1470.32
1432.43
1407.13
1420.18
1488.06
1595.76
1705.83
1769.12
1803.44
1852.78
1921.88
2008.89
2114.41
2203.56
2302.28
2405.06
2484.75
2485.78
2405.31
2356.15
2222.54
2057.21
1898.06
1775.02
1680.76
1614.30
1558.79
1546.26
1555.87
1576.80
1635.81
1720.66
1805.20
1908.64
2002.52
2090.86
2214.27
2285.90
2247.84
2307.05
2417.24
2436.34
2365.01
2305.65
2172.53
2015.26
1863.19
1733.76
1635.44
1573.45
1521.40
1496.61
1492.53
1493.35
1542.52
1628.90
1723.55
1837.59
1985.02
2147.22
2310.93
2422.60
2534.98
2533.28
2492.62
2435.22
2364.53
2262.32
2133.02
1989.28
1839.96
1731.20
1649.91
1603.23
1579.53
1603.29
1696.88
1848.56
1986.37
2120.41
2191.05
2297.82
2409.90
2553.42
2646.99
2695.58
2754.76
2804.82
2856.36
2838.37
2749.75
2661.93
2494.26
2288.88
2106.46
1964.17
1866.82
1803.17
1763.20
1766.13
1843.19
1965.54
2104.78
2226.12
2301.27
2324.79
2376.75
2397.58
2540.46
2636.39
2713.23
2757.97
2731.81
2667.15
2542.62
2444.72
2275.40
2070.55
1884.92
1738.23
1641.08
1566.47
1519.39
1517.90
1577.87
1678.71
1758.17
1769.75
1765.78
1797.85
1727.00
1696.41
1725.65
1763.44
1822.98
1910.35
2005.67
2015.91
1981.90
1950.50
1837.62
1699.90
1571.19
1483.09
1417.01
1374.16
1357.95
1383.03
1465.31
1593.57
1717.24
1802.31
1864.22
1892.25
1848.39
1962.66
2050.88
1999.50
1984.98
1952.99
1938.65
1944.97
1931.48
1884.87
1785.99
1664.17
1554.21
1474.29
1423.64
1387.55
1380.15
1402.30
1487.70
1612.89
1707.87
1765.68
1795.97
1840.32
1900.22
1911.28
1911.57
1936.97
1991.99
2056.48
2124.51
2129.19
2091.02
2042.29
1930.12
1794.50
1664.09
1563.38
1489.85
1443.48
1414.90
1413.80
1447.56
1495.87
1569.09
1662.64
1746.45
1849.78
1898.63
1912.49
1930.47
1932.43
1888.70
1945.72
2045.12
2099.85
2122.87
2103.79
2004.84
1878.46
1728.90
1599.91
1503.57
1440.33
1392.52
1371.96
1376.80
1389.96
1423.34
1468.77
1519.00
1510.47
1528.63
1541.93
1533.64
1546.77
1588.82
1683.86
1792.20
1837.50
1827.78
1798.32
1693.65
1569.92
1454.76
1361.17
1306.79
1275.20
1264.19
1296.77
1391.28
1516.63
1621.39
1655.19
1656.66
1661.77
1697.87
1764.31
1827.41
1870.90
1872.32
1938.14
1995.15
2014.67
2009.71
1963.39
1844.35
1709.28
1580.65
1489.58
1424.56
1388.42
1369.42
1387.63
1472.58
1588.51
1690.80
1758.77
1787.30
1780.25
1799.62
1839.32
1885.36
1961.20
2029.49
2081.38
2121.26
2116.86
2090.75
2040.93
1921.31
1772.70
1638.61
1533.66
1467.54
1428.43
1410.02
1434.92
1525.25
1667.57
1809.70
1918.55
1973.62
2009.18
2045.84
2069.82
2083.09
2069.70
2051.20
2051.84
2086.64
2085.99
2076.36
2029.47
1934.33
1823.93
1709.38
1641.49
1592.17
1564.30
1549.65
1574.77
1667.65
1811.24
1945.79
2051.89
2070.56
2059.77
2078.06
2078.24
2134.67
2190.16
2268.64
2315.98
2336.19
2275.35
2264.75
2198.22
2064.38
1917.54
1777.34
1665.20
1590.64
1542.59
1513.66
1522.08
1594.89
1702.44
1813.94
1899.91
1945.51
1976.39
2004.85
2021.33
2040.84
2060.03
2083.94
2132.91
2179.57
2156.34
2083.84
2012.21
1883.15
1744.18
1607.13
1500.18
1419.36
1360.27
1325.31
1315.29
1332.65
1358.52
1390.46
1416.45
1423.79
1426.94
1439.02
1461.40
1494.99
1549.59
1632.62
1707.11
1807.96
1833.68
1814.56
1770.07
1678.17
1571.67
1462.73
1380.94
1325.24
1290.24
1264.21
1265.33
1282.77
1314.78
1351.90
1374.29
1371.41
1395.19
1441.81
1512.80
1533.49
1567.57
1629.41
1731.87
1838.85
1864.75
1858.04
1808.66
1713.48
1602.99
1498.06
1413.04
1349.55
1316.67
1303.30
1309.31
1340.70
1377.78
1415.03
1469.45
1524.37
1575.64
1637.19
1625.85
1670.34
1751.99
1838.82
1915.67
1980.14
1991.56
2005.74
1956.53
1836.89
1700.78
1574.34
1479.35
1425.76
1395.66
1382.70
1414.92
1516.53
1676.75
1796.05
1887.55
1912.54
1937.47
1982.01
2072.60
2171.57
2262.42
2356.71
2466.75
2543.96
2508.47
2477.64
2377.81
2205.49
2009.15
1852.65
1720.27
1636.44
1583.80
1561.86
1573.56
1662.67
1803.77
1913.33
2008.89
2017.07
2013.77
2091.04
2163.11
2254.07
2316.99
2363.90
2403.95
2417.97
2395.90
2381.44
2291.43
2148.88
1991.30
1831.44
1723.85
1647.56
1600.12
1579.78
1596.62
1691.65
1846.91
1992.13
2093.27
2156.75
2220.30
2271.30
2356.12
2415.71
2483.30
2530.64
2537.88
2528.55
2497.11
2481.64
2399.45
2271.46
2114.72
1953.67
1822.52
1731.79
1669.79
1630.71
1627.84
1695.25
1802.76
1885.75
1930.38
1917.28
1899.33
1862.38
1832.56
1803.68
1792.93
1813.21
1881.47
1951.10
1946.34
1931.94
1867.71
1760.80
1636.77
1515.39
1417.93
1354.03
1309.26
1283.42
1278.69
1306.85
1341.42
1378.30
1400.23
1405.83
1416.37
1471.47
1478.76
1472.32
1464.82
1502.55
1585.24
1680.35
1724.15
1741.22
1686.13
1591.09
1486.42
1381.25
1302.46
1247.60
1206.80
1197.77
1197.11
1221.42
1257.30
1303.20
1355.44
1397.70
1411.24
1426.61
1472.82
1499.16
1547.75
1611.10
1703.55
1802.32
1843.49
1866.10
1819.62
1719.30
1607.21
1500.26
1430.32
1381.30
1357.25
1347.95
1377.88
1482.49
1635.37
1744.84
1789.78
1783.48
1777.64
1780.30
1788.14
1774.11
1791.25
1828.19
1902.78
1952.72
1947.30
1946.74
1853.00
1714.16
1572.73
1435.86
1358.84
1302.42
1267.34
1258.53
1288.25
1389.48
1535.45
1638.91
1662.03
1608.09
1565.48
1557.24
1566.85
1580.94
1605.58
1655.70
1725.95
1805.29
1849.39
1871.17
1784.28
1669.68
1530.69
1411.44
1325.06
1281.71
1254.80
1250.02
1280.13
1384.90
1536.27
1656.31
1667.80
1623.58
1603.08
1592.58
1590.19
1608.58
1642.94
1705.11
1786.73
1864.33
1897.98
1919.82
1842.59
1722.59
1586.39
1465.18
1376.20
1334.54
1301.86
1294.76
1318.79
1419.98
1566.27
1671.37
1704.42
1682.03
1665.12
1688.49
1699.37
1726.97
1800.87
1856.82
1908.86
1949.73
1971.46
1983.00
1901.79
1777.77
1632.16
1501.02
1403.14
1350.13
1319.01
1308.05
1328.89
1418.88
1565.48
1689.50
1738.89
1756.33
1770.17
1764.39
1721.71
1644.63
1605.87
1628.98
1682.08
1742.47
1776.72
1791.35
1720.48
1622.70
1506.44
1393.99
1311.70
1252.33
1227.10
1212.83
1220.26
1256.30
1324.63
1361.19
1375.34
1347.67
1309.95
1282.91
1254.97
1252.08
1258.97
1314.49
1420.90
1555.57
1626.26
1655.94
1605.18
1523.58
1424.83
1327.77
1249.64
1210.10
1184.17
1174.13
1181.60
1212.82
1261.16
1302.47
1314.26
1309.30
1280.97
1280.80
1322.66
1322.28
1307.88
1346.21
1458.37
1608.49
1685.54
1725.35
1663.23
1552.70
1439.30
1335.74
1259.01
1225.55
1209.58
1217.33
1265.01
1389.51
1571.18
1697.59
1704.21
1641.08
1591.26
1560.87
1541.70
1528.09
1537.34
1574.22
1669.36
1797.67
1866.91
1887.33
1801.82
1681.02
1544.05
1420.46
1352.88
1309.63
1289.09
1291.63
1332.11
1448.94
1622.16
1764.23
1780.70
1710.01
1659.35
1635.47
1622.78
1629.77
1634.75
1640.15
1706.59
1806.64
1870.59
1899.44
1815.54
1693.31
1555.34
1427.48
1351.85
1309.59
1285.53
1277.31
1309.33
1408.87
1572.28
1692.53
1692.73
1645.86
1619.70
1602.04
1590.35
1610.41
1666.21
1739.00
1812.18
1897.90
1933.29
1942.29
1852.11
1727.28
1591.80
1462.34
1382.02
1323.22
1288.15
1278.97
1305.73
1403.76
1553.95
1658.81
1686.02
1676.79
1668.23
1705.67
1732.75
1800.88
1830.41
1844.61
1863.83
1917.62
1953.57
1960.27
1869.37
1746.01
1601.38
1472.19
1393.58
1331.42
1296.26
1284.56
1308.93
1401.54
1539.82
1655.42
1691.80
1683.89
1670.35
1682.31
1704.46
1747.16
1803.48
1853.15
1916.11
1956.15
1964.53
1957.95
1862.64
1747.94
1626.69
1507.23
1413.82
1349.04
1300.04
1287.39
1292.40
1326.22
1390.74
1461.40
1537.02
1596.35
1600.14
1541.56
1478.06
1502.58
1585.14
1660.32
1723.73
1792.40
1831.55
1840.84
1776.05
1687.48
1582.07
1480.29
1404.85
1346.13
1324.66
1308.36
1304.82
1327.73
1372.30
1432.36
1515.05
1611.11
1662.98
1670.97
1702.03
1743.29
1758.15
1793.10
1864.23
1964.56
2023.72
2056.11
1981.04
1868.23
1744.01
1628.21
1530.40
1481.82
1452.36
1442.93
1482.87
1588.97
1756.77
1885.55
1960.82
1997.14
2014.76
2052.18
2057.96
2078.79
2106.02
2135.87
2192.00
2233.88
2249.07
2236.89
2127.44
1986.20
1829.33
1682.85
1567.13
1505.99
1462.37
1440.42
1459.68
1553.59
1719.05
1850.59
1906.42
1900.32
1908.37
1955.11
2057.55
2106.08
2146.10
2142.08
2170.03
2216.26
2239.87
2208.53
2119.76
1983.43
1861.82
1756.45
1650.68
1600.65
1560.31
1545.77
1576.47
1671.79
1826.23
1930.26
1973.97
1975.42
1933.25
1903.89
1876.45
1791.45
1772.45
1798.65
1855.21
1939.87
1963.31
1954.26
1855.66
1735.61
1600.27
1468.64
1373.04
1334.40
1295.94
1286.76
1311.11
1406.36
1567.66
1676.41
1690.97
1662.69
1666.57
1693.97
1730.12
1720.81
1731.97
1757.21
1813.08
1893.61
1915.97
1907.26
1827.96
1714.67
1578.07
1453.02
1367.37
1306.29
1285.76
1279.96
1304.98
1401.40
1553.09
1695.26
1775.40
1822.82
1859.22
1870.91
1872.04
1812.90
1716.44
1644.68
1674.40
1757.74
1810.38
1809.84
1733.28
1635.64
1525.69
1409.40
1328.76
1277.02
1246.88
1234.59
1242.85
1284.48
1355.32
1415.02
1454.62
1433.54
1392.86
1368.06
1379.88
1390.95
1389.62
1411.75
1494.28
1606.31
1678.38
1684.08
1621.53
1541.56
1437.44
1347.88
1277.41
1230.02
1199.62
1194.04
1198.38
1228.95
1286.47
1336.75
1369.81
1385.67
1365.11
1338.71
1325.93
1347.78
1405.58
1480.61
1547.51
1657.20
1738.63
1744.99
1664.97
1552.36
1440.13
1340.02
1259.72
1226.20
1205.98
1205.78
1246.43
1363.43
1546.80
1686.90
1738.60
1719.48
1702.41
1692.83
1667.33
1646.01
1632.21
1677.57
1778.48
1869.27
1929.05
1900.17
1803.40
1677.47
1540.03
1426.20
1347.92
1297.59
1269.55
1266.13
1298.56
1403.85
1585.69
1706.40
1748.78
1749.98
1793.89
1766.13
1686.34
1744.50
1719.43
1722.18
1778.79
1863.98
1922.82
1905.22
1816.99
1696.73
1550.12
1438.87
1362.15
1312.30
1286.91
1281.61
1313.11
1408.36
1586.64
1699.10
1710.62
1671.41
1653.71
1663.91
1766.50
1877.20
1850.92
1792.94
1816.14
1739.78
1673.19
1663.11
1597.19
1512.24
1415.57
1319.48
1255.94
1213.12
1189.79
1187.97
1221.02
1319.16
1494.55
1607.74
1618.69
1567.05
1533.47
1515.52
1503.56
1503.08
1520.10
1564.54
1656.17
1772.62
1861.53
1857.92
1771.33
1665.04
1527.27
1415.94
1342.22
1295.14
1272.43
1272.06
1309.04
1411.22
1585.38
1706.76
1710.34
1638.86
1582.74
1540.51
1509.69
1501.79
1511.32
1545.89
1641.89
1739.99
1814.22
1797.48
1726.27
1630.51
1514.08
1404.13
1332.00
1272.68
1248.57
1232.82
1239.88
1278.33
1354.96
1404.21
1457.17
1443.01
1397.03
1370.95
1363.01
1373.78
1407.85
1474.30
1572.10
1671.00
1738.96
1724.80
1651.25
1572.17
1470.35
1373.39
1300.14
1256.10
1226.34
1208.14
1196.84
1211.99
1249.77
1287.56
1311.38
1310.22
1291.24
1273.73
1295.34
1317.56
1327.90
1403.26
1504.33
1611.74
1698.04
1675.82
1603.65
1509.99
1409.24
1310.82
1252.50
1207.62
1187.56
1185.87
1216.35
1305.44
1422.31
1531.86
1642.59
1722.20
1776.93
1796.05
1774.22
1738.80
1717.39
1720.51
1791.30
1888.90
1924.20
1871.91
1783.32
1665.75
1529.21
1415.69
1330.63
1286.45
1266.31
1264.61
1300.86
1403.82
1578.67
1733.65
1826.58
1877.29
1913.98
1943.18
1927.27
1935.73
1925.56
1908.22
1927.88
1970.81
1978.80
1921.19
1829.24
1703.64
1567.73
1451.89
1376.00
1325.14
1300.04
1298.92
1333.57
1446.67
1616.31
1744.26
1749.86
1679.90
1620.61
1592.45
1568.38
1577.66
1598.57
1660.06
1735.13
1842.68
1919.05
1886.06
1793.46
1680.41
1548.77
1426.08
1358.17
1308.86
1285.92
1284.25
1326.61
1426.88
1606.81
1743.54
1745.74
1679.55
1635.15
1610.81
1589.63
1598.92
1623.79
1665.04
1749.69
1847.77
1917.65
1891.97
1805.52
1696.30
1562.31
1448.68
1363.68
1316.53
1287.73
1282.61
1311.42
1411.65
1578.73
1719.42
1797.66
1837.75
1878.21
1907.47
1885.47
1880.56
1861.00
1836.09
1851.27
1881.51
1875.59
1813.53
1731.23
1635.60
1525.90
1420.17
1335.45
1283.56
1254.83
1235.98
1247.55
1285.98
1367.69
1460.96
1520.12
1516.23
1437.50
1391.66
1355.85
1335.33
1337.56
1395.92
1509.82
1638.04
1734.11
1717.28
1658.03
1581.62
1487.47
1394.67
1325.05
1270.81
1252.02
1245.26
1253.98
1297.50
1360.52
1428.29
1477.06
1463.59
1437.71
1414.64
1380.12
1356.64
1397.27
1458.99
1559.23
1691.11
1795.65
1760.77
1682.61
1576.74
1459.19
1353.56
1289.45
1251.62
1235.89
1253.61
1295.45
1415.31
1616.37
1768.97
1802.21
1761.12
1735.98
1744.83
1746.01
1751.13
1720.80
1757.37
1813.91
1905.67
1969.23
1901.32
1801.84
1676.98
1545.06
1424.95
1343.80
1293.58
1266.65
1264.42
1298.40
1407.56
1586.53
1737.40
1792.37
1797.06
1793.54
1799.54
1831.17
1801.85
1795.01
1791.58
1833.83
1915.20
1959.93
1903.13
1808.64
1687.43
1550.82
1439.10
1354.39
1304.50
1278.90
1271.28
1304.16
1401.14
1573.99
1724.95
1792.93
1804.96
1809.88
1822.11
1796.85
1757.62
1742.93
1767.31
1845.32
1921.48
1975.60
1932.24
1845.19
1728.97
1600.49
1485.07
1401.27
1346.37
1312.33
1299.30
1325.48
1423.52
1595.88
1715.48
1740.69
1706.28
1683.90
1688.18
1699.98
1732.75
1760.79
1805.83
1878.77
1938.98
1979.23
1935.69
1850.37
1724.44
1593.08
1485.95
1394.09
1333.88
1302.99
1292.97
1316.38
1403.51
1569.54
1707.92
1783.18
1798.89
1802.77
1790.55
1760.97
1763.82
1765.71
1765.98
1797.49
1851.30
1892.09
1829.36
1743.90
1641.45
1529.71
1419.62
1342.32
1284.64
1253.72
1234.98
1239.50
1275.86
1346.58
1426.29
1507.37
1573.54
1602.71
1616.79
1640.06
1664.41
1600.96
1552.02
1601.78
1669.58
1728.41
1680.34
1607.99
1528.77
1435.52
1344.44
1272.75
1225.26
1200.27
1187.19
1195.74
1229.06
1293.18
1364.48
1439.75
1504.22
1521.11
1505.31
1498.27
1507.52
1493.89
1511.94
1616.77
1758.48
1845.13
1801.19
1717.94
1613.26
1487.93
1385.84
1312.87
1267.70
1247.41
1250.03
1294.54
1415.26
1614.39
1786.24
1885.56
1946.29
1982.94
2015.14
2005.49
1986.46
1965.08
1949.52
1978.65
2039.59
2057.20
1979.54
1878.66
1758.54
1619.95
1496.39
1408.59
1355.65
1326.00
1320.54
1356.07
1467.55
1652.66
1805.39
1883.16
1885.92
1892.96
1868.61
1833.51
1745.57
1748.34
1798.69
1862.45
1971.43
2027.47
1956.18
1866.07
1748.24
1606.74
1489.50
1410.82
1359.66
1332.78
1327.34
1365.41
1475.65
1659.85
1829.42
1915.95
1958.71
1981.00
1995.86
1992.88
1973.12
1953.08
1942.04
1970.92
2036.83
2056.48
1979.87
1886.94
1768.49
1622.77
1507.11
1420.39
1370.51
1346.85
1341.65
1378.00
1488.99
1675.88
1833.60
1909.70
1948.00
1977.58
1996.22
2002.08
1990.90
1975.45
1968.44
2006.15
2065.24
2074.37
2003.59
1915.21
1800.14
1662.89
1544.93
1463.91
1414.96
1394.16
1391.29
1431.38
1547.01
1733.37
1911.88
2030.82
2098.14
2139.19
2171.38
2177.35
2154.55
2113.80
2062.91
2047.77
2092.44
2138.11
2090.23
2020.56
1919.29
1801.62
1684.50
1601.57
1551.73
1523.43
1515.97
1527.64
1575.64
1662.72
1754.69
1851.15
1899.43
1898.97
1853.56
1775.91
1703.43
1665.81
1677.88
1760.24
1859.17
1931.38
1895.06
1852.22
1777.23
1681.78
1588.77
1507.67
1443.00
1412.64
1397.41
1414.93
1532.68
1535.64
1628.19
1654.44
1652.45
1652.47
1689.64
1712.72
1759.81
1802.93
1859.02
1959.60
1978.16
1900.40
1823.54
1732.21
1579.93
1489.16
1402.46
1373.16
1348.35
1346.41
1361.47
1423.79
1559.99
1754.60
1864.53
1893.11
1887.05
1873.26
1899.16
1886.13
1869.65
1863.20
1951.64
2102.52
2240.02
2189.19
2105.31
2002.56
1874.04
1732.87
1613.32
1537.25
1491.37
1469.38
1468.41
1513.85
1631.77
1796.15
1900.78
1854.18
1838.60
1760.70
1746.14
1733.12
1745.12
1806.67
1907.09
2051.37
2188.12
2152.57
2087.50
2000.33
1888.65
1758.17
1648.23
1555.19
1500.50
1471.19
1469.32
1516.92
1645.53
1814.70
1899.61
1851.10
1758.88
1705.27
1676.75
1660.39
1676.83
1730.00
1815.77
1935.98
2069.69
2034.22
1944.32
1852.34
1736.49
1604.80
1488.59
1412.41
1369.64
1348.14
1351.85
1398.79
1516.50
1681.78
1754.02
1707.02
1627.59
1595.05
1583.56
1590.82
1620.86
1688.34
1772.48
1877.06
1991.50
1945.23
1866.33
1769.87
1658.80
1538.23
1421.67
1341.80
1296.26
1272.72
1267.62
1309.33
1415.34
1575.04
1695.34
1699.68
1618.84
1565.99
1567.34
1574.25
1608.97
1667.04
1735.53
1816.68
1910.77
1857.15
1778.49
1696.73
1600.83
1494.59
1384.55
1307.44
1261.86
1236.02
1225.70
1239.44
1289.89
1357.22
1401.19
1401.79
1391.46
1391.17
1372.86
1388.08
1428.83
1481.74
1560.94
1675.50
1775.73
1728.91
1669.51
1581.31
1510.36
1414.66
1321.38
1249.92
1206.39
1182.43
1176.81
1186.33
1224.68
1278.97
1311.33
1323.41
1319.37
1320.50
1330.99
1357.84
1399.32
1467.45
1567.57
1703.66
1826.89
1777.37
1700.96
1619.53
1509.18
1406.64
1308.11
1245.18
1213.24
1202.48
1210.82
1263.96
1390.85
1576.21
1686.73
1662.96
1609.89
1594.21
1606.71
1625.32
1664.90
1714.33
1797.65
1892.98
2010.69
1954.41
1864.07
1761.97
1638.78
1514.86
1406.87
1331.15
1288.14
1270.56
1270.18
1320.57
1440.96
1610.67
1712.49
1687.24
1631.28
1608.42
1617.09
1637.20
1678.73
1737.42
1819.52
1909.78
2023.07
1967.41
1878.34
1773.20
1653.74
1530.89
1419.45
1337.81
1292.14
1266.55
1260.91
1290.24
1381.11
1511.26
1624.75
1697.91
1732.55
1782.97
1823.58
1840.48
1870.01
1870.98
1888.72
1976.01
2051.19
1994.28
1902.11
1796.94
1681.72
1550.54
1440.57
1365.85
1320.17
1293.91
1286.25
1314.39
1416.74
1584.74
1719.77
1795.73
1830.57
1857.97
1878.63
1870.44
1864.75
1845.81
1858.91
1942.69
2015.02
1961.61
1884.52
1792.12
1677.88
1548.66
1443.33
1367.42
1321.26
1294.93
1294.26
1336.14
1442.35
1615.98
1756.88
1861.19
1897.83
1942.42
1972.00
1969.98
1956.09
1937.95
1935.64
1996.58
2053.01
2000.17
1921.11
1844.86
1746.78
1626.80
1508.53
1431.30
1378.58
1359.30
1349.81
1366.72
1422.40
1497.25
1555.66
1564.72
1558.30
1614.25
1656.14
1676.42
1659.34
1675.28
1715.10
1842.61
1949.53
1920.34
1858.37
1794.73
1713.44
1616.61
1523.28
1455.84
1417.10
1400.59
1394.09
1410.10
1457.37
1519.13
1558.80
1574.13
1615.39
1681.42
1747.81
1726.37
1769.53
1786.15
1821.27
1948.26
2017.34
1959.39
1866.86
1772.70
1652.59
1523.25
1403.10
1327.79
1290.15
1272.36
1280.42
1336.43
1460.21
1645.46
1762.71
1755.56
1711.83
1729.16
1818.11
1855.55
1916.53
1925.23
1933.06
2040.46
2134.78
2082.78
2000.79
1905.21
1784.86
1651.72
1529.86
1454.65
1411.29
1398.52
1404.54
1460.74
1587.27
1767.81
1897.91
1906.12
1901.50
1892.87
1876.04
1833.84
1865.00
1903.09
1949.23
2084.22
2185.77
2145.50
2065.88
1975.97
1861.04
1726.52
1610.58
1540.67
1505.17
1490.74
1496.19
1551.78
1676.14
1861.97
1992.49
1996.18
1921.02
1893.38
1899.05
1877.07
1891.63
1957.85
2065.29
2224.01
2327.43
2297.68
2238.25
2147.01
2025.35
1888.20
1771.98
1697.50
1658.69
1642.92
1641.71
1683.64
1803.68
1976.86
2073.20
2058.86
1973.71
1914.22
1875.60
1863.05
1882.41
1922.59
2003.75
2155.54
2255.07
2208.79
2122.54
2019.98
1888.44
1746.55
1621.91
1529.55
1478.65
1448.67
1440.94
1480.57
1590.42
1751.70
1856.33
1846.82
1781.34
1705.35
1691.73
1725.03
1763.43
1767.62
1811.49
1924.08
2007.78
1966.74
1897.58
1809.78
1710.40
1598.48
1485.45
1407.28
1358.30
1333.52
1325.78
1342.92
1395.36
1469.37
1527.36
1559.67
1558.66
1539.68
1524.26
1481.52
1551.69
1631.95
1675.26
1809.59
1910.35
1874.89
1802.84
1733.01
1648.90
1550.63
1456.45
1395.19
1357.65
1342.91
1341.35
1359.51
1409.26
1478.82
1537.08
1577.05
1594.04
1657.32
1750.66
1830.47
1867.31
1871.30
1901.04
2010.90
2053.47
1999.76
1916.81
1830.28
1711.16
1584.14
1479.02
1402.90
1358.86
1338.23
1336.80
1381.34
1493.55
1669.07
1831.59
1932.51
1992.12
2029.46
2041.35
2003.41
1937.75
1918.74
1947.05
2078.27
2197.90
2155.67
2078.01
1988.91
1873.54
1736.97
1618.76
1541.62
1492.49
1471.10
1480.09
1531.18
1658.17
1837.06
1956.65
1941.50
1851.71
1803.92
1749.51
1728.71
1743.34
1822.66
1934.08
2082.32
2207.83
2180.45
2119.54
2044.17
1933.91
1799.71
1677.72
1595.01
1548.03
1524.05
1519.01
1557.37
1666.11
1819.09
1940.96
2011.06
2019.11
2023.56
2023.23
1983.35
1989.89
1996.33
2013.76
2102.84
2146.71
2096.90
2025.35
1932.40
1817.36
1678.45
1536.92
1439.58
1377.95
1342.00
1325.62
1331.96
1376.95
1451.49
1555.62
1696.32
1820.20
1922.67
1991.94
1996.51
1924.64
1811.45
1743.29
1748.54
1732.09
1680.28
1634.71
1592.46
1531.69
1451.13
1363.70
1295.28
1259.13
1240.99
1241.95
1268.08
1337.78
1427.44
1496.03
1567.19
1630.63
1653.57
1659.22
1676.79
1679.13
1676.45
1711.53
1818.69
1877.46
1840.85
1775.10
1705.85
1620.06
1513.90
1413.53
1330.40
1281.92
1258.11
1254.52
1269.88
1318.60
1391.91
1461.64
1534.85
1561.69
1580.39
1539.21
1561.90
1590.37
1612.61
1687.63
1822.79
1919.94
1897.75
1846.98
1784.94
1706.07
1602.21
1502.66
1426.64
1386.98
1363.68
1355.15
1367.48
1413.64
1481.72
1533.51
1530.19
1487.40
1453.05
1437.96
1451.93
1493.17
1565.33
1678.80
1878.98
2005.42
1974.50
1922.20
1848.18
1743.44
1611.53
1502.89
1429.02
1392.88
1383.36
1393.23
1447.26
1567.53
1760.04
1903.69
1976.82
2000.31
2058.18
2101.95
2118.45
2106.58
2099.57
2086.26
2145.50
2182.81
2095.29
1995.65
1894.17
1779.79
1629.26
1497.47
1407.10
1353.80
1322.49
1314.00
1352.83
1455.72
1621.26
1746.81
1797.65
1802.32
1790.36
1799.53
1780.37
1764.85
1787.00
1847.58
1988.97
2113.70
2082.24
2011.88
1925.50
1809.55
1674.09
1542.97
1469.86
1427.66
1413.06
1419.00
1471.19
1592.37
1768.45
1902.24
1931.66
1895.95
1883.85
1941.40
1949.68
1985.50
2001.24
2040.34
2183.15
2273.56
2227.59
2150.82
2060.18
1928.08
1769.82
1630.98
1551.48
1504.04
1486.70
1494.74
1542.83
1668.67
1843.69
1965.77
1950.95
1839.09
1761.67
1733.93
1729.69
1747.32
1812.92
1920.82
2092.52
2211.89
2184.46
2114.73
2020.75
1898.00
1747.50
1613.43
1530.15
1480.42
1458.97
1459.17
1501.74
1607.12
1768.34
1900.31
1931.28
1893.23
1793.78
1780.54
1757.24
1759.74
1790.76
1857.93
2008.06
2103.03
2064.50
1990.22
1916.25
1818.25
1685.17
1553.64
1460.64
1403.92
1367.00
1352.61
1364.49
1413.18
1502.12
1613.68
1735.41
1857.05
1949.80
2014.10
2050.47
2064.27
2053.10
2065.85
2151.31
2203.99
2135.94
2047.88
1967.75
1867.93
1749.31
1634.45
1546.44
1498.47
1466.60
1459.11
1473.39
1515.64
1582.13
1658.27
1733.70
1766.96
1761.94
1762.23
1768.31
1797.72
1841.11
1935.85
2110.75
2231.31
2199.59
2136.28
2054.73
1935.15
1798.70
1668.32
1595.15
1552.88
1537.06
1554.27
1605.15
1728.45
1929.80
2068.41
2092.99
2045.75
2003.16
1996.83
2053.90
2090.93
2086.60
2142.15
2310.47
2419.96
2377.09
2295.77
2197.83
2071.71
1906.29
1768.88
1682.88
1635.39
1615.11
1620.60
1668.70
1780.51
1968.14
2115.31
2182.45
2201.04
2240.73
2255.79
2252.34
2235.89
2232.84
2257.00
2388.17
2494.67
2437.73
2355.80
2265.86
2129.05
1968.58
1831.02
1743.03
1695.38
1677.49
1682.07
1733.26
1846.17
2008.95
2149.39
2201.39
2200.79
2211.53
2202.41
2185.61
2165.58
2175.33
2198.85
2321.09
2408.48
2357.07
2278.97
2180.98
2046.46
1880.01
1735.53
1643.46
1588.76
1560.51
1558.09
1602.13
1715.26
1889.54
2020.49
2062.84
2051.86
2000.64
1963.16
1937.81
1928.14
1958.13
2029.43
2187.90
2315.15
2291.96
2216.30
2135.36
2009.63
1863.58
1727.15
1637.29
1589.64
1574.54
1580.41
1630.67
1747.67
1917.29
2048.49
2052.80
1970.75
1910.27
1892.40
1873.92
1894.62
1922.87
1960.09
2116.57
2213.40
2169.14
2097.91
2022.18
1911.73
1783.17
1648.83
1558.21
1501.67
1474.48
1466.48
1482.93
1536.01
1622.14
1707.62
1792.57
1852.69
1903.41
1935.53
1966.31
1979.58
1981.95
2006.88
2106.81
2147.68
2092.37
2017.64
1932.06
1828.05
1705.82
1581.82
1488.35
1432.23
1391.38
1381.72
1389.74
1424.57
1488.06
1556.41
1624.43
1640.71
1630.04
1637.95
1653.40
1671.59
1715.68
1796.94
1969.98
2073.98
2038.09
1975.02
1906.38
1802.61
1671.37
1555.67
1480.50
1444.95
1434.33
1440.47
1496.87
1619.90
1809.88
1975.79
2078.95
2117.97
2144.13
2167.51
2175.09
2162.90
2154.78
2174.76
2292.41
2377.94
2337.02
2259.56
2166.71
2035.22
1869.79
1734.36
1638.35
1592.86
1572.84
1580.66
1639.87
1761.36
1949.94
2090.10
2096.67
2015.86
1939.62
1902.05
1885.99
1938.05
2018.82
2133.65
2326.01
2459.79
2444.56
2372.92
2289.63
2160.53
1993.66
1857.83
1771.65
1728.08
1713.83
1723.90
1777.53
1902.44
2089.22
2230.39
2273.27
2275.93
2240.28
2223.46
2207.41
2251.13
2301.25
2333.93
2487.94
2547.16
2509.94
2440.51
2355.13
2227.13
2067.02
1923.62
1816.60
1762.85
1735.35
1733.13
1771.52
1853.67
1965.54
2076.09
2184.58
2258.24
2322.72
2352.46
2358.98
2325.80
2302.28
2314.36
2449.19
2563.84
2500.32
2412.05
2314.73
2176.46
2017.20
1878.20
1789.85
1737.59
1719.14
1718.98
1763.94
1871.51
2038.65
2186.48
2282.24
2321.61
2347.31
2332.53
2270.71
2222.17
2195.95
2216.07
2351.59
2467.98
2444.70
2384.12
2313.54
2213.77
2080.38
1955.70
1864.83
1819.45
1792.56
1791.92
1817.44
1878.53
1976.05
2072.77
2153.87
2179.62
2147.63
2104.76
2078.83
2051.74
2076.46
2111.07
2262.66
2363.76
2319.66
2263.19
2186.45
2093.94
1967.42
1843.48
1748.82
1686.58
1653.12
1639.24
1647.18
1685.43
1753.93
1827.23
1927.22
2022.00
2082.97
2109.30
2118.58
2114.76
2123.24
2149.17
2265.32
2351.83
2305.07
2233.71
2141.58
2016.46
1867.40
1733.47
1646.05
1596.89
1577.97
1574.58
1621.98
1735.94
1907.80
2057.44
2146.37
2180.26
2181.06
2176.08
2151.85
2119.89
2087.18
2110.39
2256.35
2379.54
2342.09
2272.44
2183.66
2062.54
1901.33
1759.52
1657.16
1601.68
1575.97
1575.35
1624.37
1737.99
1916.53
2055.02
2104.86
2080.59
2033.72
1982.89
1956.72
2007.69
2070.15
2128.05
2244.02
2348.67
2319.56
2244.63
2157.91
2042.14
1889.74
1749.83
1664.55
1611.38
1586.24
1591.07
1639.32
1748.87
1915.97
2052.11
2077.48
2014.98
1962.61
1961.52
1974.31
1958.12
1980.31
2044.08
2199.38
2318.13
2294.80
2236.66
2167.28
2062.43
1913.76
1765.68
1662.61
1593.71
1550.71
1540.81
1565.66
1632.54
1731.23
1820.20
1869.09
1845.50
1811.08
1784.26
1805.85
1828.52
1869.78
1909.99
2014.28
2041.56
1954.07
1857.55
1779.05
1700.41
1597.82
1485.05
1383.37
1319.96
1280.94
1262.74
1265.73
1296.99
1360.32
1455.96
1557.02
1649.80
1699.92
1736.88
1762.34
1766.78
1759.99
1763.45
1815.88
1823.85
1778.42
1732.23
1691.30
1638.57
1561.38
1477.41
1415.41
1380.54
1367.40
1371.91
1399.95
1460.01
1552.29
1642.66
1705.04
1732.94
1724.75
1731.11
1720.20
1714.57
1786.29
1896.08
2067.84
2183.30
2167.85
2108.39
2044.39
1952.08
1841.95
1723.22
1634.63
1589.51
1565.93
1562.16
1570.40
1609.93
1682.80
1736.85
1764.62
1735.81
1684.44
1653.97
1655.64
1682.29
1764.57
1884.01
2065.49
2202.60
2176.40
2121.86
2049.71
1940.90
1816.29
1698.58
1626.04
1578.22
1559.27
1561.13
1597.44
1686.96
1827.89
1949.58
2014.63
2073.83
2122.28
2130.36
2090.14
2017.35
1965.40
2024.12
2158.24
2280.55
2232.18
2151.46
2060.42
1937.69
1796.63
1660.83
1564.38
1515.31
1499.70
1506.96
1558.62
1654.12
1803.79
1919.65
1945.17
1908.29
1903.25
1903.01
1888.27
1930.55
2024.48
2116.46
2290.82
2405.68
2383.07
2314.63
2222.92
2107.75
1971.73
1845.91
1762.47
1712.28
1692.15
1695.22
1728.03
1821.40
1960.87
2064.24
2102.92
2106.47
2097.32
2087.89
2076.72
2061.41
2071.84
2119.75
2257.38
2363.54
2309.18
2227.10
2127.26
2004.18
1851.04
1708.36