1080.18
1034.73
1005.34
1000.61
1011.07
1042.09
1090.27
1139.19
1203.33
1267.09
1308.22
1331.34
1338.32
1331.02
1324.32
1347.74
1459.06
1560.05
1531.83
1481.87
1408.93
1307.77
1197.83
1112.27
1059.88
1032.36
1023.11
1030.63
1078.75
1188.47
1357.77
1447.71
1465.09
1477.28
1477.67
1456.17
1419.93
1411.66
1395.02
1412.95
1512.67
1608.10
1595.05
1544.42
1468.79
1358.57
1229.05
1127.62
1061.39
1027.13
1011.71
1016.22
1052.50
1153.29
1310.93
1404.29
1430.47
1446.74
1460.90
1456.08
1434.01
1425.51
1406.26
1409.95
1486.08
1542.24
1517.49
1466.20
1401.38
1315.73
1209.53
1108.02
1036.63
995.90
975.07
968.26
982.38
1025.04
1097.96
1183.28
1267.37
1334.67
1370.62
1381.58
1383.55
1379.16
1372.04
1381.22
1448.69
1493.50
1467.48
1409.66
1353.33
1272.25
1193.61
1108.78
1036.31
990.62
968.27
966.56
979.79
1012.85
1074.71
1149.99
1238.27
1305.58
1350.56
1373.36
1374.75
1364.43
1364.79
1396.00
1508.08
1619.20
1599.78
1541.10
1467.63
1369.04
1260.70
1179.94
1132.38
1109.62
1111.64
1120.15
1172.22
1289.64
1463.92
1557.63
1566.78
1568.76
1553.99
1553.25
1561.80
1565.63
1550.34
1554.11
1623.51
1708.71
1701.33
1648.20
1572.57
1454.14
1318.58
1230.36
1170.90
1147.85
1132.85
1136.21
1167.19
1277.19
1446.34
1527.68
1524.11
1506.52
1497.10
1487.54
1459.66
1454.12
1459.93
1478.26
1567.97
1650.77
1641.35
1590.86
1513.31
1405.35
1278.01
1179.49
1120.55
1092.51
1079.85
1088.72
1131.57
1241.51
1413.85
1499.67
1502.27
1488.54
1485.85
1460.18
1435.60
1440.05
1448.43
1480.08
1566.70
1658.85
1654.08
1616.33
1554.08
1461.53
1342.67
1251.36
1201.99
1179.26
1176.41
1189.98
1239.60
1357.68
1537.53
1624.23
1629.74
1615.77
1604.28
1583.61
1556.30
1544.13
1540.65
1566.31
1651.77
1748.03
1740.22
1695.06
1617.86
1512.05
1386.65
1288.12
1228.11
1195.10
1181.06
1180.27
1217.76
1318.04
1478.27
1559.70
1563.58
1548.65
1530.59
1499.79
1481.83
1480.97
1455.43
1443.12
1496.87
1553.99
1524.57
1466.72
1402.61
1314.41
1207.65
1113.07
1046.22
1003.40
980.09
973.15
987.40
1033.02
1102.71
1184.04
1257.62
1303.35
1296.60
1266.32
1245.12
1228.77
1223.56
1241.02
1316.66
1384.67
1353.21
1298.46
1238.37
1162.15
1076.59
1000.16
930.94
892.10
870.37
861.06
870.54
902.12
951.25
1024.59
1113.87
1183.01
1200.46
1218.86
1224.78
1200.25
1195.43
1227.59
1317.97
1432.48
1416.59
1363.85
1300.62
1212.43
1118.40
1047.44
1007.48
990.58
990.78
1007.28
1056.91
1176.33
1355.95
1458.11
1484.03
1505.26
1523.05
1531.92
1529.64
1530.30
1526.62
1537.52
1596.45
1651.12
1630.76
1572.33
1491.36
1372.99
1254.82
1157.73
1088.34
1054.48
1044.16
1050.22
1088.61
1191.27
1363.72
1452.78
1463.16
1460.40
1457.09
1438.01
1420.06
1418.97
1415.30
1437.38
1508.82
1580.45
1566.01
1515.32
1439.22
1330.78
1207.88
1113.39
1053.54
1019.94
1006.49
1011.96
1054.55
1166.32
1337.32
1416.79
1417.40
1401.29
1398.74
1406.27
1400.88
1391.63
1379.09
1386.10
1458.62
1545.93
1537.11
1494.27
1428.07
1318.33
1201.86
1110.94
1052.22
1020.96
1010.11
1018.79
1065.45
1173.83
1328.69
1422.13
1462.51
1482.74
1491.64
1477.69
1467.82
1464.19
1452.41
1462.25
1532.80
1638.98
1637.81
1594.17
1531.41
1440.83
1331.90
1251.02
1203.95
1187.91
1192.62
1210.96
1266.32
1378.31
1559.91
1653.75
1669.72
1662.27
1654.38
1638.44
1596.20
1586.13
1577.68
1596.47
1676.91
1768.84
1756.65
1713.69
1657.54
1577.71
1482.67
1387.65
1323.24
1285.87
1266.23
1259.37
1275.43
1313.45
1385.31
1471.02
1549.28
1593.17
1599.82
1598.88
1583.32
1560.46
1557.19
1566.60
1637.54
1709.98
1686.56
1622.87
1552.62
1464.07
1363.11
1272.67
1199.53
1155.67
1128.80
1122.02
1129.91
1160.05
1214.65
1286.16
1362.07
1402.64
1410.92
1402.50
1396.14
1394.29
1394.61
1409.99
1486.55
1582.45
1566.68
1513.02
1455.02
1379.72
1288.41
1212.83
1166.63
1146.66
1143.64
1160.42
1202.72
1297.26
1432.02
1539.55
1601.79
1621.43
1621.83
1607.80
1584.93
1572.92
1561.46
1577.67
1649.09
1767.44
1756.54
1701.22
1624.97
1511.86
1391.30
1303.00
1248.74
1224.07
1220.41
1236.07
1282.71
1402.55
1575.80
1664.07
1655.51
1632.94
1620.22
1591.36
1567.06
1562.92
1544.80
1551.62
1623.54
1743.95
1748.65
1706.61
1632.66
1522.90
1400.41
1312.57
1267.62
1249.22
1237.60
1244.36
1290.88
1401.57
1578.76
1657.10
1651.51
1619.47
1582.67
1542.61
1503.03
1482.99
1470.84
1484.53
1555.66
1675.00
1677.79
1632.84
1560.07
1450.57
1331.33
1243.63
1193.76
1166.86
1158.58
1171.10
1220.75
1334.27
1508.65
1592.26
1585.56
1553.64
1518.34
1488.03
1463.61
1450.47
1444.13
1452.71
1516.13
1613.74
1610.10
1567.32
1498.55
1387.79
1269.45
1180.28
1125.20
1096.44
1083.87
1088.00
1130.75
1242.34
1407.16
1494.07
1492.32
1472.15
1454.64
1427.17
1388.15
1380.86
1376.15
1373.59
1426.66
1516.46
1502.16
1455.49
1393.03
1309.12
1210.12
1122.65
1057.84
1019.58
1001.86
995.85
1014.09
1052.48
1131.32
1219.29
1299.23
1355.40
1381.67
1388.78
1382.50
1371.41
1362.40
1372.74
1425.36
1473.44
1439.69
1385.52
1327.34
1248.19
1155.81
1069.72
1005.90
965.89
944.78
937.92
949.27
981.38
1040.82
1118.55
1197.72
1237.69
1250.92
1257.01
1251.59
1243.10
1245.50
1270.56
1356.84
1467.02
1457.34
1404.91
1328.52
1231.38
1125.76
1044.68
994.81
970.07
963.50
978.09
1016.15
1129.96
1302.91
1390.79
1392.58
1389.17
1390.26
1385.66
1375.66
1382.76
1390.24
1401.26
1457.94
1550.33
1544.38
1489.82
1415.86
1300.73
1182.03
1096.33
1043.78
1015.28
1004.82
1016.16
1054.64
1168.20
1342.12
1425.09
1437.46
1438.13
1445.49
1453.30
1451.16
1451.08
1437.07
1451.37
1513.10
1604.67
1601.76
1551.78
1479.20
1367.51
1242.80
1159.92
1105.54
1079.70
1069.68
1083.08
1122.57
1238.82
1418.90
1493.01
1480.80
1450.03
1420.90
1398.41
1375.16
1373.99
1373.09
1400.02
1483.81
1612.85
1629.95
1592.73
1532.21
1430.08
1315.16
1228.77
1180.61
1157.87
1153.31
1165.81
1215.55
1340.99
1513.42
1584.54
1570.82
1530.30
1504.81
1472.14
1437.33
1423.28
1414.54
1438.55
1513.83
1634.20
1642.91
1603.66
1540.48
1434.25
1319.12
1227.73
1175.88
1153.32
1145.89
1148.95
1193.35
1308.19
1473.96
1546.08
1528.53
1489.73
1458.10
1428.86
1400.21
1400.88
1396.22
1404.87
1456.04
1535.75
1527.02
1481.02
1421.39
1335.72
1230.09
1134.91
1067.98
1034.00
1013.38
1008.96
1024.09
1072.70
1153.00
1235.24
1317.99
1375.07
1392.32
1382.46
1361.67
1346.27
1327.90
1327.88
1374.46
1452.16
1435.80
1384.68
1327.92
1251.97
1160.53
1080.90
1023.01
990.05
972.03
964.76
975.87
1011.96
1074.17
1156.05
1245.11
1303.44
1318.13
1332.16
1351.91
1343.26
1322.36
1346.35
1417.13
1532.29
1496.83
1406.99
1337.65
1263.65
1183.26
1099.09
1042.66
1009.30
997.14
1009.33
1056.52
1171.57
1344.11
1428.36
1428.46
1409.67
1393.21
1381.88
1388.85
1391.21
1373.55
1384.46
1434.65
1539.55
1545.85
1493.39
1413.15
1303.96
1183.91
1098.71
1045.09
1020.69
1010.76
1019.01
1061.26
1170.16
1340.19
1418.90
1428.40
1424.96
1423.77
1406.62
1389.27
1394.00
1371.33
1375.37
1415.92
1519.97
1535.18
1488.09
1416.32
1302.81
1185.14
1093.05
1032.88
1001.59
987.62
992.90
1035.74
1147.83
1323.81
1406.37
1408.93
1424.21
1421.67
1378.00
1335.75
1332.80
1344.49
1372.83
1428.94
1549.89
1568.56
1527.82
1462.55
1357.59
1240.88
1149.88
1092.03
1061.40
1048.61
1065.82
1115.92
1219.12
1356.43
1443.54
1492.27
1521.34
1542.49
1546.96
1536.57
1525.40
1505.76
1495.90
1529.40
1608.50
1595.00
1533.48
1457.59
1350.07
1243.59
1162.84
1105.21
1071.22
1055.59
1060.17
1091.04
1189.22
1324.40
1425.88
1484.19
1510.96
1521.80
1530.76
1525.35
1511.10
1487.55
1479.12
1478.90
1541.05
1527.68
1470.25
1421.65
1347.61
1264.45
1184.90
1130.07
1103.12
1091.06
1092.59
1112.58
1156.55
1237.18
1317.46
1382.51
1415.08
1421.50
1419.56
1410.80
1400.08
1391.03
1395.33
1442.34
1552.55
1570.55
1527.26
1475.29
1402.65
1317.97
1245.42
1195.18
1166.52
1155.74
1159.68
1175.36
1215.57
1281.99
1359.05
1424.37
1451.89
1448.41
1439.83
1434.14
1416.86
1414.45
1426.26
1486.81
1588.63
1585.07
1516.64
1430.59
1324.91
1213.46
1131.24
1079.01
1053.24
1043.78
1050.05
1091.79
1201.66
1368.71
1449.82
1479.58
1499.17
1517.82
1516.46
1495.56
1476.61
1449.01
1442.24
1473.39
1564.68
1574.82
1514.85
1435.46
1326.98
1218.54
1128.96
1075.77
1048.48
1038.58
1046.29
1089.59
1195.97
1354.96
1434.77
1465.32
1478.25
1495.31
1489.52
1472.72
1477.82
1466.31
1448.34
1477.23
1559.60
1566.80
1520.63
1447.08
1337.09
1216.91
1123.22
1065.72
1039.58
1029.72
1037.47
1089.08
1197.32
1367.79
1438.64
1427.72
1413.15
1407.60
1382.80
1350.09
1334.19
1341.18
1359.38
1408.09
1522.79
1549.74
1504.52
1435.14
1329.64
1210.50
1121.34
1061.38
1032.68
1025.19
1038.10
1077.78
1172.11
1300.89
1398.36
1454.83
1475.40
1483.99
1489.37
1486.33
1477.55
1455.02
1438.19
1465.19
1548.96
1564.47
1516.95
1447.74
1343.20
1227.01
1139.99
1084.70
1057.01
1049.66
1067.44
1113.06
1233.29
1417.59
1502.41
1519.79
1513.07
1507.47
1492.49
1470.30
1460.70
1452.77
1468.41
1527.48
1630.36
1665.93
1630.86
1578.56
1504.89
1413.52
1327.31
1266.78
1236.40
1222.87
1226.20
1246.43
1296.69
1374.02
1453.76
1511.83
1529.46
1518.39
1486.63
1440.84
1404.56
1386.85
1401.36
1452.39
1553.66
1574.16
1527.99
1468.32
1393.07
1303.56
1218.46
1158.09
1119.42
1096.08
1086.98
1096.89
1121.09
1177.12
1254.19
1333.12
1368.97
1376.80
1382.33
1375.01
1352.08
1322.53
1327.31
1385.06
1496.48
1514.07
1454.17
1376.24
1278.30
1178.78
1099.31
1050.77
1031.62
1025.30
1038.86
1078.88
1177.37
1329.07
1407.86
1420.45
1417.85
1412.07
1393.89
1368.33
1350.55
1340.27
1358.41
1424.25
1552.02
1590.22
1538.53
1468.10
1359.74
1248.14
1162.35
1114.02
1089.68
1086.22
1092.50
1137.48
1251.03
1421.07
1512.32
1541.16
1550.76
1567.74
1579.23
1575.94
1575.81
1553.32
1548.18
1581.26
1665.99
1670.37
1604.63
1513.04
1393.93
1267.92
1165.46
1100.93
1070.73
1056.16
1061.65
1100.90
1211.14
1375.83
1447.89
1449.27
1451.91
1443.79
1424.81
1400.30
1390.39
1381.67
1391.98
1449.27
1561.99
1610.33
1575.25
1513.02
1409.32
1293.76
1204.65
1150.04
1128.94
1123.10
1130.93
1180.01
1301.94
1481.29
1553.36
1535.02
1508.11
1495.93
1490.91
1470.82
1459.96
1445.71
1455.20
1505.69
1615.59
1659.38
1626.26
1564.22
1462.19
1345.04
1260.27
1209.20
1185.50
1179.74
1196.33
1242.31
1356.53
1526.91
1604.13
1595.00
1563.02
1529.45
1492.78
1450.84
1429.01
1409.38
1415.72
1462.46
1553.90
1594.14
1554.41
1501.55
1418.28
1317.33
1225.58
1163.84
1132.62
1118.44
1121.20
1142.03
1191.22
1274.45
1349.47
1385.72
1386.58
1363.68
1330.16
1288.05
1250.79
1232.76
1240.91
1286.64
1386.19
1427.80
1388.47
1336.22
1264.17
1181.74
1111.18
1058.25
1030.49
1018.38
1019.73
1034.71
1071.05
1136.37
1201.48
1243.68
1259.29
1245.43
1216.54
1189.39
1162.87
1154.54
1176.35
1237.70
1348.28
1389.98
1349.18
1282.95
1200.46
1112.34
1052.67
1013.79
996.74
996.14
1009.31
1060.77
1170.61
1317.86
1395.62
1391.22
1368.72
1345.02
1319.56
1291.05
1279.77
1269.38
1272.99
1311.37
1408.91
1457.06
1410.96
1342.91
1241.27
1138.97
1063.06
1010.50
986.24
974.30
979.44
1023.31
1116.57
1258.44
1341.23
1371.02
1357.55
1348.83
1361.80
1353.10
1348.46
1336.16
1329.91
1352.78
1431.88
1461.73
1417.26
1346.88
1248.24
1145.00
1062.14
1009.35
981.09
968.49
974.81
1017.40
1110.59
1247.39
1329.43
1362.46
1351.69
1336.65
1347.34
1345.59
1347.94
1336.07
1327.13
1362.93
1441.08
1465.29
1417.41
1349.39
1251.19
1147.33
1065.84
1012.38
984.18
972.35
979.46
1021.45
1118.57
1258.70
1350.66
1395.47
1406.11
1419.28
1388.60
1349.16
1343.28
1330.85
1346.16
1396.41
1486.35
1535.48
1498.51
1440.11
1347.52
1240.62
1158.66
1104.76
1077.45
1067.95
1076.65
1121.73
1214.79
1338.86
1407.98
1434.24
1433.65
1427.97
1412.53
1384.94
1371.27
1367.55
1377.89
1412.85
1478.27
1513.31
1472.52
1418.51
1341.61
1248.80
1164.22
1106.00
1073.70
1060.06
1059.36
1079.26
1120.38
1189.39
1257.91
1301.99
1325.89
1344.56
1350.72
1327.39
1305.11
1288.68
1303.72
1348.16
1436.07
1477.94
1443.48
1392.69
1321.91
1242.09
1170.79
1119.82
1092.58
1078.45
1077.58
1095.11
1099.21
1033.90
1131.14
1224.51
1285.43
1302.52
1330.98
1315.03
1290.59
1277.17
1272.19
1222.72
1389.02
1532.66
1471.80
1395.06
1595.24
1609.36
1192.91
1105.70
1084.31
1074.78
1083.55
1110.99
1087.17
1326.99
1402.04
1432.11
1424.13
1270.61
1308.37
1381.87
1360.13
1372.84
1303.34
1356.77
1460.68
1517.78
1467.49
1407.26
1609.43
1472.78
1106.12
1008.11
979.09
965.19
972.32
1017.01
1126.57
1293.65
1346.22
1327.48
1294.19
1285.42
1270.17
1244.63
1247.06
1241.79
1255.11
1292.98
1389.33
1433.71
1389.72
1320.46
1212.91
1097.89
1006.88
950.94
923.19
914.23
922.37
969.19
1087.56
1251.48
1318.38
1316.31
1311.49
1323.84
1322.49
1307.41
1298.79
1293.54
1305.72
1348.87
1432.86
1489.38
1452.24
1378.73
1273.82
1156.55
1066.60
1012.93
986.63
978.46
985.32
1035.31
1148.56
1306.51
1360.22
1345.82
1327.09
1312.69
1292.28
1269.60
1262.88
1249.04
1256.06
1297.77
1385.13
1459.00
1435.21
1378.08
1282.15
1170.32
1085.92
1033.95
1009.64
999.95
1009.66
1056.15
1167.69
1321.65
1374.39
1356.76
1336.67
1322.23
1318.77
1315.28
1322.44
1331.03
1344.94
1380.20
1439.36
1457.52
1413.46
1353.04
1273.57
1178.19
1091.97
1031.95
999.93
989.32
991.55
1017.36
1070.34
1149.51
1228.46
1272.85
1289.98
1285.46
1264.00
1233.74
1207.28
1192.76
1203.43
1252.33
1338.26
1398.82
1365.90
1315.36
1241.77
1160.77
1086.61
1036.16
1023.09
1010.01
999.19
1007.08
1029.90
1078.67
1140.28
1198.78
1225.90
1236.61
1224.62
1198.11
1168.30
1140.39
1136.34
1167.39
1234.68
1300.74
1348.77
1300.56
1214.16
1122.24
1037.00
985.69
956.68
943.79
948.39
985.57
1091.51
1268.67
1360.98
1364.49
1348.82
1323.50
1311.95
1283.59
1254.89
1235.05
1227.72
1238.30
1282.24
1330.37
1374.06
1308.12
1201.48
1086.46
991.81
930.19
899.02
887.19
891.96
932.89
1033.46
1198.91
1292.81
1310.99
1307.60
1305.58
1300.50
1277.74
1275.46
1282.34
1294.25
1303.87
1342.09
1385.75
1393.72
1326.71
1216.38
1099.28
1001.33
936.61
905.08
893.31
900.34
942.85
1049.77
1226.09
1308.99
1314.07
1295.86
1286.35
1275.07
1254.35
1255.05
1240.06
1257.73
1278.03
1327.11
1379.07
1415.42
1362.73
1262.71
1143.60
1053.27
999.47
973.08
964.27
975.07
1017.43
1124.24
1293.84
1378.72
1395.36
1397.41
1394.38
1386.63
1372.25
1359.94
1334.89
1318.60
1325.00
1366.03
1409.07
1439.07
1385.42
1286.14
1164.42
1063.55
1000.50
964.90
950.74
955.95
995.13
1094.60
1253.35
1355.83
1395.28
1421.97
1436.74
1438.73
1425.43
1408.90
1384.47
1328.90
1315.93
1324.02
1344.15
1380.84
1335.30
1259.14
1161.73
1068.40
1003.80
965.99
947.34
943.10
959.94
1004.66
1076.50
1147.41
1214.56
1249.19
1248.40
1227.02
1205.08
1175.05
1159.79
1155.65
1183.33
1238.64
1286.50
1313.79
1266.43
1192.24
1102.54
1022.95
965.69
930.76
918.52
908.95
920.19
957.28
1016.45
1081.31
1157.06
1206.45
1225.61
1218.82
1198.83
1167.53
1146.03
1148.50
1186.42
1256.51
1311.70
1360.42
1311.96
1230.54
1142.16
1066.42
1023.93
1002.62
1001.38
1018.03
1059.49
1164.77
1318.15
1417.81
1440.60
1423.45
1417.52
1400.74
1374.57
1351.95
1318.12
1306.39
1321.34
1382.97
1440.54
1470.54
1413.25
1315.59
1206.12
1113.67
1054.64
1026.54
1013.70
1015.98
1048.59
1135.24
1266.43
1368.25
1434.82
1465.57
1489.39
1509.02
1509.57
1502.71
1469.78
1422.01
1417.64
1428.58
1442.90
1445.46
1382.55
1288.29
1178.35
1094.18
1036.68
1005.96
993.46
1000.21
1039.07
1126.42
1256.69
1344.86
1370.32
1354.29
1335.68
1318.88
1299.74
1276.25
1241.64
1222.96
1245.09
1309.20
1357.09
1387.40
1324.14
1225.37
1118.64
1033.00
976.95
947.93
933.47
938.06
970.82
1057.23
1189.68
1305.05
1377.66
1411.42
1427.00
1444.34
1434.74
1431.38
1413.71
1388.74
1390.59
1430.66
1438.88
1426.70
1350.46
1252.60
1145.72
1054.18
995.52
960.16
944.55
944.23
974.54
1056.14
1173.39
1267.19
1339.22
1374.70
1389.24
1393.40
1382.30
1360.01
1320.98
1279.97
1274.10
1291.88
1299.32
1325.70
1266.31
1172.78
1073.28
984.09
919.85
885.84
869.17
868.25
887.05
931.58
1000.15
1069.04
1138.35
1175.76
1183.77
1177.82
1166.17
1135.78
1111.17
1104.56
1139.83
1217.09
1269.52
1308.97
1263.53
1189.74
1114.67
1044.88
994.51
968.28
958.10
959.19
973.82
1006.29
1057.21
1112.89
1169.87
1207.42
1222.20
1222.90
1212.36
1179.63
1145.32
1139.32
1177.59
1254.56
1297.99
1340.38
1293.68
1208.84
1121.71
1051.10
1008.10
986.43
982.55
992.60
1029.34
1115.28
1239.67
1347.13
1410.10
1435.11
1458.13
1471.82
1457.36
1444.28
1441.37
1432.10
1466.49
1520.86
1509.63
1475.67
1397.38
1294.45
1191.27
1099.25
1027.31
988.60
977.25
983.19
1012.45
1079.70
1186.29
1277.99
1330.21
1324.84
1322.44
1321.55
1322.39
1308.66
1285.13
1267.57
1286.69
1343.32
1366.81
1386.61
1332.17
1239.93
1145.38
1066.23
1017.15
986.48
974.85
978.35
1010.87
1093.04
1210.74
1302.67
1353.83
1357.70
1347.04
1355.50
1362.36
1346.42
1317.84
1301.24
1322.93
1374.14
1385.85
1391.72
1325.34
1230.85
1133.48
1051.14
1001.88
975.08
963.74
969.97
1005.87
1092.74
1212.79
1299.60
1325.61
1310.41
1294.40
1279.50
1257.43
1227.18
1195.08
1181.34
1201.80
1255.16
1294.37
1321.52
1269.80
1179.25
1087.42
1005.41
951.15
920.35
904.37
906.69
935.79
1010.74
1118.42
1205.84
1244.98
1240.50
1232.99
1231.00
1213.13
1187.58
1155.64
1136.86
1154.82
1210.20
1240.67
1264.99
1224.59
1144.00
1060.08
982.81
928.35
901.32
890.31
892.33
913.00
956.97
1015.94
1072.36
1116.67
1139.76
1153.51
1164.41
1157.27
1151.32
1138.87
1134.66
1161.79
1204.63
1226.88
1236.30
1177.53
1096.02
1018.57
944.05
893.19
860.16
842.71
836.91
845.38
871.28
919.49
983.95
1078.08
1162.94
1232.09
1283.77
1319.39
1316.61
1305.58
1309.84
1341.59
1370.19
1351.99
1316.55
1240.94
1151.35
1071.75
998.65
951.62
923.13
910.17
916.72
949.00
1028.17
1147.29
1257.63
1332.86
1365.88
1384.37
1396.20
1401.17
1396.41
1372.59
1359.58
1380.61
1424.80
1419.44
1399.48
1327.97
1235.28
1136.79
1054.99
999.92
970.26
954.97
958.31
989.87
1068.33
1179.99
1269.65
1320.13
1329.27
1313.26
1295.96
1275.01
1245.47
1209.12
1187.25
1206.62
1267.88
1299.78
1331.40
1295.86
1206.59
1116.61
1038.05
1027.32
1004.43
994.70
1001.50
1035.57
1118.26
1230.19
1302.33
1331.64
1326.15
1323.69
1323.90
1334.98
1321.63
1294.97
1286.60
1295.38
1340.24
1350.53
1359.05
1307.46
1219.06
1123.98
1041.46
983.12
953.02
939.28
943.92
975.89
1053.26
1161.04
1262.19
1325.90
1347.07
1354.44
1364.13
1365.96
1359.31
1341.22
1335.91
1366.51
1418.12
1416.19
1389.31
1327.68
1234.07
1138.31
1052.08
998.29
965.19
947.90
946.53
970.49
1040.64
1144.38
1244.15
1310.05
1342.47
1363.35
1372.37
1373.42
1354.52
1322.04
1298.19
1308.82
1346.22
1343.28
1325.66
1263.96
1176.98
1090.84
1008.55
948.10
912.16
893.37
888.21
897.86
935.82
989.40
1046.68
1104.27
1144.53
1152.75
1147.89
1130.25
1111.86
1098.00
1100.31
1124.76
1178.79
1205.14
1223.49
1180.37
1103.79
1025.75
955.74
903.68
869.64
852.90
850.17
859.05
888.10
927.99
982.58
1056.82
1115.49
1149.45
1158.54
1141.57
1120.60
1110.81
1126.86
1186.10
1261.74
1259.37
1231.94
1173.60
1088.49
1005.77
934.91
888.59
863.73
857.00
863.90
897.44
982.31
1097.29
1186.05
1226.66
1226.15
1220.77
1213.75
1204.32
1181.71
1151.64
1139.76
1163.20
1227.81
1256.11
1270.86
1235.95
1144.33
1052.49
974.61
921.74
893.59
883.30
892.48
926.94
1010.35
1115.98
1200.81
1229.19
1220.75
1212.21
1206.05
1198.31
1176.60
1153.11
1144.32
1172.90
1228.84
1246.58
1262.57
1224.24
1134.41
1044.37
966.92
916.48
887.81
876.52
873.28
903.10
978.48
1087.85
1193.77
1263.08
1286.68
1275.51
1255.43
1237.99
1221.64
1199.99
1176.00
1189.97
1240.45
1256.75
1265.53
1229.10
1138.33
1050.89
976.51
925.18
895.02
885.22
889.43
918.59
998.28
1104.09
1205.91
1279.39
1309.34
1344.58
1391.27
1413.24
1406.98
1392.27
1373.29
1375.07
1411.13
1389.53
1354.51
1295.02
1202.24
1106.38
1020.86
967.54
938.06
925.23
927.35
954.52
1023.03
1116.18
1196.59
1240.54
1254.48
1268.98
1278.39
1278.21
1266.21
1249.58
1241.41
1258.16
1304.81
1309.45
1297.37
1253.60
1173.51
1084.51
1006.54
952.06
921.06
905.29
898.58
908.19
943.49
993.63
1048.68
1108.80
1143.91
1158.52
1159.62
1145.13
1119.37
1089.95
1077.16
1111.74
1175.41
1208.14
1224.15
1204.49
1131.20
1055.53
984.92
927.87
898.53
884.13
883.84
894.84
924.60
963.52
1015.01
1063.71
1093.88
1094.73
1091.40
1087.53
1072.26
1069.51
1096.69
1130.67
1155.82
1140.38
1145.74
1124.47
1050.96
974.38
905.81
861.03
834.67
823.56
825.90
854.88
933.10
1044.30
1158.57
1247.49
1303.73
1348.92
1375.04
1384.17
1363.45
1328.11
1311.38
1322.13
1356.93
1325.49
1289.39
1222.64
1131.12
1039.66
956.95
901.58
873.77
861.36
864.97
897.42
976.13
1077.70
1166.95
1212.86
1218.74
1218.25
1205.60
1197.47
1171.69
1143.88
1142.30
1175.18
1218.13
1233.71
1253.34
1222.66
1133.59
1042.33
960.43
906.36
878.72
865.60
867.95
898.95
975.98
1078.22
1177.91
1222.93
1222.83
1222.40
1227.35
1216.71
1195.59
1174.29
1163.63
1183.48
1238.70
1254.94
1268.60
1249.33
1170.69
1081.93
1006.39
956.89
928.28
912.73
916.06
947.43
1024.54
1131.40
1223.88
1260.22
1265.44
1277.32
1287.11
1279.35
1260.00
1231.24
1209.50
1225.12
1275.46
1286.62
1295.45
1275.37
1196.60
1106.83
1027.08
977.45
949.40
940.59
945.48
975.14
1049.28
1139.46
1215.62
1254.95
1258.04
1266.18
1274.02
1259.69
1224.38
1191.89
1166.13
1186.11
1231.62
1246.61
1249.52
1223.51
1149.00
1068.21
985.95
931.35
897.08
880.06
875.29
888.26
927.84
985.12
1055.47
1137.05
1200.76
1237.13
1252.91
1251.03
1229.69
1205.65
1199.32
1222.99
1261.94
1259.32
1242.25
1209.97
1139.76
1069.31
1003.14
952.36
922.56
910.61
906.85
917.82
945.52
980.49
1023.89
1070.63
1090.92
1090.30
1074.65
1051.94
1015.37
988.83
996.41
1053.42
1140.90
1162.37
1165.27
1149.42
1067.35
984.94
911.55
863.95
837.82
827.88
834.91
867.43
948.52
1051.99
1152.76
1210.77
1226.24
1238.73
1245.24
1238.60
1217.78
1174.46
1146.21
1159.75
1211.98
1229.43
1234.66
1224.93
1141.78
1056.29
979.29
933.78
909.97
904.10
913.10
946.70
1025.47
1121.35
1202.09
1234.47
1231.99
1234.86
1285.36
1331.59
1342.71
1324.09
1319.83
1345.24
1398.46
1364.62
1304.59
1276.31
1196.76
1108.62
1029.49
978.38
955.09
948.74
956.70
990.90
1064.66
1172.13
1264.43
1315.06
1334.33
1342.95
1345.99
1341.27
1328.28
1296.44
1272.47
1287.28
1339.86
1342.00
1338.67
1320.37
1238.94
1146.01
1062.66
1011.43
985.23
973.12
976.41
1008.97
1088.18
1189.36
1268.03
1299.71
1292.05
1279.36
1268.07
1248.52
1221.06
1181.72
1160.13
1175.14
1228.74
1246.46
1251.35
1245.91
1167.50
1075.66
994.07
940.73
910.57
899.48
904.35
939.32
1009.82
1103.10
1202.95
1259.93
1277.86
1297.88
1285.91
1268.90
1263.27
1235.53
1213.34
1218.70
1249.51
1261.47
1254.64
1244.55
1168.47
1084.47
1004.34
948.43
916.63
900.89
897.92
909.74
942.20
990.39
1050.23
1110.79
1147.40
1150.16
1119.76
1076.84
1037.61
1010.45
1008.09
1041.34
1110.90
1146.42
1158.21
1154.99
1085.25
1011.74
942.96
891.14
859.95
845.05
844.28
854.28
882.10
919.27
976.64
1047.28
1095.76
1121.73
1162.41
1192.80
1191.25
1195.26
1200.42
1231.90
1293.15
1290.29
1264.45
1218.88
1139.90
1058.93
989.99
945.21
919.75
909.65
915.86
945.92
1022.16
1135.45
1249.35
1336.11
1384.32
1420.61
1442.75
1450.96
1434.60
1407.74
1385.72
1398.11
1437.69
1417.38
1379.91
1328.59
1234.46
1135.90
1015.26
957.42
925.24
908.32
910.94
941.92
1017.53
1119.93
1209.04
1263.85
1269.70
1265.93
1262.20
1254.07
1232.77
1201.18
1188.90
1203.84
1252.79
1266.44
1253.14
1229.33
1147.64
1053.53
975.81
925.80
898.95
887.82
888.18
923.09
1003.98
1104.69
1183.20
1210.52
1203.42
1197.96
1186.12
1171.35
1147.59
1127.55
1123.76
1160.36
1237.15
1259.18
1245.72
1208.07
1126.95
1032.35
950.46
899.20
871.22
855.80
856.58
885.28
959.25
1068.88
1172.99
1250.84
1293.63
1330.97
1358.58
1371.76
1366.85
1345.56
1320.82
1320.40
1347.88
1329.28
1297.78
1250.15
1165.73
1069.87
986.58
928.38
893.83
874.99
873.43
894.13
961.05
1051.29
1155.71
1235.60
1276.45
1295.82
1304.94
1290.57
1259.58
1218.23
1174.80
1165.10
1189.79
1196.06
1197.99
1183.76
1108.40
1019.20
940.85
876.04
840.19
823.75
819.45
830.96
863.39
906.29
957.54
1008.39
1037.29
1040.50
1032.90
1019.01
993.27
972.03
978.20
1020.24
1075.61
1103.55
1107.15
1107.02
1040.73
961.69
887.69
831.21
795.74
776.81
769.48
774.11
792.91
824.76
890.08
967.69
1015.12
1033.82
1043.97
1038.39
1020.21
1010.48
1013.69
1051.25
1114.24
1135.96
1133.57
1138.68
1065.16
970.27
890.82
839.26
811.40
795.61
795.99
820.14
885.10
982.45
1083.66
1146.75
1170.41
1194.47
1220.61
1234.05
1224.92
1199.97
1181.85
1190.20
1233.69
1236.83
1215.26
1192.87
1112.04
1017.43
930.83
876.23
844.59
831.01
836.80
866.33
938.23
1040.76
1135.34
1190.56
1203.86
1207.70
1206.76
1197.53
1178.41
1153.95
1139.43
1153.27
1201.97
1216.32
1206.97
1204.51
1129.96
1039.92
960.45
905.55
876.05
868.40
875.40
912.94
987.80
1089.11
1169.39
1198.63
1195.56
1199.05
1206.17
1212.28
1197.07
1170.55
1154.98
1165.10
1217.90
1236.22
1230.25
1202.22
1118.92
1019.78
937.70
884.61
854.29
840.53
842.27
873.22
947.07
1048.07
1132.74
1169.74
1173.49
1176.53
1178.96
1176.43
1165.21
1150.12
1140.42
1145.42
1189.86
1206.57
1190.94
1187.82
1111.93
1016.63
932.24
876.85
848.49
835.40
837.29
863.03
929.91
1031.03
1118.08
1169.38
1175.84
1174.15
1177.65
1171.94
1156.91
1137.43
1128.79
1153.33
1193.15
1197.90
1190.51
1171.75
1099.45
1014.78
933.35
878.50
845.78
832.35
833.09
850.68
888.29
944.17
1026.93
1122.77
1184.75
1200.31
1192.74
1183.75
1165.20
1137.22
1132.86
1155.21
1205.74
1218.97
1212.02
1215.42
1149.10
1069.15
991.62
936.33
900.90
883.59
877.63
884.04
906.25
940.89
995.56
1055.02
1091.61
1115.08
1131.01
1122.74
1083.53
1049.51
1037.27
1060.35
1113.29
1135.37
1134.19
1137.20
1070.67
986.52
916.28
868.34
843.71
836.42
842.93
878.64
955.15
1055.15
1140.86
1182.84
1182.61
1195.09
1216.12
1245.83
1272.25
1268.72
1257.07
1260.54
1288.99
1270.46
1231.09
1204.99
1126.07
1033.47
952.36
903.75
875.93
864.03
869.80
901.38
975.93
1080.34
1167.30
1211.74
1213.34
1221.12
1227.86
1215.97
1195.13
1170.06
1156.08
1180.23
1236.74
1247.51
1237.61
1227.90
1151.76
1057.80
977.95
925.63
901.08
892.29
900.24
934.98
1008.62
1113.86
1196.58
1224.79
1221.97
1219.10
1215.37
1209.25
1188.83
1161.68
1144.41
1160.66
1212.24
1228.68
1215.18
1211.31
1141.51
1046.69
963.32
910.55
883.21
873.18
878.23
912.90
986.20
1093.22
1176.08
1201.22
1201.26
1194.31
1186.90
1177.04
1159.76
1141.53
1127.67
1145.51
1188.09
1203.40
1193.97
1189.65
1116.79
1016.70
931.90
875.73
843.40
828.60
821.90
845.58
904.39
1000.78
1098.45
1177.76
1198.85
1200.44
1214.82
1230.80
1234.04
1218.19
1211.16
1231.29
1267.90
1270.66
1238.36
1189.17
1115.99
1029.52
947.66
884.29
844.51
823.46
814.32
823.60
843.00
891.45
962.92
1030.24
1087.84
1105.92
1109.51
1093.42
1076.56
1044.89
1037.20
1063.30
1116.37
1131.97
1119.37
1111.45
1056.54
975.87
897.37
840.24
805.52
785.88
779.98
784.55
801.36
834.48
891.19
976.32
1032.27
1055.33
1073.04
1084.61
1071.89
1058.58
1057.32
1086.29
1143.09
1155.72
1145.22
1143.18
1072.37
979.19
896.98
843.62
812.34
798.41
799.21
828.09
894.55
999.91
1120.88
1205.28
1238.22
1259.35
1270.44
1264.62
1249.18
1224.20
1194.52
1200.88
1243.82
1254.00
1222.76
1210.04
1139.54
1031.16
938.93
879.53
845.22
830.30
832.24
861.57
928.37
1030.02
1127.07
1178.63
1191.18
1196.49
1200.06
1197.82
1188.77
1166.53
1156.27
1170.08
1222.78
1234.27
1213.14
1204.17
1133.60
1026.71
934.82
878.34
847.43
833.19
835.50
864.90
935.51
1039.66
1127.80
1174.75
1187.44
1195.28
1203.84
1202.69
1201.43
1193.88
1187.20
1201.19
1240.42
1250.01
1224.65
1211.38
1144.26
1035.74
941.51
882.67
849.16
833.46
835.08
864.48
930.69
1036.72
1129.75
1181.65
1196.02
1211.05
1229.16
1242.10
1245.65
1244.51
1251.20
1271.87
1309.40
1313.86
1286.66
1270.73
1203.79
1086.58
981.87
912.04
867.84
844.12
840.79
860.50
911.71
1007.44
1109.54
1184.20
1218.47
1246.18
1271.09
1287.16
1299.67
1306.42
1323.12
1357.78
1399.59
1402.57
1365.50
1339.32
1271.58
1154.33
1042.94
960.32
907.91
877.32
859.99
859.10
871.44
916.20
985.01
1057.39
1103.98
1119.46
1118.50
1111.97
1090.52
1069.79
1067.78
1100.15
1147.76
1152.34
1126.73
1113.93
1062.39
977.95
894.57
832.15
797.23
776.06
771.42
776.20
788.98
829.07
889.49
963.15
1011.21
1032.05
1034.67
1031.03
1013.55
1002.45
1009.04
1045.12
1103.21
1121.30
1102.92
1097.41
1048.72
964.90
885.37
826.73
791.93
774.40
771.97
782.74
805.30
844.92
910.37
998.60
1067.22
1111.88
1135.04
1146.38
1132.72
1114.29
1109.49
1134.03
1178.73
1182.92
1163.85
1153.29
1087.15
987.37
901.05
848.11
817.08
801.71
804.68
836.31
904.80
1015.82
1130.53
1213.54
1251.42
1282.62
1320.65
1361.30
1401.66
1434.41
1464.34
1501.07
1552.18
1559.80
1515.03
1473.52
1387.75
1251.80
1133.52
1045.24
990.89
958.45
946.79
956.61
1008.85
1121.62
1250.62
1353.94
1431.18
1509.71
1590.56
1654.30
1709.45
1748.24
1783.01
1809.64
1837.01
1817.52
1748.90
1682.52
1573.51
1414.20
1275.51
1173.02
1107.56
1064.02
1045.20
1054.81
1107.15
1208.26
1329.80
1438.02
1513.62
1583.25
1642.15
1686.44
1707.62
1708.17
1713.18
1719.66
1718.87
1703.94
1643.06
1598.38
1515.77
1383.56
1265.85
1181.61
1130.56
1099.48
1089.73
1106.92
1165.52
1277.25
1399.86
1511.42
1596.95
1662.56
1728.04
1781.05
1806.31
1848.90
1878.44
1874.57
1878.05
1839.33
1765.27
1709.56
1624.23
1497.37
1369.90
1269.55
1203.64
1158.44
1130.74
1121.06
1128.86
1167.41
1243.69
1335.88
1404.33
1441.54
1451.32
1451.50
1449.52
1454.26
1467.90
1498.10
1528.68
1512.54
1451.94
1393.56
1320.66
1210.09
1108.38
1028.10
981.01
946.02
921.56
912.48
906.96
932.34
986.80
1057.87
1107.18
1135.19
1149.59
1152.53
1140.77
1134.82
1140.85
1178.52
1235.19
1240.90
1209.06
1183.46
1123.74
1027.80
946.09
896.35
821.26
808.91
814.12
847.29
915.74
1023.89
1121.84
1180.59
1207.60
1233.68
1244.35
1252.00
1255.10
1240.68
1220.58
1231.58
1280.39
1277.20
1243.42
1216.49
1143.21
1038.54
948.58
889.16
854.43
838.54
839.29
870.99
935.90
1041.34
1135.53
1194.74
1216.18
1234.64
1251.96
1254.91
1256.84
1260.98
1263.28
1279.90
1311.32
1303.05
1256.50
1224.73
1156.73
1055.69
968.99
911.03
876.42
859.71
857.61
883.94
949.91
1056.21
1163.37
1225.99
1261.74
1302.77
1338.61
1367.88
1389.43
1367.54
1364.78
1384.27
1430.93
1428.00
1381.78
1342.13
1275.98
1160.87
1061.05
981.36
934.74
907.07
898.48
919.43
977.92
1087.40
1209.07
1309.96
1368.71
1420.31
1476.84
1528.94
1572.49
1593.98
1615.45
1641.31
1668.60
1671.06
1616.37
1567.56
1491.01
1359.43
1233.16
1137.54
1079.43
1044.97
1030.35
1046.42
1096.58
1197.22
1306.30
1402.64
1472.03
1527.77
1572.66
1610.70
1631.00
1658.04
1699.04
1745.17
1775.26
1757.12
1690.63
1633.41
1563.32
1437.02
1314.27
1208.33
1136.14
1089.36
1060.70
1052.55
1063.71
1116.80
1213.00
1332.76
1475.46
1588.66
1669.10
1711.38
1724.30
1693.16
1621.49
1606.72
1612.93
1602.81
1536.37
1477.65
1379.38
1245.22
1129.61
1041.27
983.68
946.12
927.24
923.48
928.52
956.72
1016.99
1099.46
1165.30
1203.03
1218.38
1228.95
1221.93
1208.07
1215.54
1237.74
1275.20
1280.64
1254.97
1231.23
1174.41
1075.45
986.97
926.31
890.57
873.84
874.65
899.40
963.35
1074.19
1187.80
1263.15
1304.80
1335.93
1352.77
1368.33
1377.26
1386.11
1397.80
1426.33
1470.56
1469.59
1416.72
1366.87
1293.89
1172.88
1063.47
991.64
951.77
928.70
923.64
948.59
1015.11
1115.35
1215.59
1291.02
1339.08
1367.29
1391.70
1402.63
1416.16
1423.62
1420.08
1419.80
1446.82
1440.06
1402.15
1368.69
1305.05
1194.12
1090.14
1021.21
976.58
953.35
944.49
963.44
1019.03
1129.11
1244.76
1324.95
1362.31
1392.19
1415.83
1428.81
1442.52
1452.49
1452.63
1457.11
1464.55
1437.12
1385.73
1349.58
1282.31
1173.19
1075.46
1011.49
972.72
952.37
949.94
977.48
1007.94
1111.78
1226.35
1319.76
1382.50
1430.91
1469.26
1483.99
1484.38
1485.58
1498.80
1520.49
1551.81
1543.47
1502.59
1468.64
1411.17
1290.38
1175.31
1090.94
1032.97
994.00
974.80
980.65
1022.63
1118.13
1243.60
1341.68
1399.64
1453.18
1491.42
1522.16
1550.25
1565.08
1570.60
1578.84
1585.02
1549.74
1468.28
1395.62
1320.99
1195.16
1073.75
980.82
923.42
886.32
867.86
867.39
878.83
928.59
1000.14
1080.64
1131.75
1157.53
1172.20
1180.26
1176.65
1172.16
1177.89
1193.85
1219.01
1214.15
1179.29
1150.92
1111.08
1027.82
945.74
882.76
842.97
817.81
808.62
811.67
821.87
854.48
916.06
1000.18
1061.53
1095.57
1120.48
1142.70
1146.04
1141.65
1154.43
1185.15
1235.73
1240.10
1212.40
1188.30
1136.22
1035.44
945.11
888.23
851.79
834.04
834.53
865.07
929.36
1037.42
1150.25
1223.34
1267.84
1302.70
1340.62
1367.86
1371.10
1360.17
1351.86
1360.15
1387.71
1382.37
1342.30
1301.79
1233.90
1114.73
1009.36
937.61
895.08
873.05
869.63
893.10
952.19
1061.81
1172.74
1252.38
1299.52
1337.68
1366.98
1393.50
1415.43
1428.44
1453.34
1484.26
1519.51
1506.18
1446.01
1386.80
1309.14
1177.01
1057.50
977.15
928.16
897.63
889.43
910.26
967.43
1078.31
1191.06
1270.71
1321.84
1367.52
1415.57
1460.60
1502.69
1540.67
1582.35
1626.90
1670.46
1664.63
1600.81
1525.22
1437.93
1289.40
1155.49
1061.68
1003.94
967.35
951.72
965.36
1016.73
1135.76
1270.90
1381.03
1467.26
1546.02
1624.01
1694.41
1763.05
1819.75
1873.07
1923.24
1962.70
1953.71
1886.32
1802.83
1717.11
1550.84
1393.85
1281.35
1205.55
1155.83
1130.72
1139.68
1177.09
1292.50
1438.77
1572.53
1675.06
1766.02
1844.61
1906.66
1955.55
1988.87
2018.05
2043.79
2052.14
2018.60
1930.20
1834.50
1740.89
1583.95
1428.68
1306.86
1226.06
1175.08
1147.44
1130.00
1131.01
1194.98
1312.86
1452.40
1582.90
1689.97
1780.56
1846.24
1888.29
1915.39
1939.97
1963.41
1975.03
1938.91
1869.82
1800.15
1720.84
1578.87
1433.41
1314.01
1231.89
1173.27
1133.99
1111.78
1104.99
1160.06
1280.30
1436.94
1587.63
1705.31
1798.50
1850.89
1877.76
1893.67
1912.20
1902.66
1883.84
1862.83
1812.36
1753.84
1672.29
1511.01
1363.48
1266.26
1204.62
1164.99
1150.74
1166.92
1227.56
1335.89
1445.60
1525.62
1579.96
1626.15
1673.94
1728.26
1789.14
1844.57
1891.02
1928.81
1963.52
1941.73
1860.01
1772.42
1662.92
1503.09
1354.91
1251.30
1183.66
1141.58
1124.16
1138.74
1198.99
1316.47
1431.49
1532.91
1624.56
1730.22
1854.64
1953.43
2024.38
2063.17
2098.28
2125.46
2148.15
2118.74
2042.25
1953.79
1845.16
1666.76
1506.23
1391.37
1307.44
1253.84
1228.04
1237.09
1288.85
1403.58
1517.89
1608.43
1671.20
1732.26
1781.93
1837.91
1869.62
1895.71
1914.05
1941.28
1955.85
1909.84
1803.46
1695.20
1581.04
1419.90
1271.51
1169.62
1101.25
1054.77
1033.48
1043.61
1092.00
1193.93
1308.89
1396.61
1461.74
1512.02
1554.24
1592.22
1626.51
1657.29
1694.61
1729.32
1759.96
1746.17
1676.87
1596.11
1516.72
1373.97
1238.18
1141.66
1075.96
1035.69
1016.48
1029.10
1075.16
1181.97
1310.40
1414.66
1494.55
1567.49
1616.96
1668.96
1706.95
1710.72
1686.13
1688.03
1719.53
1717.13
1642.37
1562.67
1490.96
1359.92
1229.71
1123.59
1053.90
1007.65
980.26
972.56
981.03
1032.65
1124.58
1233.48
1326.82
1408.38
1454.73
1462.80
1453.63
1462.35
1456.59
1459.20
1474.55
1461.79
1426.72
1401.40
1356.55
1262.00
1159.29
1073.82
1014.17
974.69
952.67
945.26
947.16
992.97
1084.89
1203.31
1317.44
1414.58
1499.21
1535.24
1553.28
1592.33
1612.24
1619.79
1638.22
1611.88
1558.56
1508.20
1417.34
1296.63
1192.80
1120.01
1070.98
1044.94
1039.37
1062.49
1129.88
1238.57
1353.80
1440.95
1494.42
1531.69
1562.74
1576.91
1581.82
1572.64
1553.27
1541.59
1556.70
1536.60
1481.97
1429.58
1345.25
1228.61
1127.41
1057.00
1012.82
988.09
982.65
1004.97
1069.53
1177.88
1288.75
1372.74
1428.02
1470.27
1503.54
1534.12
1552.00
1552.09
1551.35
1560.60
1567.98
1555.17
1500.19
1453.43
1381.43
1265.37
1162.76
1091.78
1041.75
1013.33
1002.86
1026.57
1078.64
1184.36
1298.53
1383.97
1443.49
1487.81
1529.27
1568.16
1599.86
1613.77
1629.69
1642.67
1653.96
1627.74
1568.00
1520.46
1457.57
1326.92
1203.96
1113.37
1054.88
1019.07
1004.71
1021.36
1076.22
1173.70
1297.19
1413.57
1507.40
1599.30
1688.70
1765.73
1843.86
1907.11
1962.46
2013.40
2046.82
2015.57
1895.48
1807.46
1720.79
1564.95
1416.00
1304.44
1231.12
1182.56
1153.44
1152.55
1177.56
1225.84
1301.54
1376.88
1429.44
1457.56
1467.79
1461.54
1451.51
1440.75
1434.45
1437.25
1449.95
1429.06
1381.45
1348.36
1295.97
1205.15
1111.24
1036.59
983.53
951.51
933.21
933.70
947.06
978.76
1056.40
1162.22
1262.12
1327.71
1391.73
1436.43
1471.13
1501.43
1533.35
1574.40
1609.95
1600.11
1532.57
1467.13
1400.43
1314.70
1208.80
1111.56
1044.62
1002.72
980.60
975.68
984.79
1002.64
1062.11
1152.53
1244.48
1324.79
1405.60
1476.29
1530.86
1580.64
1623.02
1665.51
1703.02
1690.91
1628.32
1572.17
1476.42
1332.87
1214.51
1130.05
1076.54
1047.49
1036.57
1055.18
1113.01
1210.91
1331.11
1436.31
1513.71
1575.88
1632.15
1675.80
1709.13
1729.82
1744.00
1768.09
1784.20
1750.50
1658.90
1570.92
1483.76
1340.29
1215.75
1122.24
1061.18
1028.15
1015.59
1035.83
1099.47
1200.26
1313.69
1406.88
1467.30
1529.51
1586.54
1631.02
1669.05
1702.60
1739.83
1776.12
1786.71
1764.03
1693.91
1636.95
1557.80
1416.70
1292.34
1205.23
1147.74
1113.85
1108.80
1131.29
1196.49
1286.81
1405.99
1506.14
1585.85
1676.53
1772.78
1847.05
1910.82
1968.10
2013.85
2011.91
1971.36
1899.40
1814.82
1741.63
1652.35
1503.66
1364.90
1267.10
1203.76
1165.04
1146.72
1165.88
1226.40
1326.74
1471.55
1603.84
1716.50
1819.58
1921.59
2010.67
2090.89
2134.89
2158.77
2180.34
2197.65
2176.10
2102.46
2030.04
1931.42
1749.65
1585.80
1464.15
1376.83
1318.85
1286.15
1284.81
1330.57
1427.15
1572.26
1701.59
1812.56
1918.22
1997.60
2053.52
2089.85
2086.87
2062.90
2039.62
2005.63
1943.95
1859.13
1792.04
1706.77
1575.43
1448.25
1355.86
1292.50
1250.14
1228.19
1222.67
1244.72
1279.56
1363.44
1475.57
1587.14
1701.32
1801.65
1882.37
1923.93
1943.00
1964.46
2000.18
2032.18
2014.39
1940.46
1879.00
1806.72
1672.66
1546.26
1438.85
1357.20
1298.97
1260.87
1240.80
1236.09
1272.39
1369.97
1494.55
1604.05
1684.02
1750.06
1804.75
1836.19
1873.19
1921.85
1973.36
2024.82
2016.14
1939.96
1857.36
1755.21
1590.40
1448.17
1347.97
1276.45
1231.08
1208.26
1215.88
1270.75
1375.79
1489.49
1584.22
1667.77
1751.67
1839.80
1924.18
1941.25
1883.79
1858.01
1889.24
1909.92
1869.91
1781.36
1713.15
1624.00
1477.66
1345.37
1245.82
1181.50
1138.07
1113.91
1126.30
1179.69
1278.28
1397.77
1475.18
1498.19
1538.26
1579.54
1620.85
1675.21
1711.76
1691.15
1688.64
1683.54
1641.85
1573.83
1531.39
1459.91
1335.23
1224.11
1148.20
1096.82
1063.79
1052.28
1069.79
1134.25
1226.89
1332.08
1411.62
1455.33
1503.50
1547.75
1567.49
1585.46
1582.37
1583.46
1609.64
1635.85
1618.42
1555.79
1508.81
1440.21
1313.17
1194.73
1112.68
1060.81
1027.55
1011.45
1026.63
1083.03
1178.33
1301.18
1390.86
1443.79
1491.02
1529.96
1552.03
1562.28
1569.44
1567.80
1567.26
1565.53
1539.13
1476.26
1440.37
1366.15
1245.55
1138.61
1063.20
1012.20
985.90
978.12
995.75
1055.46
1140.65
1232.98
1310.28
1364.58
1406.68
1426.27
1431.95
1426.31
1410.33
1396.75
1407.00
1437.77
1442.42
1422.16
1406.10
1367.22
1265.98
1164.33
1077.35
1022.03
989.88
975.57
976.53
993.32
1046.18
1144.81
1278.55
1410.48
1529.61
1638.22
1707.62
1762.13
1810.48
1860.87
1908.45
1951.75
1940.64
1862.61
1784.54
1692.79
1549.89
1407.71
1292.64
1210.36
1153.43
1117.08
1098.22
1093.49
1125.41
1227.32
1375.16
1537.71
1688.23
1829.97
1931.03
2001.18
2056.55
2108.07
2161.57
2192.20
2149.57
2090.36
2038.50
1939.77
1780.17
1638.04
1539.81
1468.69
1411.24
1376.79
1381.69
1439.12
1558.68
1705.00
1850.76
1931.79
2031.08
2141.02
2212.21
2258.75
2287.57
2294.08
2292.06
2298.18
2259.67
2158.98
2046.17
1916.01
1730.26
1555.96
1427.47
1338.19
1278.43
1242.01
1240.30
1281.31
1392.48
1539.72
1672.56
1763.79
1851.41
1916.58
1970.45
2022.10
2053.34
2086.31
2113.63
2129.50
2097.98
1999.72
1902.23
1780.20
1596.02
1441.46
1327.98
1255.66
1210.68
1190.11
1201.15
1258.37
1355.44
1466.04
1551.10
1585.10
1616.14
1642.84
1659.40
1671.74
1682.30
1703.03
1735.77
1769.43
1741.66
1680.37
1633.91
1538.85
1403.86
1288.58
1207.77
1154.43
1120.02
1109.69
1128.39
1197.51
1307.94
1431.91
1524.54
1610.82
1725.75
1840.84
1936.70
1956.85
1898.36
1852.01
1840.26
1847.19
1816.56
1759.72
1715.65
1627.71
1492.31
1366.77
1269.26
1202.97
1161.80
1140.96
1148.91
1197.58
1301.22
1420.01
1524.87
1615.52
1690.47
1750.85
1793.08
1828.17
1854.06
1869.34
1885.67
1898.95
1871.69
1798.69
1732.52
1640.59
1493.75
1348.04
1234.14
1155.31
1103.70
1074.57
1064.90
1075.44
1123.59
1229.22
1353.72
1471.90
1575.03
1661.96
1721.22
1761.30
1802.07
1834.19
1871.57
1911.34
1903.49
1821.16
1748.03
1651.42
1505.84
1360.17
1247.77
1174.11
1124.40
1092.63
1077.95
1076.60
1106.43
1205.72
1346.25
1479.56
1600.91
1693.40
1772.47
1836.15
1902.18
1945.39
1964.94
1982.57
1963.81
1908.74
1865.33
1771.52
1620.37
1477.44
1381.93
1321.99
1280.24
1263.58
1283.81
1350.96
1475.24
1639.44
1774.88
1908.90
2039.97
2157.72
2251.75
2322.48
2363.97
2382.86
2393.18
2402.19
2363.10
2286.91
2205.83
2081.17
1891.27
1722.89
1602.95
1518.93
1464.30
1437.00
1445.16
1499.69
1612.33
1778.73
1919.80
2032.62
2104.91
2125.59
2163.27
2227.25
2259.67
2275.68
2283.31
2266.52
2192.72
2076.08
1971.42
1835.53
1656.52
1490.33
1367.75
1284.10
1226.63
1193.50
1195.84
1240.33
1342.95
1483.40
1600.49
1693.83
1812.14
1911.61
1981.19
2043.63
2082.55
2119.89
2151.35
2165.01
2128.34
2033.88
1960.21
1845.48
1681.54
1535.86
1428.67
1353.07
1294.01
1263.01
1265.67
1318.92
1416.72
1530.59
1624.47
1702.63
1811.31
1916.05
1999.17
2055.95
2084.04
2090.81
2066.54
2054.64
2011.90
1925.29
1857.32
1740.20
1572.13
1414.29
1299.68
1222.92
1170.42
1142.01
1143.87
1191.61
1287.23
1421.94
1532.76
1622.32
1709.12
1786.07
1840.89
1883.81
1899.31
1945.82
1981.15
1994.58
1955.70
1862.78
1788.57
1682.81
1526.95
1377.84
1265.61
1188.71
1134.82
1102.43
1091.45
1101.91
1144.89
1241.90
1369.40
1484.55
1574.96
1654.93
1716.38
1764.66
1803.84
1845.11
1890.88
1925.33
1903.78
1820.70
1753.02
1657.35
1511.15
1369.15
1260.33
1182.34
1130.77
1101.56
1091.81
1095.63
1129.86
1211.37
1324.06
1434.97
1530.90
1615.03
1668.27
1683.79
1708.92
1728.80
1733.04
1763.11
1754.79
1732.18
1714.91
1642.74
1529.91
1424.70
1350.68
1305.59
1278.76
1271.25
1291.69
1367.20
1498.29
1671.29
1805.92
1872.82
1934.32
1984.48
2030.35
2068.54
2088.10
2102.38
2112.52
2120.46
2076.51
1972.48
1890.76
1757.90
1586.69
1437.55
1328.09
1258.19
1216.14
1198.99
1213.38
1276.11
1366.90
1472.32
1561.72
1624.09
1686.60
1729.80
1767.44
1797.88
1800.20
1806.77
1815.05
1791.12
1685.74
1570.08
1499.37
1414.01
1312.00
1212.67
1146.50
1096.48
1061.78
1050.98
1070.08
1128.17
1237.67
1382.20
1509.77
1613.79
1714.48
1800.14
1853.23
1908.46
1944.21
1971.06
1996.38
2005.98
1954.88
1854.88
1774.23
1648.83
1473.99
1319.08
1205.22
1131.40
1080.80
1055.46
1061.02
1111.77
1210.12
1326.16
1424.98
1496.83
1558.94
1610.85
1650.94
1686.26
1700.46
1726.00
1757.01
1780.46
1746.43
1662.67
1600.14
1486.68
1339.75
1207.13
1113.85
1051.39
1013.55
998.49
1011.47
1069.44
1157.51
1262.57
1348.96
1403.76
1466.56
1518.65
1555.25
1598.89
1627.11
1641.73
1664.26
1679.94
1645.94
1586.23
1554.80
1475.19
1351.10
1229.86
1142.94
1081.22
1043.06
1024.38
1024.00
1045.00
1087.58
1174.86
1280.79
1359.81
1405.00
1436.21
1479.59
1532.67
1587.54
1641.51
1697.88
1734.98
1715.59
1648.71
1603.15
1509.12
1378.15
1258.31
1164.93
1101.26
1058.19
1032.66
1024.77
1034.15
1061.86
1149.54
1282.86
1422.96
1557.31
1675.52
1739.74
1770.60
1809.90
1866.06
1923.06
1966.69
1934.94
1876.11
1824.67
1710.84
1565.48
1433.78
1337.80
1267.27
1221.75
1202.73
1216.50
1282.07
1377.67
1521.70
1666.32
1792.14
1916.24
2018.66
2094.07
2155.74
2195.03
2233.23
2258.55
2281.60
2235.65
2139.81
2066.39
1912.95
1736.70
1580.60
1468.08
1390.96
1336.66
1304.84
1311.23
1359.71
1464.32
1615.40
1762.25
1890.73
2014.61
2137.69
2218.90
2284.93
2329.32
2355.22
2363.80
2367.48
2320.43
2245.00
2182.58
2033.72
1840.25
1671.57
1555.24
1479.90
1433.52
1408.90
1415.01
1473.17
1571.47
1703.50
1836.13
1927.11
2017.39
2097.89
2169.06
2232.83
2267.95
2281.84
2292.10
2287.32
2246.45
2134.54
2043.05
1883.87
1691.52
1523.18
1401.61
1315.84
1255.65
1219.15
1215.42
1261.66
1354.21
1482.03
1608.45
1706.09
1805.51
1892.90
1954.22
1998.44
2025.05
2013.47
2001.41
1996.75
1962.91
1899.15
1844.65
1711.17
1539.76
1392.11
1282.04
1206.95
1157.62
1136.22
1143.21
1197.24
1283.18
1410.51
1526.38
1615.22
1702.86
1772.07
1814.68
1856.38
1892.72
1909.61
1927.78
1917.47
1860.46
1764.92
1702.67
1584.48
1436.97
1294.01
1192.21
1121.23
1074.14
1048.57
1046.85
1071.34
1114.51
1190.00
1279.56
1339.80
1372.47
1387.24
1386.79
1381.41
1371.51
1367.28
1381.22
1414.33
1412.10
1385.52
1371.61
1295.99
1197.75
1100.87
1026.30
975.19
944.31
928.64
929.81
948.15
975.04
1038.94
1132.56
1215.90
1266.90
1299.19
1313.40
1312.78
1305.50
1305.61
1329.19
1364.40
1360.44
1341.68
1320.26
1243.08
1147.44
1061.72
1008.41
971.94
952.16
952.59
979.11
1050.74
1151.45
1265.84
1356.69
1409.14
1455.50
1496.22
1537.92
1584.19
1612.93
1640.39
1663.76
1675.56
1641.61
1578.65
1535.77
1423.68
1298.64
1189.56
1115.69
1069.86
1042.80
1034.62
1057.72
1128.12
1233.09
1335.74
1421.29
1494.90
1561.58
1618.27
1662.69
1694.54
1706.14
1719.82
1739.32
1736.62
1683.96
1607.19
1560.49
1439.06
1297.65
1176.32
1092.78
1034.22
997.29
983.26
996.42
1058.24
1155.55
1258.21
1341.77
1398.68
1441.78
1486.50
1538.01
1571.49
1578.35
1582.82
1560.91
1538.39
1521.90
1477.24
1445.50
1340.18
1215.73
1106.81
1028.04
976.20
948.00
939.24
957.83
1024.51
1123.12
1229.32
1306.52
1353.20
1390.90
1417.75
1440.82
1470.13
1491.17
1514.35
1541.83
1568.27
1551.73
1497.07
1458.40
1348.99
1220.98
1108.71
1029.22
977.43
951.57
944.29
961.52
1026.17
1116.70
1227.72
1325.05
1393.80
1464.86
1539.07
1596.81
1665.57
1729.25
1768.83
1800.31
1804.28
1744.30
1657.57
1600.43
1487.29
1351.28
1225.10
1134.03
1070.28
1028.34
1005.77
1001.63
1022.89
1058.79
1137.89
1250.77
1361.97
1423.55
1440.92
1486.58
1531.37
1565.21
1609.68
1645.34
1671.12
1637.63
1576.06
1534.51
1436.58
1320.18
1204.08
1112.84
1049.50
1007.24
980.38
969.90
980.71
1003.62
1078.39
1194.50
1305.98
1401.99
1504.97
1598.16
1673.40
1692.95
1651.11
1638.20
1666.34
1642.28
1610.46
1572.26
1460.09
1339.02
1230.10
1153.88
1100.50
1067.05
1054.25
1073.25
1146.33
1256.84
1380.69
1489.76
1565.15
1674.57
1780.47
1883.49
1974.21
2032.65
2042.95
1989.80
1991.30
1963.35
1887.12
1815.94
1672.53
1521.06
1386.54
1285.37
1218.79
1174.67
1152.27
1165.21
1231.17
1336.72
1456.54
1560.28
1637.03
1733.31
1797.32
1857.05
1935.21
1973.41
1967.33
1928.92
1860.94
1765.43
1686.75
1619.51
1481.57
1331.29
1199.67
1109.87
1047.26
1008.15
988.68
1004.92
1067.43
1162.09
1256.70
1313.22
1334.75
1346.65
1355.39
1363.98
1377.99
1389.62
1399.46
1414.88
1441.78
1424.58
1391.93
1354.62
1250.59
1137.84
1035.90
969.82
931.37
909.43
905.10
926.63
999.26
1103.54
1200.73
1272.71
1312.64
1343.88
1378.49
1396.05
1388.70
1357.79
1349.26
1348.66
1366.55
1365.30
1354.58
1315.91
1221.89
1116.95
1027.23
964.98
925.17
905.62
904.98
930.67
1005.33
1108.41
1209.09
1284.75
1329.80
1371.64
1402.14
1417.72
1441.16
1452.62
1462.98
1490.03
1505.19
1476.87
1440.06
1397.80
1298.58
1187.84
1081.31
1006.37
959.50
931.54
919.29
921.98
954.07
1006.86
1083.22
1182.56
1267.77
1318.45
1342.98
1346.30
1329.69
1310.42
1299.69
1309.86
1337.16
1344.75
1346.70
1311.35
1234.17
1152.52
1072.01
1006.50
964.05
923.43
903.17
896.98
912.40
937.80
1009.93
1105.41
1170.16
1198.13
1213.10
1216.83
1210.55
1198.23
1208.57
1241.50
1289.27
1288.16
1276.23
1242.30
1146.49
1044.67
958.70
902.33
868.37
850.86
853.12
880.91
962.29
1071.99
1174.29
1245.15
1287.54
1324.42
1352.89
1377.47
1397.18
1398.38
1396.04
1411.19
1438.43
1425.96
1407.87
1361.97
1251.38
1136.89
1038.48
972.22
930.65
908.00
901.25
926.10
1003.53
1115.02
1212.16
1285.93
1328.80
1363.74
1392.58
1411.39
1426.27
1437.77
1450.17
1466.71
1487.99
1468.46
1447.63
1400.34
1293.32
1175.82
1075.12
1008.18
964.40
940.95
934.16
958.49
1038.90
1160.78
1265.88
1345.64
1393.81
1427.51
1448.84
1466.85
1474.01
1465.11
1455.53
1459.32
1480.98
1479.10
1457.49
1400.14
1304.49
1200.94
1112.49
1054.97
1019.31
999.18
999.03
1031.05
1111.86
1237.93
1349.03
1427.44
1477.06
1509.00
1534.66
1549.86
1571.36
1592.10
1614.36
1613.21
1608.77
1587.49
1570.08
1517.36
1400.46
1267.46
1156.03
1074.28
1022.03
992.60
978.14
992.88
1051.38
1147.31
1255.49
1354.45
1433.96
1495.96
1528.27
1547.46
1562.71
1566.74
1570.83
1579.34
1570.46
1515.69
1464.23
1410.58
1306.36
1191.03
1081.80
997.28
940.99
901.77
885.63
883.78
907.61
944.92
1013.17
1101.74
1161.44
1192.18
1210.84
1221.13
1232.44
1243.02
1255.67
1291.19
1327.29
1317.31
1301.27
1256.99
1179.18
1090.26
1002.39
937.18
894.36
868.49
856.57
859.13
881.10
913.81
971.54
1060.40
1129.57
1170.44
1206.25
1232.94
1237.15
1246.08
1267.30
1305.92
1349.69
1332.74
1320.01
1270.30
1179.02
1085.68
994.21
928.45
887.60
864.84
859.26
869.67
903.66
945.53
1013.14
1120.27
1208.58
1268.70
1308.91
1328.77
1345.85
1367.87
1396.94
1426.96
1458.41
1447.93
1446.75
1391.53
1280.40
1161.40
1064.91
1000.31
958.90
936.54
930.74
961.04
1046.39
1171.50
1277.48
1359.28
1418.53
1482.40
1559.86
1615.61
1687.10
1735.16
1767.96
1799.65
1817.89
1784.81
1750.45
1664.28
1516.35
1367.88
1237.61
1149.51
1088.38
1047.82
1031.01
1048.92
1121.56
1237.93
1330.02
1406.58
1466.82
1525.61
1603.17
1655.19
1694.33
1710.34
1719.51
1724.84
1725.65
1704.88
1687.66
1609.03
1476.29
1338.82
1214.64
1132.32
1079.98
1047.38
1037.87
1059.72
1134.78
1259.76
1357.93
1432.30
1491.85
1557.90
1621.40
1665.80
1710.14
1724.20
1727.69
1736.35
1750.29
1743.90
1735.99
1667.77
1546.32
1410.12
1289.45
1198.35
1133.73
1089.07
1064.30
1070.08
1131.07
1235.51
1314.08
1360.85
1376.90
1382.23
1386.35
1376.68
1371.27
1371.54
1374.88
1390.00
1397.12
1370.64
1362.38
1302.82
1207.12
1106.33
1008.94
934.77
888.83
861.96
850.92
855.53
887.99
937.05
1003.89
1074.79
1120.55
1142.41
1156.35
1157.53
1150.75
1147.18
1157.53
1190.45
1230.29
1237.38
1246.09
1192.49
1111.33
1020.33
937.26
880.36
841.85
819.90
811.35
818.02
841.83
878.92
941.13
1030.37
1097.60
1138.78
1163.01
1179.59
1181.78
1191.11
1211.34
1263.66
1314.48
1333.84
1341.56
1284.37
1186.39
1091.03
1011.89
961.48
929.74
914.19
916.67
948.87
1030.91
1161.50
1258.73
1318.49
1346.49
1367.26
1379.19
1382.00
1386.10
1381.62
1376.40
1378.47
1388.43
1381.32
1377.14
1299.44
1184.78
1070.22
975.79
915.89
880.34
861.70
861.55
894.31
980.12
1109.69
1198.34
1237.56
1243.94
1252.01
1260.13
1263.05
1263.99
1257.71
1256.31
1279.14
1317.17
1336.94
1344.00
1270.50
1163.63
1052.77
961.61
904.75
873.00
856.71
860.91
892.00
977.25
1112.70
1209.62
1255.07
1270.72
1283.24
1293.25
1299.88
1304.63
1307.45
1316.80
1338.97
1367.39
1386.07
1399.19
1330.65
1223.01
1111.93
1017.94
954.40
919.20
899.73
897.84
920.67
1002.68
1132.76
1224.68
1266.73
1292.67
1315.79
1344.53
1357.56
1378.03
1388.49
1391.31
1393.45
1411.86
1418.86
1408.09
1328.89
1220.34
1110.87
1019.90
958.42
918.14
895.72
892.38
918.44
995.81
1113.27
1206.19
1259.39
1283.39
1294.56
1293.97
1276.94
1261.89
1246.96
1235.55
1244.97
1274.83
1283.16
1289.39
1236.63
1149.96
1051.79
959.88
897.97
857.46
838.50
833.63
845.04
885.20
945.07
1021.62
1092.25
1120.91
1120.11
1111.50
1095.96
1077.18
1067.96
1078.97
1122.08
1174.75
1199.09
1219.29
1166.74
1090.04
1003.83
927.66
873.28
840.30
822.36
819.59
830.72
861.14
909.29
979.39
1059.05
1098.79
1105.53
1110.18
1115.33
1100.26
1087.91
1096.91
1147.30
1214.86
1245.31
1257.25
1189.52
1092.41
993.32
917.36
868.82
843.63
837.68
848.80
889.02
987.38
1136.23
1242.97
1283.53
1281.56
1279.08
1276.14
1261.50
1251.95
1237.52
1233.38
1259.77
1312.69
1344.03
1347.06
1266.67
1158.54
1050.40
963.32
910.23
882.68
874.06
880.82
920.47
1018.62
1168.68
1272.40
1305.93
1304.05
1295.49
1292.39
1287.14
1283.68
1271.12
1268.36
1283.85
1323.20
1354.80
1367.40
1286.16
1174.63
1062.29
972.23
917.16
883.77
866.29
869.49
900.13
987.84
1126.55
1215.93
1253.70
1263.38
1279.34
1291.93
1303.46
1319.54
1326.00
1325.67
1338.86
1368.49
1382.52
1387.52
1308.48
1197.61
1085.15
993.29
931.46
897.23
880.52
878.72
904.73
989.53
1122.90
1212.48
1256.98
1278.90
1309.42
1337.68
1348.70
1368.36
1376.34
1377.58
1386.81
1403.91
1426.44
1429.59
1350.20
1244.58
1127.70
1028.65
959.95
916.57
893.04
885.95
909.09
986.22
1104.73
1195.64
1250.94
1276.96
1300.28
1312.28
1325.01
1337.95
1349.47
1353.22
1359.93
1362.29
1361.60
1357.78
1285.68
1196.22
1096.35
1001.55
930.55
887.97
862.98
852.67
860.02
894.21
950.55
1021.65
1101.91
1152.06
1172.87
1176.25
1165.40
1156.23
1166.87
1191.11
1231.74
1270.07
1297.34
1302.59
1241.58
1162.24
1076.95
994.59
934.35
899.80
873.68
862.97
865.72
891.82
930.15
994.69
1092.08
1168.10
1216.55
1252.46
1276.56
1279.43
1283.00
1296.41
1329.40
1380.28
1418.07
1428.56
1356.81
1261.56
1162.46
1076.50
1014.50
979.44
960.53
962.77
992.51
1074.14
1217.96
1331.59
1406.95
1454.09
1496.94
1534.88
1550.50
1561.30
1567.60
1566.18
1575.53
1596.35
1609.90
1601.37
1509.21
1384.73
1257.50
1145.36
1067.29
1021.37
994.45
983.84
1006.54
1079.75
1208.19
1302.28
1356.85
1388.06
1423.17
1463.03
1506.12
1544.91
1549.64
1547.16
1545.70
1576.93
1602.55
1576.46
1493.34
1368.45
1265.58
1181.31
1100.93
1057.37
1037.59
1037.78
1069.38
1157.65
1286.54
1393.55
1437.15
1441.27
1441.75
1443.33
1445.74
1417.71
1395.71
1382.38
1379.94
1395.66
1406.23
1389.36
1306.01
1200.21
1087.38
992.46
929.36
891.13
873.88
870.68
897.58
982.22
1115.08
1207.01
1257.02
1275.81
1292.80
1310.57
1332.21
1325.21
1320.11
1318.30
1333.49
1357.41
1376.62
1365.10
1283.85
1179.75
1073.89
981.65
919.58
879.50
861.71
860.70
888.05
966.42
1096.68
1199.97
1267.52
1302.26
1329.58
1345.65
1343.13
1331.66
1310.84
1280.01
1267.89
1288.67
1319.87
1311.40
1243.65
1155.98
1060.14
967.11
903.26
863.58
841.83
834.63
849.56
889.18
957.33
1033.32
1105.11
1141.75
1145.28
1138.19
1125.02
1112.73
1099.21
1101.35
1130.85
1183.07
1232.98
1230.26
1168.11
1093.65
1009.54
930.64
875.23
840.19
822.06
816.84
826.12
858.48
907.18
976.45
1057.30
1100.21
1111.46
1106.89
1114.04
1114.15
1118.02
1130.75
1172.32
1224.59
1271.24
1262.37
1185.46
1087.73
989.35
909.53
863.79
837.92
829.00
836.55
873.35
969.41
1118.63
1224.88
1275.28
1287.78
1282.97
1278.65
1269.36
1270.33
1270.27
1268.63
1291.39
1338.79
1388.23
1361.35
1273.15
1162.65
1051.71
960.99
908.31
880.64
862.39
866.54
899.88
993.22
1142.85
1239.39
1282.29
1299.23
1322.53
1332.17
1326.05
1309.00
1295.26
1288.47
1296.24
1340.01
1390.54
1371.49
1285.78
1177.78
1066.68
976.99
918.87
882.62
870.89
874.03
910.66
999.70
1141.42
1240.16
1280.52
1288.58
1305.13
1324.61
1346.71
1370.13
1356.24
1338.60
1345.18
1391.50
1407.64
1370.35
1287.24
1174.11
1074.13
989.62
926.62
893.38
874.12
877.30
906.43
995.65
1131.48
1230.16
1271.17
1270.91
1264.33
1258.73
1248.93
1244.73
1235.67
1240.27
1266.59
1319.42
1375.44
1359.01
1285.05
1187.39
1078.61
989.05
928.76
895.88
883.74
887.77
922.55
1014.55
1159.75
1265.30
1304.02
1295.42
1279.43
1259.28
1240.35
1224.54
1205.46
1205.27
1231.01
1277.56
1332.47
1319.60
1257.96
1172.85
1074.65
984.25
919.06
879.14
858.46
855.72
865.21
899.70
963.39
1038.61
1117.20
1145.11
1140.93
1131.50
1121.71
1116.80
1122.53
1138.63
1177.46
1229.77
1291.96
1272.61
1205.41
1127.40
1039.69
955.05
892.77
854.88
824.47
810.12
810.00
827.86
871.96
939.79
1022.20
1068.77
1079.81
1079.10
1078.97
1065.30
1061.92
1083.20
1137.63
1209.75
1266.21
1238.48
1166.06
1082.05
993.06
918.11
870.83
843.06
833.06
841.08
871.44
950.08
1068.16
1176.79
1260.96
1303.19
1318.78
1311.97
1298.87
1282.44
1267.21
1256.87
1285.23
1354.62
1403.42
1355.49
1265.74
1158.99
1049.62
962.21
902.78
871.28
857.39
862.19
896.07
984.80
1132.85
1248.26
1310.76
1343.23
1357.81
1390.27
1398.38
1384.17
1370.44
1367.39
1388.16
1433.32
1442.32
1375.47
1282.50
1174.40
1063.00
972.77
917.17
889.23
876.24
883.06
912.35
997.36
1141.97
1238.34
1266.84
1267.33
1261.52
1257.70
1254.09
1252.87
1247.90
1247.78
1267.56
1311.90
1377.60
1343.98
1262.14
1158.06
1048.24
962.10
907.21
874.96
862.67
864.03
897.37
990.25
1139.42
1240.39
1275.79
1269.80
1266.76
1269.19
1265.01
1262.72
1257.98
1263.84
1282.52
1323.31
1383.67
1355.46
1272.93
1172.44
1063.24
975.69
916.08
881.20
861.61
859.14
888.74
970.87
1105.34
1212.84
1279.22
1316.14
1350.05
1366.79
1351.40
1336.09
1316.85
1301.70
1312.82
1356.58
1357.37
1293.14
1223.57
1140.22
1047.01
960.60
899.91
862.64
844.99
839.77
853.49
894.00
964.02
1046.80
1136.31
1207.12
1224.71
1200.43
1165.12
1127.94
1109.06
1116.53
1157.19
1222.94
1285.12
1258.16
1197.47
1124.70
1044.17
968.05
915.92
882.66
865.96
862.55
873.84
907.32
963.49
1037.81
1116.18
1149.81
1145.03
1131.75
1128.51
1110.94
1102.73
1116.01
1167.18
1245.15
1316.75
1275.61
1198.00
1105.42
1007.31
929.85
884.42
859.09
851.59
862.14
904.43
1006.44
1164.49
1275.53
1315.12
1314.38
1308.18
1310.14
1292.65
1280.73
1268.81
1263.94
1284.93
1360.83
1420.77
1361.12
1273.98
1166.97
1057.46
965.32
908.88
877.55
863.45
865.88
899.68
990.14
1139.96
1250.52
1301.61
1323.70
1347.70
1362.09
1356.64
1341.30
1306.66
1299.16
1314.45
1378.87
1431.89
1380.66
1289.58
1184.66
1078.17
986.31
928.52
895.02
875.18
875.64
905.28
993.17
1134.66
1251.56
1311.74
1339.64
1355.17
1361.14
1355.17
1346.23
1331.06
1319.36
1339.21
1390.98
1438.03
1381.32
1302.69
1198.04
1094.40
1002.90
944.33
905.27
886.30
884.75
914.20
1003.26
1148.23
1244.86
1279.85
1283.48
1291.14
1294.25
1288.54
1296.40
1294.62
1295.61
1305.31
1353.50
1407.38
1359.06
1282.14
1169.90
1074.11
990.20
921.28
882.52
863.05
862.47
892.15
972.91
1106.84
1218.51
1276.05
1299.27
1319.17
1325.96
1318.01
1306.68
1288.46
1273.92
1286.10
1333.26
1365.34
1309.83
1238.19
1151.46
1057.30
968.53
904.55
865.82
843.93
836.20
845.81
880.86
945.72
1021.37
1107.78
1171.70
1197.84
1202.89
1199.71
1191.87
1175.83
1169.80
1182.73
1227.92
1275.92
1224.96
1161.55
1088.91
1008.11
930.80
877.67
845.04
828.09
822.77
832.13
866.41
920.80
997.50
1085.77
1134.30
1145.39
1158.03
1156.29
1135.97
1120.92
1127.45
1185.58
1273.76
1341.19
1297.55
1218.99
1124.84
1029.00
950.46
904.13
876.17
865.93
873.70
911.34
1007.69
1165.30
1291.91
1358.00
1397.85
1422.85
1434.57
1431.60
1416.14
1397.30
1388.44
1412.94
1469.83
1475.06
1401.41
1312.64
1204.57
1092.72
998.08
937.54
902.28
887.68
885.67
919.39
1011.22
1164.49
1277.21
1326.64
1335.32
1336.42
1334.07
1309.90
1274.61
1268.33
1279.24
1309.84
1398.60
1445.44
1385.95
1300.74
1196.15
1088.75
1002.11
946.04
912.09
898.28
900.41
935.15
1029.78
1178.64
1295.36
1354.33
1380.62
1401.73
1418.66
1415.42
1403.04
1383.52
1374.63
1391.33
1452.87
1473.46
1409.45
1325.70
1220.07
1106.89
1013.80
954.37
923.23
908.11
913.60
947.82
1042.51
1197.01
1307.04
1348.22
1364.18
1378.93
1386.47
1383.14
1385.99
1376.85
1372.98
1397.90
1465.42
1472.81
1414.76
1337.89
1235.33
1127.13
1038.53
979.37
951.54
939.32
947.20
973.69
1058.88
1206.25
1327.44
1397.56
1437.30
1468.48
1468.61
1451.56
1431.54
1396.27
1364.79
1368.75
1424.06
1474.73
1427.46
1363.01
1281.70
1186.87
1075.71
1035.17
1001.74
987.74
986.47
1003.35
1050.44
1121.86
1205.00
1281.27
1309.25
1301.94
1271.84
1235.97
1203.02
1179.04
1186.26
1232.32
1296.20
1336.36
1306.60
1263.33
1202.78
1126.47
1039.57
1021.10
955.08
946.43
925.44
953.67
890.73
1021.91
1035.31
1173.60
1211.13
1286.19
1243.52
1250.91
1234.68
1254.27
1263.10
1334.93
1414.58
1379.07
1322.31
1174.97
1188.63
1060.42
1114.18
912.76
894.24
894.07
914.33
958.07
1067.61
1213.57
1306.30
1345.77
1376.34
1396.54
1413.14
1400.91
1400.44
1397.46
1407.05
1487.02
1592.45
1553.40
1477.05
1387.65
1277.98
1173.02
1093.55
1036.03
1004.77
989.93
995.47
1032.90
1136.54
1271.41
1350.58
1389.09
1388.43
1386.19
1382.76
1368.20
1370.60
1374.95
1393.48
1470.90
1565.39
1534.27
1465.92
1388.96
1295.32
1196.12
1120.32
1068.41
1033.84
1016.97
1020.14
1053.71
1148.24
1289.33
1374.69
1379.80
1358.94
1342.77
1335.05
1314.62
1305.31
1302.94
1322.64
1394.60
1499.02
1469.49
1401.31
1323.56
1222.89
1121.50
1038.60
988.35
963.15
952.46
959.18
1001.24
1107.58
1252.31
1329.06
1331.60
1312.08
1300.41
1295.50
1289.90
1290.89
1291.05
1298.91
1364.33
1458.42
1425.94
1357.50
1278.14
1172.53
1070.77
985.08
932.09
898.07
881.47
883.09
915.61
1006.56
1144.01
1242.37
1263.81
1251.30
1246.94
1248.14
1242.98
1245.40
1240.61
1245.31
1297.00
1378.10
1342.45
1277.31
1207.83
1122.98
1033.37
950.95
889.65
855.93
837.27
833.20
848.30
890.54
959.08
1031.03
1093.77
1125.83
1129.79
1122.30
1119.23
1120.74
1121.72
1136.83
1213.17
1297.64
1256.77
1192.92
1120.11
1054.37
974.76
903.45
852.94
822.30
805.91
802.26
813.52
847.50
900.64
967.99
1033.57
1070.79
1089.24
1096.99
1102.92
1102.06
1109.31
1140.68
1232.55
1335.73
1295.18
1225.31
1141.61
1054.19
964.02
901.65
860.91
842.75
835.26
846.60
880.26
982.71
1130.50
1229.20
1249.96
1249.63
1250.58
1255.67
1256.33
1263.13
1261.54
1271.80
1334.57
1439.86
1402.06
1322.74
1237.56
1138.00
1037.27
957.10
901.37
874.39
864.56
872.13
912.38
1011.12
1156.39
1245.39
1259.47
1252.20
1252.56
1265.55
1265.35
1272.91
1275.37
1286.45
1345.68
1436.14
1396.71
1322.65
1237.26
1136.80
1039.12
958.75
902.32
870.74
855.33
857.54
888.93
971.06
1081.80
1174.60
1234.66
1258.97
1290.86
1320.45
1333.17
1343.73
1335.41
1344.42
1415.91
1473.33
1433.47
1359.72
1277.80
1176.11
1073.49
989.72
930.92
896.64
878.42
876.73
906.31
990.23
1128.16
1225.39
1274.09
1301.35
1325.71
1332.01
1330.66
1323.34
1310.57
1316.10
1383.24
1448.23
1412.96
1341.58
1265.03
1169.06
1068.68
988.16
936.99
906.87
895.26
901.76
936.70
1031.84
1167.28
1269.54
1335.41
1363.17
1382.55
1401.01
1398.83
1389.44
1375.95
1374.14
1423.58
1473.89
1433.90
1365.44
1292.30
1203.00
1111.95
1028.32
969.62
936.23
920.26
917.78
935.78
982.93
1051.08
1122.77
1186.16
1215.89
1230.57
1232.15
1226.08
1209.56
1208.93
1235.48
1329.62
1414.28
1383.90
1328.99
1267.92
1192.17
1112.84
1042.52
992.67
964.55
953.12
953.98
972.14
1010.03
1063.09
1120.41
1174.21
1200.94
1225.79
1278.15
1297.83
1283.48
1279.40
1302.37
1400.18
1462.14
1410.21
1331.06
1246.09
1148.47
1052.83
963.58
908.03
880.34
871.04
885.51
930.74
1035.09
1179.93
1274.41
1309.17
1322.95
1346.08
1359.16
1365.59
1366.30
1364.58
1374.69
1453.95
1532.25
1497.97
1423.22
1339.18
1237.42
1134.05
1047.42
995.99
966.72
957.30
966.24
1009.36
1114.40
1262.77
1356.66
1376.06
1358.58
1363.72
1377.68
1382.87
1368.18
1359.22
1379.66
1478.45
1567.74
1547.02
1484.16
1410.29
1312.34
1210.49
1132.44
1092.79
1072.54
1068.41
1081.28
1132.22
1233.71
1383.40
1470.97
1504.01
1509.51
1513.02
1507.57
1488.05
1479.09
1480.25
1508.57
1613.19
1702.52
1674.03
1606.75
1525.13
1420.29
1310.42
1235.32
1182.81
1152.26
1142.54
1148.13
1179.01
1276.10
1419.69
1504.89
1532.99
1527.66
1522.80
1504.85
1459.31
1434.96
1441.42
1455.66
1534.31
1615.19
1583.63
1521.46
1446.60
1334.92
1221.93
1118.08
1055.18
1014.85
995.02
994.40
1028.01
1116.37
1250.51
1344.96
1391.28
1403.54
1392.49
1380.35
1362.48
1319.73
1300.10
1307.87
1381.27
1454.47
1426.88
1364.90
1294.53
1209.47
1113.73
1030.29
974.50
936.18
917.10
911.14
930.26
973.86
1042.24
1114.51
1181.71
1209.57
1208.25
1192.90
1175.25
1165.67
1168.52
1204.02
1310.94
1389.04
1352.28
1294.90
1234.65
1161.19
1081.80
1007.60
962.48
940.78
935.26
939.11
959.48
1003.52
1057.70
1126.01
1192.90
1244.88
1282.01
1311.07
1329.11
1333.40
1339.08
1365.18
1459.40
1503.24
1452.04
1377.88
1294.48
1193.96
1091.40
1018.16
965.44
936.53
923.00
926.80
968.64
1054.30
1193.22
1311.94
1382.40
1421.26
1452.30
1474.32
1464.10
1434.89
1411.50
1406.84
1487.36
1575.77
1549.72
1481.71
1398.66
1308.77
1206.13
1120.33
1060.98
1028.35
1019.33
1025.64
1066.77
1166.84
1308.71
1406.37
1443.62
1441.01
1422.95
1412.09
1399.98
1399.24
1406.30
1436.82
1545.87
1638.05
1614.98
1559.24
1486.86
1395.89
1290.11
1204.91
1146.21
1116.89
1102.31
1102.87
1137.33
1221.28
1345.92
1450.54
1522.63
1559.84
1579.35
1575.76
1552.64
1533.61
1507.69
1491.83
1548.66
1585.29
1543.33
1480.03
1402.99
1303.39
1193.99
1091.41
1018.26
971.98
944.95
935.96
948.40
988.18
1049.74
1143.42
1274.13
1390.20
1464.61
1505.34
1499.36
1442.76
1371.30
1319.54
1314.56
1293.01
1255.41
1218.35
1180.29
1121.60
1047.50
978.71
926.91
898.66
886.45
887.81
915.80
976.50
1048.46
1113.59
1163.07
1205.97
1245.38
1260.25
1259.38
1243.00
1235.61
1251.64
1335.16
1385.95
1355.76
1300.19
1236.42
1160.24
1073.09
988.73
927.02
893.45
874.50
873.14
889.56
928.69
989.35
1066.71
1149.71
1213.57
1235.80
1238.64
1237.14
1215.83
1212.10
1236.00
1335.65
1411.16
1382.69
1333.76
1277.45
1204.94
1116.47
1037.55
981.20
950.60
932.95
930.82
944.39
981.33
1033.70
1095.49
1155.58
1185.18
1189.93
1185.10
1181.72
1175.40
1181.93
1222.12
1363.01
1458.89
1430.33
1373.93
1303.42
1209.64
1109.09
1031.59
983.67
956.84
952.51
964.69
1010.15
1111.34
1257.31
1368.94
1425.47
1442.80
1464.29
1492.59
1507.59
1505.29
1486.08
1488.85
1549.36
1589.47
1534.26
1443.50
1345.83
1240.47
1124.28
1029.63
965.41
929.37
911.07
910.41
941.38
1027.53
1164.67
1262.63
1309.44
1326.50
1341.85
1351.34
1349.78
1342.06
1322.75
1324.50
1422.63
1506.35
1479.11
1416.25
1336.82
1235.04
1124.01
1032.28
976.59
947.87
937.78
947.45
991.58
1092.08
1241.05
1339.37
1368.89
1372.01
1384.11
1407.50
1413.29
1418.28
1419.51
1451.93
1547.08
1618.87
1587.66
1525.15
1445.97
1335.57
1217.25
1120.50
1061.35
1034.77
1024.22
1033.33
1079.45
1178.92
1325.50
1419.91
1433.61
1405.02
1380.85
1360.99
1349.99
1339.64
1341.76
1368.66
1485.89
1583.67
1561.18
1500.04
1415.63
1312.27
1192.60
1094.54
1030.32
995.84
980.80
985.77
1026.91
1119.08
1253.15
1359.56
1405.28
1418.10
1386.55
1367.87
1356.15
1361.82
1353.64
1352.63
1444.68
1512.52
1487.35
1434.04
1368.81
1277.61
1170.41
1074.90
1002.95
963.55
941.85
936.31
951.08
996.96
1074.54
1155.22
1252.99
1340.11
1402.86
1444.33
1463.11
1462.11
1455.66
1472.62
1543.31
1558.13
1486.18
1409.42
1335.09
1253.98
1163.89
1074.52
1012.82
983.66
967.64
965.68
980.56
1018.96
1072.30
1136.16
1221.83
1288.37
1329.68
1359.44
1382.96
1389.68
1396.33
1432.61
1556.92
1635.98
1606.40
1546.12
1468.12
1368.53
1258.96
1175.03
1120.32
1094.21
1088.48
1093.90
1134.08
1238.55
1385.67
1497.57
1543.87
1557.92
1575.30
1580.89
1588.95
1596.67
1594.61
1617.30
1719.51
1792.02
1758.74
1687.40
1597.82
1486.91
1359.07
1241.84
1173.00
1139.75
1122.96
1128.25
1169.64
1267.92
1411.36
1517.91
1567.23
1582.24
1592.00
1592.26
1585.83
1579.54
1573.19
1587.76
1693.09
1775.39
1744.42
1696.65
1616.27
1503.48
1377.90
1277.14
1208.13
1176.31
1164.81
1172.37
1211.87
1305.37
1445.48
1547.18
1590.75
1581.35
1586.35
1577.71
1578.66
1569.07
1553.31
1558.76
1654.24
1729.15
1695.01
1624.69
1538.42
1421.38
1290.46
1187.46
1121.37
1086.99
1074.10
1076.71
1113.46
1206.42
1345.43
1447.47
1485.38
1479.64
1483.74
1493.10
1484.38
1477.52
1460.20
1471.56
1576.37
1666.41
1643.46
1582.69
1510.14
1403.40
1284.71
1184.05
1113.81
1077.15
1064.59
1072.82
1111.20
1216.74
1353.24
1470.71
1468.27
1438.29
1455.04
1435.47
1403.24
1403.33
1388.66
1404.16
1519.99
1600.63
1572.89
1516.05
1443.28
1246.13
1246.75
1147.04
1066.21
1025.01
1010.01
1007.01
1023.40
1070.58
1143.68
1222.36
1320.79
1359.20
1417.91
1379.37
1379.01
1385.64
1393.34
1421.36
1503.85
1540.34
1499.75
1432.72
1355.72
1271.91
1163.89
1081.32
1013.42
973.95
950.97
944.03
955.33
992.31
1058.21
1121.73
1211.35
1279.16
1295.99
1343.79
1351.96
1331.89
1313.05
1336.65
1468.05
1543.25
1504.16
1439.53
1362.84
1263.63
1151.03
1040.33
1024.68
997.50
989.89
997.91
1038.84
1141.76
1292.97
1411.42
1475.65
1503.30
1514.90
1522.94
1525.48
1509.88
1500.97
1520.95
1617.67
1690.30
1660.79
1592.48
1516.18
1406.02
1285.17
1186.88
1124.94
1094.37
1087.63
1099.34
1145.57
1248.55
1402.64
1514.51
1546.01
1542.59
1539.97
1528.30
1524.01
1527.86
1540.82
1584.01
1714.67
1820.51
1812.14
1755.35
1679.05
1569.59
1443.18
1341.58
1283.01
1247.49
1220.82
1232.79
1269.68
1367.00
1518.56
1630.60
1666.52
1671.32
1674.57
1650.31
1637.93
1635.59
1643.73
1668.48
1775.76
1838.78
1814.10
1755.14
1672.10
1561.42
1436.88
1332.11
1266.30
1238.61
1227.71
1230.56
1261.84
1336.77
1439.80
1544.45
1628.57
1681.18
1718.84
1738.41
1735.49
1704.40
1665.25
1650.09
1744.98
1843.01
1805.19
1730.71
1636.98
1519.94
1391.01
1286.74
1219.46
1184.35
1171.97
1180.76
1213.90
1303.47
1436.95
1552.26
1604.17
1623.38
1629.41
1606.67
1565.37
1532.99
1521.44
1541.96
1654.10
1748.29
1729.25
1683.07
1618.87
1533.01
1427.80
1333.20
1265.55
1229.80
1216.61
1219.43
1238.96
1287.17
1367.64
1456.51
1534.49
1565.10
1555.03
1522.03
1491.06
1468.63
1466.55
1500.07
1620.51
1690.00
1655.21
1600.11
1542.07
1460.90
1359.33
1263.73
1195.87
1158.80
1138.19
1130.43
1141.92
1180.37
1240.08
1319.48
1405.43
1470.63
1501.24
1519.03
1524.45
1509.72
1502.78
1528.70
1640.91
1704.00
1662.28
1589.65
1507.02
1400.62
1281.04
1184.98
1122.84
1089.90
1077.73
1086.24
1123.09
1215.09
1353.11
1467.07
1529.33
1551.07
1556.46
1548.71
1530.67
1514.74
1492.36
1501.91
1606.00
1691.50
1662.72
1601.45
1518.40
1410.12
1286.54
1175.16
1105.02
1076.39
1068.50
1071.17
1113.64
1210.43
1354.63
1464.96
1506.46
1510.63
1502.71
1491.83
1484.19
1476.86
1475.89
1492.52
1592.66
1677.24
1659.15
1602.53
1527.70
1425.96
1305.33
1200.54
1130.25
1096.38
1088.85
1098.21
1142.13
1232.22
1366.55
1475.78
1524.82
1523.89
1512.67
1502.80
1499.06
1496.61
1492.89
1498.62
1595.73
1669.11
1646.08
1592.01
1526.20
1432.67
1314.76
1200.59
1123.13
1082.27
1061.97
1054.67
1075.29
1135.28
1223.69
1309.92
1386.83
1426.62
1423.72
1424.39
1399.96
1384.03
1382.11
1394.25
1480.00
1504.72
1442.00
1368.69
1307.69
1239.75
1155.89
1066.99
991.54
943.64
917.46
907.53
914.37
945.79
998.01
1082.83
1172.71
1227.91
1258.95
1272.07
1277.89
1268.09
1266.26
1281.80
1332.94
1341.92
1304.97
1256.92
1210.55
1148.16
1078.12
1008.20
955.62
930.55
921.59
924.62
944.33
990.69
1057.80
1146.25
1231.91
1301.60
1356.13
1358.08
1350.97
1346.20
1355.72
1399.88
1519.95
1607.61
1589.16
1535.67
1474.20
1390.33
1298.72
1210.77
1147.15
1110.02
1092.73
1088.92
1098.83
1133.93
1188.02
1257.71
1330.73
1372.65
1389.73
1393.41
1388.15
1370.64
1368.04
1404.11
1533.62
1634.33
1609.40
1549.92
1474.73
1385.00
1284.54
1198.99
1143.21
1111.69
1097.58
1102.74
1135.11
1207.65
1316.49
1412.04
1477.55
1517.50
1544.89
1559.85
1559.87
1541.79
1494.58
1487.94
1576.21
1664.55
1631.91
1558.29
1479.79
1374.74
1257.12
1153.85
1083.46
1050.45
1041.99
1052.45
1094.62
1183.91
1304.77
1413.93
1473.41
1496.59
1513.38
1527.44
1526.30
1535.68
1547.59
1586.17
1701.55
1800.63
1775.04
1708.11
1625.95
1519.81
1406.56
1307.50
1242.67
1210.56
1195.56
1198.61
1229.85
1307.32
1423.01
1517.68
1574.77
1598.86
1616.16
1604.65
1589.04
1579.07
1558.49
1557.53
1636.31
1711.02
1674.31
1601.40
1512.64
1402.39
1278.47
1172.70