1399.66
1336.53
1300.71
1290.07
1305.60
1345.71
1410.07
1453.28
1460.84
1444.33
1431.82
1462.89
1520.67
1565.58
1598.49
1667.17
1826.56
1931.66
1894.98
1824.39
1744.39
1643.40
1524.14
1404.19
1317.40
1252.85
1219.32
1202.89
1208.52
1237.17
1298.37
1361.89
1445.75
1522.78
1568.42
1590.35
1494.66
1461.79
1500.45
1586.69
1751.13
1880.05
1856.82
1796.48
1723.31
1638.22
1525.47
1417.30
1335.50
1282.07
1255.60
1250.15
1258.42
1282.36
1344.20
1407.84
1493.11
1590.23
1662.23
1703.63
1746.28
1754.64
1778.72
1806.48
1918.20
1998.43
1947.60
1857.73
1765.24
1646.67
1506.80
1385.97
1304.55
1256.02
1236.64
1241.22
1281.91
1377.77
1537.72
1698.24
1789.12
1827.57
1836.77
1841.61
1823.03
1787.59
1760.07
1795.66
1934.06
2058.83
2029.25
1958.23
1856.44
1727.19
1579.35
1450.28
1362.95
1314.78
1295.94
1302.43
1338.26
1430.09
1583.81
1724.74
1800.82
1804.71
1812.18
1833.48
1847.84
1850.51
1851.84
1886.82
2001.91
2100.37
2062.85
1982.64
1878.69
1753.80
1600.39
1468.82
1374.99
1329.95
1311.50
1308.88
1344.98
1431.52
1589.35
1721.68
1758.58
1701.08
1648.15
1646.47
1660.18
1666.78
1691.14
1756.28
1890.36
2019.03
1995.33
1929.64
1830.18
1715.60
1568.41
1443.07
1365.11
1319.08
1297.92
1300.87
1337.80
1434.82
1596.53
1722.36
1738.34
1661.67
1594.67
1577.75
1574.16
1562.00
1600.84
1693.67
1844.72
1989.94
1973.77
1918.66
1832.40
1720.65
1579.39
1460.41
1383.29
1341.27
1328.84
1332.50
1374.81
1467.90
1638.55
1765.44
1764.44
1690.37
1627.52
1592.07
1569.01
1589.35
1609.72
1719.10
1851.39
1967.89
1946.81
1881.52
1812.69
1724.08
1592.87
1479.10
1403.12
1349.37
1325.24
1320.06
1337.79
1382.06
1467.18
1544.52
1616.46
1654.39
1684.02
1678.16
1657.32
1646.55
1666.34
1738.00
1862.60
1955.10
1917.40
1842.55
1764.50
1666.84
1549.69
1443.22
1352.00
1298.36
1269.92
1262.42
1275.27
1313.09
1380.65
1447.71
1492.68
1493.47
1475.78
1465.95
1462.85
1484.03
1527.97
1629.81
1779.01
1940.03
1926.74
1857.47
1781.14
1677.59
1554.44
1451.59
1382.55
1348.56
1340.64
1348.76
1401.98
1518.92
1682.90
1825.57
1865.27
1878.96
1880.65
1876.94
1842.64
1840.25
1843.33
1866.90
1962.45
2047.82
2007.51
1940.81
1840.34
1711.93
1563.04
1458.76
1379.71
1346.10
1334.97
1338.79
1392.81
1483.90
1651.28
1778.35
1803.95
1747.65
1682.93
1621.94
1584.30
1594.22
1623.00
1709.31
1861.32
2000.96
1977.53
1910.20
1814.59
1694.48
1544.09
1420.64
1347.92
1300.70
1283.54
1284.23
1323.32
1416.22
1587.14
1718.48
1722.07
1650.99
1582.37
1550.52
1556.09
1583.00
1626.97
1701.37
1843.08
1973.40
1946.83
1868.74
1772.46
1651.93
1504.18
1387.49
1316.09
1277.63
1261.22
1266.18
1307.77
1398.50
1560.19
1697.09
1757.30
1744.92
1730.19
1722.02
1683.45
1713.72
1728.77
1739.28
1834.88
1946.97
1918.32
1836.92
1744.90
1624.52
1481.09
1357.76
1280.79
1240.87
1219.30
1221.05
1256.69
1345.48
1508.42
1637.38
1659.15
1603.91
1574.83
1590.85
1612.61
1638.47
1654.55
1681.28
1777.27
1887.75
1860.89
1794.37
1720.17
1621.07
1492.87
1377.07
1291.09
1236.94
1204.10
1191.57
1204.54
1246.23
1321.76
1406.62
1514.39
1611.16
1671.06
1685.41
1602.35
1537.62
1502.74
1559.84
1676.57
1777.44
1754.55
1681.78
1618.00
1531.39
1437.60
1344.65
1267.21
1225.33
1206.62
1203.65
1219.37
1254.05
1323.23
1382.60
1413.69
1397.47
1370.36
1378.84
1439.39
1486.59
1538.88
1604.53
1725.61
1851.37
1822.78
1736.79
1658.59
1556.93
1443.22
1335.21
1258.88
1213.10
1190.92
1191.86
1227.94
1306.97
1432.30
1533.66
1551.37
1515.43
1480.61
1488.28
1515.55
1566.96
1598.06
1653.18
1801.61
1931.94
1902.46
1826.52
1721.99
1629.85
1501.41
1393.27
1326.24
1292.59
1283.91
1296.20
1343.74
1443.68
1618.95
1743.05
1735.59
1654.82
1589.60
1582.95
1603.84
1604.90
1641.99
1708.87
1834.55
1976.40
1952.08
1876.06
1783.86
1665.42
1529.94
1415.73
1341.25
1303.17
1287.50
1289.39
1330.05
1418.76
1581.67
1718.91
1775.81
1820.55
1790.68
1736.56
1680.26
1654.16
1699.00
1776.17
1876.24
1993.82
1993.43
1938.03
1849.68
1727.45
1592.92
1476.89
1409.28
1376.72
1368.15
1375.98
1414.87
1515.97
1687.84
1819.96
1826.27
1801.79
1811.31
1831.74
1798.50
1849.80
1882.17
1886.18
1942.91
2021.40
1996.27
1938.24
1851.46
1725.32
1581.63
1458.59
1384.41
1335.03
1308.48
1311.62
1342.77
1439.57
1594.72
1699.92
1744.03
1700.11
1613.68
1539.04
1515.95
1565.97
1653.68
1714.69
1789.96
1887.42
1862.15
1797.33
1719.54
1622.57
1502.65
1401.07
1322.44
1287.95
1269.32
1268.93
1290.75
1340.67
1431.47
1514.44
1568.68
1563.48
1556.79
1543.49
1521.62
1534.35
1573.27
1669.94
1827.59
1987.65
1987.81
1927.75
1865.86
1777.62
1671.07
1576.56
1509.48
1465.94
1446.39
1442.75
1458.30
1492.76
1557.12
1611.06
1631.38
1612.69
1594.80
1586.05
1584.47
1601.50
1651.41
1763.38
1900.12
2040.08
2024.01
1966.62
1882.14
1766.63
1635.24
1525.15
1458.45
1421.83
1408.50
1418.26
1469.57
1571.55
1747.20
1871.83
1861.64
1777.30
1705.91
1665.09
1635.57
1624.56
1656.71
1759.35
1892.45
2050.06
2043.56
1980.87
1886.92
1759.25
1615.45
1493.05
1419.51
1381.28
1366.50
1377.69
1426.20
1525.25
1698.48
1818.88
1831.72
1745.17
1660.86
1637.06
1740.67
1808.77
1839.46
1875.43
1956.69
2049.64
2025.28
1959.62
1856.54
1728.68
1582.40
1458.09
1377.53
1330.85
1308.60
1314.85
1352.67
1448.86
1605.78
1743.26
1828.99
1861.61
1871.82
1881.89
1872.27
1855.08
1835.32
1845.28
1917.04
2034.45
2006.70
1922.91
1821.17
1700.07
1551.95
1435.94
1360.50
1313.65
1294.87
1298.55
1341.85
1436.47
1607.06
1754.24
1836.92
1875.81
1889.96
1904.43
1887.37
1880.78
1869.91
1882.07
1955.77
2079.73
2077.04
2023.00
1942.48
1836.08
1709.71
1611.93
1564.56
1532.97
1530.65
1545.94
1598.65
1706.56
1888.01
2028.94
2083.82
2106.46
2092.95
2060.72
2052.97
2070.59
2081.36
2081.93
2119.82
2227.81
2209.54
2164.14
2074.54
1972.15
1849.51
1739.48
1670.48
1625.12
1594.67
1590.96
1613.29
1662.40
1751.49
1836.41
1894.99
1910.02
1901.10
1875.22
1844.28
1818.53
1808.33
1850.50
1953.29
2107.50
2115.67
2058.19
1985.84
1894.23
1782.59
1686.31
1617.98
1577.57
1556.71
1557.92
1571.02
1607.62
1675.57
1743.08
1795.54
1829.61
1854.25
1868.97
1863.51
1860.87
1834.66
1852.78
1968.79
2124.33
2110.99
2032.54
1940.56
1821.73
1687.91
1571.10
1492.53
1443.12
1419.98
1418.83
1460.05
1547.39
1699.90
1840.09
1929.62
1974.76
2006.79
2023.69
2026.56
2020.88
1995.99
1984.61
2020.42
2103.30
2057.26
1974.48
1872.93
1745.19
1608.86
1485.41
1411.89
1367.21
1345.06
1337.48
1370.46
1446.80
1584.65
1713.13
1801.98
1840.91
1855.25
1872.25
1879.59
1870.79
1868.39
1879.83
1948.00
2044.43
2018.41
1958.34
1856.69
1724.25
1577.39
1467.98
1396.29
1345.33
1321.66
1324.74
1365.17
1462.90
1626.13
1753.25
1800.45
1777.50
1755.02
1746.89
1694.03
1756.48
1773.25
1735.00
1811.56
1976.26
1989.39
1934.31
1843.88
1796.40
1571.23
1458.29
1381.87
1338.15
1317.55
1322.59
1364.67
1463.81
1632.07
1756.62
1792.52
1754.00
1687.57
1616.93
1610.91
1669.57
1735.96
1782.06
1844.81
1971.66
1974.50
1914.88
1833.35
1723.01
1585.88
1477.93
1406.85
1367.56
1353.82
1361.96
1400.95
1492.72
1655.90
1780.85
1829.86
1865.02
1866.90
1865.29
1852.81
1822.90
1774.71
1753.50
1799.33
1903.78
1893.55
1828.56
1745.59
1646.51
1530.19
1432.35
1356.44
1304.97
1278.60
1279.10
1304.22
1359.65
1445.79
1514.80
1529.61
1507.88
1460.60
1431.07
1416.36
1412.17
1438.85
1518.05
1649.59
1814.95
1839.38
1783.42
1713.57
1629.17
1525.97
1431.39
1359.82
1316.34
1296.83
1294.12
1304.80
1337.19
1401.72
1466.30
1557.72
1640.70
1733.54
1820.81
1880.38
1896.06
1889.68
1895.99
1942.47
2028.68
1976.67
1846.18
1780.65
1691.46
1597.44
1484.04
1398.81
1357.96
1351.81
1371.75
1426.00
1523.95
1689.87
1824.54
1891.68
1914.78
1910.96
1903.62
1882.01
1850.20
1827.65
1836.11
1905.82
2053.85
2091.97
2040.74
1957.49
1832.15
1693.82
1581.89
1512.12
1472.51
1455.05
1463.84
1506.97
1605.38
1768.36
1898.71
1960.65
1961.63
1970.27
1989.99
2006.21
2007.27
1986.08
1977.59
2018.60
2108.09
2097.42
2031.60
1920.84
1791.04
1642.69
1522.48
1446.91
1410.06
1400.35
1413.10
1465.62
1574.46
1737.01
1874.44
1932.36
1937.10
1914.71
1896.17
1857.67
1826.19
1800.08
1817.00
1885.01
2028.42
2069.18
2025.58
1938.58
1823.13
1673.70
1549.98
1468.98
1422.13
1402.71
1410.70
1454.54
1551.89
1725.27
1862.18
1915.83
1890.98
1852.25
1820.92
1791.59
1777.08
1762.11
1790.68
1882.18
2023.98
2069.89
2023.53
1939.43
1826.11
1690.72
1579.22
1518.89
1487.41
1478.99
1493.60
1541.91
1643.06
1816.04
1940.80
1963.94
1943.68
1913.44
1888.81
1868.13
1832.98
1833.72
1871.92
1931.84
2020.36
2040.18
1987.77
1900.74
1800.91
1670.70
1559.13
1481.16
1434.07
1407.99
1405.42
1425.27
1474.89
1562.30
1639.30
1721.85
1803.99
1811.41
1797.97
1777.21
1749.38
1752.73
1777.17
1849.02
1963.53
1960.86
1895.28
1812.83
1715.40
1603.22
1497.43
1417.14
1365.94
1336.25
1322.92
1331.67
1361.11
1421.29
1491.84
1590.87
1666.81
1711.83
1731.24
1725.88
1708.40
1684.48
1697.77
1765.70
1887.50
1887.81
1807.34
1720.92
1621.35
1507.57
1405.34
1330.84
1288.07
1264.63
1260.25
1293.26
1365.46
1473.43
1579.42
1678.90
1759.62
1822.71
1849.84
1853.52
1846.64
1836.42
1837.72
1898.15
1997.58
1980.24
1893.13
1790.77
1675.33
1545.59
1433.04
1354.92
1309.21
1289.32
1287.92
1320.14
1402.58
1525.11
1647.35
1732.87
1777.12
1781.24
1779.33
1745.20
1719.30
1692.80
1704.79
1761.26
1873.70
1889.40
1814.20
1718.24
1619.54
1498.88
1404.43
1344.98
1317.63
1312.31
1331.40
1382.58
1486.06
1629.62
1712.81
1698.73
1655.44
1619.64
1609.84
1563.88
1576.45
1596.42
1678.13
1796.86
1959.02
2006.11
1948.32
1870.77
1769.92
1640.00
1524.62
1442.83
1395.15
1374.38
1373.96
1414.06
1504.84
1641.61
1746.14
1783.71
1836.12
1846.93
1858.90
1869.86
1910.96
1901.35
1908.60
1946.36
2027.62
2035.86
1965.88
1862.92
1744.98
1606.48
1497.00
1419.16
1376.07
1356.87
1353.18
1385.94
1468.88
1599.31
1717.36
1815.16
1870.74
1917.69
1939.62
1941.31
1932.43
1902.69
1879.66
1904.76
1989.83
1984.85
1908.94
1823.08
1719.55
1598.78
1497.60
1420.52
1379.13
1349.24
1341.02
1355.82
1400.32
1476.89
1556.71
1645.17
1694.17
1723.83
1739.38
1742.05
1739.42
1718.93
1710.39
1755.94
1878.41
1916.67
1858.02
1783.57
1700.22
1605.57
1509.25
1450.26
1410.03
1393.22
1390.40
1402.85
1441.40
1498.14
1551.44
1603.97
1650.14
1667.55
1660.57
1639.91
1610.21
1587.86
1618.38
1717.15
1883.11
1949.74
1896.95
1817.12
1720.86
1604.83
1508.64
1449.51
1421.49
1415.74
1423.05
1464.90
1555.32
1708.86
1839.63
1910.13
1907.45
1865.48
1850.22
1835.35
1810.81
1821.13
1850.11
1901.86
2009.35
1987.47
1888.13
1768.37
1648.49
1511.46
1401.73
1332.17
1298.36
1286.75
1293.88
1331.79
1431.06
1585.51
1689.45
1732.52
1681.04
1580.10
1512.01
1480.07
1516.54
1578.13
1636.43
1739.28
1887.65
1916.09
1846.10
1755.46
1640.03
1499.76
1385.30
1308.25
1279.03
1257.77
1262.25
1304.44
1399.32
1550.83
1618.84
1569.29
1487.19
1429.08
1413.04
1431.39
1396.23
1427.89
1478.24
1588.21
1762.66
1837.89
1785.19
1697.02
1576.16
1435.37
1311.58
1233.55
1190.37
1172.32
1177.81
1220.03
1324.43
1482.91
1544.08
1497.66
1430.45
1377.20
1352.45
1334.55
1339.34
1366.68
1449.22
1590.87
1764.10
1845.42
1798.04
1717.57
1616.55
1487.06
1384.19
1319.65
1289.09
1279.39
1292.78
1337.86
1441.63
1592.18
1657.49
1604.22
1529.55
1465.89
1435.53
1408.35
1398.31
1414.38
1483.89
1637.13
1787.74
1851.53
1799.13
1718.95
1626.81
1515.10
1410.77
1339.49
1298.48
1279.74
1276.74
1290.91
1332.58
1396.44
1480.04
1573.05
1644.89
1666.13
1708.58
1716.19
1707.39
1675.73
1671.83
1681.85
1729.81
1743.09
1671.21
1594.99
1516.68
1415.87
1325.63
1258.18
1215.80
1195.09
1193.76
1210.23
1252.15
1312.29
1368.02
1438.43
1491.44
1530.12
1561.31
1560.07
1573.23
1558.85
1601.15
1677.52
1796.33
1817.24
1748.58
1661.87
1544.57
1421.37
1314.31
1242.33
1202.80
1182.18
1181.34
1221.37
1322.28
1468.97
1605.21
1657.72
1683.34
1669.75
1715.70
1749.45
1724.45
1669.03
1668.53
1696.80
1837.48
1912.96
1855.02
1769.08
1664.33
1537.46
1448.15
1399.49
1379.07
1381.61
1408.24
1476.33
1598.01
1767.64
1837.65
1801.07
1746.38
1697.47
1679.63
1651.59
1629.26
1640.04
1709.67
1850.90
2008.44
2080.31
2019.33
1945.73
1826.31
1678.56
1560.17
1493.37
1452.56
1431.66
1427.52
1459.22
1540.63
1680.42
1780.71
1780.89
1652.62
1533.62
1477.49
1425.91
1412.65
1445.46
1534.24
1659.24
1820.54
1890.15
1828.18
1738.45
1619.08
1477.78
1363.34
1284.86
1254.11
1240.04
1248.03
1298.60
1404.96
1555.21
1635.76
1591.74
1625.94
1670.64
1616.16
1545.96
1523.19
1494.71
1535.13
1669.79
1852.74
1948.21
1900.37
1819.44
1716.92
1578.71
1479.40
1416.06
1386.45
1376.59
1386.57
1433.50
1532.18
1678.78
1737.09
1704.99
1632.35
1552.62
1524.24
1489.39
1483.02
1498.60
1569.92
1703.74
1869.81
1955.33
1904.85
1830.52
1735.61
1611.49
1508.43
1433.31
1394.33
1373.94
1375.06
1399.19
1451.94
1519.50
1524.70
1501.11
1464.15
1424.09
1396.81
1362.01
1346.58
1368.59
1446.41
1587.52
1760.57
1855.50
1816.33
1758.37
1685.94
1581.85
1492.47
1427.96
1388.04
1371.93
1371.26
1389.12
1429.60
1472.88
1463.94
1436.25
1411.79
1390.54
1376.56
1364.83
1355.74
1378.13
1466.13
1618.63
1802.85
1900.89
1852.54
1779.12
1677.72
1557.99
1457.39
1395.61
1366.12
1358.08
1372.82
1421.06
1530.34
1678.21
1718.61
1652.77
1572.30
1517.50
1491.39
1474.74
1458.91
1464.06
1534.58
1673.72
1861.94
1965.99
1906.68
1824.72
1700.87
1552.72
1435.11
1351.07
1309.63
1287.20
1288.09
1317.98
1407.38
1556.59
1637.33
1586.83
1490.19
1380.92
1329.28
1297.87
1292.65
1317.61
1382.15
1506.75
1675.52
1785.50
1735.87
1650.96
1544.44
1414.11
1314.26
1247.17
1222.88
1214.98
1233.49
1289.12
1395.51
1535.24
1576.81
1500.45
1414.03
1355.83
1320.29
1289.08
1292.75
1314.14
1387.96
1518.15
1690.87
1809.40
1764.78
1677.50
1564.02
1435.62
1323.67
1255.07
1215.32
1200.90
1204.70
1243.70
1346.65
1466.99
1514.61
1559.47
1538.51
1510.70
1477.91
1385.04
1313.98
1303.63
1384.30
1482.20
1618.25
1719.74
1673.70
1585.59
1475.62
1342.99
1232.35
1159.48
1119.06
1096.05
1093.00
1126.04
1224.93
1360.97
1462.16
1435.79
1311.22
1247.30
1229.70
1210.93
1220.95
1239.99
1309.10
1409.96
1536.10
1624.22
1586.78
1517.08
1427.27
1322.94
1231.05
1168.05
1138.52
1133.17
1146.63
1181.96
1250.72
1317.32
1331.84
1321.39
1289.81
1256.26
1227.90
1205.39
1193.42
1208.51
1276.31
1409.31
1565.90
1676.84
1642.15
1580.76
1501.63
1403.42
1313.54
1248.01
1226.63
1205.24
1185.14
1184.62
1206.38
1259.92
1296.66
1288.46
1255.66
1223.76
1218.39
1289.33
1327.13
1361.45
1453.21
1547.66
1629.20
1720.19
1794.25
1758.80
1678.67
1564.28
1461.80
1398.91
1362.02
1354.96
1375.10
1430.23
1530.71
1716.66
1861.13
1861.73
1788.97
1726.74
1673.40
1624.13
1586.43
1557.07
1577.49
1668.42
1827.72
1962.19
2027.46
1956.50
1845.09
1701.57
1584.37
1511.98
1471.57
1454.55
1457.02
1496.20
1589.94
1764.68
1866.72
1854.15
1791.04
1659.22
1566.10
1604.06
1513.16
1473.77
1517.00
1642.40
1770.85
1864.70
1910.68
1832.99
1721.85
1572.46
1452.01
1368.94
1329.62
1310.58
1314.71
1353.42
1441.60
1597.21
1729.32
1777.36
1745.75
1663.88
1547.69
1418.59
1354.79
1351.76
1367.50
1436.91
1563.13
1673.27
1744.74
1695.33
1597.83
1470.44
1355.67
1278.24
1236.14
1219.17
1223.11
1259.47
1346.09
1508.68
1630.03
1684.46
1685.69
1674.44
1661.07
1639.13
1632.76
1648.72
1671.78
1716.34
1780.80
1807.23
1784.41
1693.59
1585.09
1446.65
1340.95
1273.60
1231.11
1219.37
1232.92
1285.05
1385.70
1566.16
1695.58
1673.15
1581.24
1505.40
1459.03
1415.84
1392.85
1381.20
1391.77
1464.79
1592.04
1702.70
1780.97
1736.74
1655.49
1551.52
1440.46
1365.05
1323.24
1303.09
1300.79
1320.19
1371.44
1459.48
1511.03
1490.34
1417.51
1333.95
1263.29
1203.30
1157.09
1135.49
1157.77
1245.81
1382.83
1498.37
1579.72
1553.04
1488.75
1396.77
1311.18
1243.77
1205.54
1189.60
1185.90
1201.64
1242.39
1309.70
1349.55
1332.31
1273.00
1210.21
1162.00
1120.14
1088.49
1077.28
1119.71
1224.51
1377.37
1496.33
1576.93
1540.56
1447.67
1330.54
1234.12
1171.69
1140.84
1137.10
1150.59
1205.01
1315.83
1487.43
1596.77
1548.11
1441.63
1346.43
1286.72
1244.67
1220.86
1208.65
1245.08
1330.67
1467.51
1577.41
1642.75
1588.01
1479.84
1350.24
1242.42
1180.02
1145.00
1137.21
1143.34
1185.43
1278.13
1444.93
1546.61
1538.75
1452.28
1337.48
1259.10
1221.56
1203.21
1195.59
1234.03
1325.94
1451.65
1544.41
1615.33
1555.83
1446.81
1313.83
1205.75
1132.56
1096.16
1084.67
1095.91
1135.07
1241.41
1399.38
1497.81
1501.09
1442.35
1401.10
1428.70
1299.96
1280.24
1276.31
1365.18
1484.36
1565.24
1615.47
1639.02
1569.84
1454.94
1317.59
1199.88
1123.08
1078.28
1059.36
1057.30
1082.54
1177.49
1337.60
1465.34
1502.63
1485.25
1471.98
1498.37
1486.32
1443.47
1364.25
1297.48
1334.82
1457.08
1545.77
1607.24
1548.51
1438.51
1297.88
1178.99
1102.64
1052.79
1030.86
1032.83
1058.52
1141.40
1293.52
1429.58
1501.70
1537.01
1523.68
1545.30
1558.10
1550.22
1502.84
1481.55
1470.67
1495.09
1531.80
1571.02
1518.61
1430.96
1311.67
1202.48
1122.22
1071.43
1045.85
1040.75
1057.68
1096.58
1169.37
1221.73
1222.59
1179.33
1127.99
1080.62
1043.52
1020.09
1020.52
1060.79
1178.61
1314.40
1406.99
1475.06
1447.86
1374.53
1286.72
1198.41
1124.64
1082.05
1059.02
1054.00
1062.10
1094.36
1143.90
1204.27
1307.24
1368.97
1442.10
1499.01
1552.35
1588.89
1596.21
1585.17
1592.07
1630.64
1629.37
1595.67
1506.92
1396.55
1271.08
1171.23
1097.55
1057.83
1042.04
1051.10
1094.35
1201.13
1369.26
1470.20
1442.28
1364.96
1298.99
1283.28
1279.15
1262.58
1204.04
1222.61
1313.21
1462.69
1580.10
1653.69
1609.09
1507.86
1375.78
1266.27
1199.33
1167.72
1159.92
1172.17
1218.66
1326.93
1490.77
1571.40
1500.86
1391.69
1299.10
1242.71
1203.99
1178.39
1167.18
1199.28
1293.82
1435.00
1552.86
1632.25
1588.68
1485.17
1350.65
1235.18
1157.68
1116.25
1098.13
1099.74
1133.39
1215.55
1365.43
1445.96
1445.63
1414.28
1335.76
1274.67
1265.67
1249.93
1271.34
1296.95
1387.46
1482.27
1559.56
1599.51
1535.91
1429.57
1292.06
1176.95
1103.70
1057.71
1035.70
1034.10
1063.85
1145.31
1293.10
1431.82
1513.77
1545.89
1566.10
1584.50
1549.86
1515.86
1432.81
1478.73
1583.04
1651.53
1657.17
1667.29
1620.44
1544.73
1426.13
1318.76
1246.45
1206.28
1189.86
1196.71
1239.12
1330.89
1471.46
1548.57
1531.83
1458.39
1377.73
1329.47
1304.34
1316.62
1334.91
1377.62
1433.76
1537.08
1614.05
1683.04
1655.19
1593.45
1478.62
1377.65
1299.61
1254.74
1231.07
1230.38
1247.94
1297.03
1370.33
1400.67
1386.29
1338.27
1281.72
1230.24
1181.26
1144.59
1121.54
1151.52
1241.39
1374.82
1489.21
1580.37
1576.78
1515.19
1419.19
1323.23
1247.33
1201.02
1181.93
1178.07
1195.43
1232.57
1290.32
1323.42
1309.50
1271.60
1218.36
1175.13
1131.05
1076.73
1037.90
1057.44
1136.16
1254.62
1360.31
1457.22
1459.48
1374.42
1265.78
1167.55
1101.25
1064.82
1053.22
1062.72
1104.66
1212.90
1372.62
1503.50
1552.29
1553.64
1494.86
1418.77
1435.58
1422.53
1379.91
1410.58
1448.78
1536.12
1615.88
1655.87
1601.73
1484.97
1345.32
1232.13
1153.85
1117.47
1099.51
1102.79
1142.23
1243.33
1411.36
1521.20
1541.63
1458.63
1369.63
1307.63
1247.17
1217.23
1231.64
1232.81
1318.02
1436.05
1540.34
1598.36
1553.58
1440.65
1305.84
1191.86
1122.13
1086.28
1070.68
1076.77
1120.63
1224.06
1377.67
1443.36
1390.45
1316.02
1272.79
1291.02
1336.22
1337.66
1346.12
1369.11
1393.78
1473.39
1532.72
1590.07
1563.51
1457.12
1317.81
1201.89
1124.32
1079.57
1059.95
1058.09
1090.07
1187.14
1333.04
1415.63
1363.51
1291.45
1234.66
1216.04
1188.56
1167.93
1167.68
1200.68
1283.69
1405.40
1499.46
1563.71
1541.50
1433.97
1300.33
1188.28
1114.93
1072.56
1059.38
1060.92
1097.48
1194.55
1344.12
1412.21
1361.08
1288.81
1225.99
1190.60
1161.48
1148.50
1148.56
1184.75
1267.41
1360.21
1431.60
1495.18
1476.22
1389.45
1273.63
1165.54
1089.68
1044.16
1021.96
1017.88
1036.80
1078.17
1144.00
1204.60
1257.15
1237.17
1156.87
1103.20
1069.08
1057.76
1071.72
1118.01
1188.17
1292.37
1376.94
1437.97
1422.17
1341.63
1229.97
1129.57
1052.70
1005.29
977.98
966.82
976.26
1006.21
1044.23
1116.18
1209.76
1284.69
1309.90
1338.26
1391.84
1414.74
1428.77
1439.05
1476.54
1543.85
1576.02
1587.96
1525.50
1414.57
1287.74
1177.87
1105.67
1064.79
1049.17
1049.54
1092.49
1191.09
1349.86
1458.19
1468.12
1515.26
1524.90
1486.24
1449.51
1445.07
1477.81
1489.53
1529.00
1589.18
1603.02
1634.73
1605.47
1502.62
1363.23
1251.75
1176.41
1135.48
1112.52
1111.41
1143.88
1236.84
1382.79
1466.21
1469.34
1486.59
1470.71
1449.06
1400.05
1325.33
1273.90
1243.03
1297.38
1421.13
1521.67
1579.09
1562.27
1460.00
1324.91
1211.73
1138.57
1098.72
1080.55
1082.12
1117.08
1211.07
1350.25
1419.82
1402.52
1368.70
1308.55
1223.86
1179.92
1162.77
1165.89
1200.92
1278.88
1405.88
1492.54
1559.16
1545.34
1440.60
1303.79
1189.48
1118.94
1075.61
1058.60
1061.94
1096.79
1193.76
1332.15
1424.77
1456.15
1481.15
1488.76
1500.49
1502.00
1461.31
1438.67
1470.73
1523.26
1587.35
1614.57
1629.20
1592.83
1486.50
1361.52
1245.07
1170.68
1130.31
1109.94
1109.62
1142.30
1230.25
1383.83
1531.01
1620.91
1663.22
1665.17
1663.50
1658.45
1653.88
1655.25
1669.99
1699.19
1729.25
1714.44
1702.94
1666.58
1573.97
1451.69
1338.45
1256.48
1203.04
1179.76
1165.65
1176.92
1217.13
1282.61
1338.23
1416.76
1463.28
1481.24
1504.91
1434.86
1361.64
1335.06
1365.63
1397.44
1473.47
1524.65
1555.28
1535.66
1447.52
1347.37
1252.23
1175.06
1124.74
1097.68
1087.30
1096.57
1127.34
1168.23
1202.16
1207.86
1167.46
1133.32
1125.61
1126.97
1130.02
1172.53
1195.16
1231.39
1340.18
1405.42
1462.07
1454.78
1371.21
1259.31
1165.91
1097.02
1057.46
1043.05
1048.75
1085.80
1165.18
1263.18
1311.08
1285.26
1236.07
1196.85
1197.54
1209.12
1222.37
1248.16
1256.61
1295.11
1402.87
1475.83
1518.28
1494.83
1393.15
1264.66
1160.70
1089.75
1048.15
1032.86
1037.71
1075.41
1167.91
1281.24
1337.79
1307.50
1268.61
1213.37
1176.30
1161.00
1195.04
1204.66
1251.51
1319.60
1414.97
1468.63
1509.72
1501.34
1397.51
1268.81
1160.94
1083.16
1041.46
1020.81
1019.35
1054.16
1136.50
1240.28
1296.34
1283.90
1244.42
1235.55
1242.48
1264.44
1288.80
1344.29
1356.94
1420.76
1524.06
1559.92
1552.06
1506.44
1401.04
1280.70
1180.60
1121.06
1089.86
1082.39
1093.03
1142.21
1241.81
1361.46
1418.22
1424.44
1456.57
1439.47
1408.83
1387.88
1365.93
1340.37
1334.37
1395.87
1481.88
1567.28
1630.69
1632.34
1544.68
1415.89
1303.99
1227.92
1187.46
1170.25
1173.20
1211.34
1295.43
1399.39
1438.09
1394.97
1319.30
1261.15
1245.49
1215.25
1175.21
1150.26
1164.33
1231.07
1338.14
1424.72
1489.72
1501.55
1424.62
1312.99
1211.85
1140.06
1092.41
1070.05
1065.93
1081.19
1123.72
1172.24
1181.95
1163.91
1123.70
1071.51
1033.32
1011.21
1009.70
1002.90
1038.58
1129.47
1246.72
1327.03
1388.32
1396.93
1323.83
1222.93
1125.85
1057.29
1009.06
983.94
975.35
979.86
1004.88
1048.13
1130.52
1251.52
1343.32
1407.30
1456.83
1452.51
1416.35
1393.39
1393.94
1443.00
1507.65
1517.13
1515.91
1497.83
1399.69
1274.85
1167.62
1100.08
1059.84
1043.50
1050.48
1092.87
1198.02
1333.38
1382.77
1338.61
1265.89
1212.01
1186.62
1166.48
1142.63
1136.44
1165.65
1254.80
1383.68
1484.23
1543.18
1549.82
1447.42
1312.25
1203.80
1135.86
1098.19
1086.60
1085.08
1125.16
1218.82
1358.69
1443.74
1460.41
1445.05
1424.57
1358.43
1274.51
1203.50
1177.62
1191.99
1277.40
1409.80
1472.97
1528.49
1532.62
1430.26
1289.80
1172.34
1095.17
1052.94
1031.52
1029.02
1064.93
1149.69
1285.47
1392.38
1444.41
1420.68
1259.79
1245.20
1263.60
1226.15
1189.78
1275.00
1369.14
1471.86
1537.66
1566.11
1528.25
1414.52
1279.07
1160.33
1085.04
1040.04
1019.89
1019.90
1049.94
1135.77
1271.41
1370.63
1438.83
1468.03
1478.02
1510.25
1518.49
1546.99
1551.82
1535.06
1554.05
1597.50
1617.08
1612.00
1560.64
1449.67
1315.91
1195.35
1116.15
1068.12
1044.02
1039.69
1074.13
1147.53
1291.42
1382.22
1344.10
1308.54
1325.42
1320.63
1257.31
1241.72
1231.47
1211.96
1271.02
1350.64
1412.22
1456.82
1475.94
1404.55
1287.33
1190.50
1113.89
1064.78
1043.05
1040.74
1058.23
1098.34
1148.19
1177.84
1222.04
1189.79
1098.37
1057.00
1025.40
1008.09
1004.54
1036.73
1123.51
1242.87
1340.84
1385.67
1415.98
1352.94
1251.65
1155.68
1078.43
1028.08
1000.63
993.37
998.92
1022.79
1064.55
1080.70
1089.33
1133.59
1100.14
1046.89
1121.58
1125.47
1194.30
1303.19
1337.67
1385.19
1423.87
1466.41
1460.97
1365.15
1240.57
1130.79
1053.74
1009.16
987.27
985.62
1018.39
1099.09
1226.29
1299.09
1299.41
1275.78
1252.29
1240.44
1242.24
1314.73
1430.05
1460.16
1475.83
1488.56
1515.62
1548.77
1524.12
1414.96
1271.95
1160.66
1085.89
1039.90
1018.30
1020.32
1054.27
1143.64
1293.97
1436.53
1509.66
1534.61
1543.72
1567.83
1551.63
1496.80
1501.93
1495.88
1503.84
1539.20
1582.03
1602.52
1582.38
1468.74
1326.03
1207.48
1125.79
1079.27
1057.77
1057.15
1088.78
1174.31
1328.10
1462.17
1519.90
1542.06
1544.37
1564.10
1567.11
1561.62
1558.21
1561.18
1586.77
1638.62
1639.58
1625.74
1587.19
1476.72
1340.36
1221.97
1140.99
1091.95
1069.53
1069.12
1101.34
1188.29
1311.94
1353.59
1319.82
1268.56
1223.64
1210.31
1174.60
1147.20
1146.10
1178.49
1256.61
1370.92
1454.44
1505.60
1533.75
1441.68
1299.66
1181.42
1102.06
1059.25
1040.47
1040.19
1076.95
1160.55
1278.25
1333.93
1299.16
1242.75
1212.59
1232.45
1257.90
1259.84
1255.08
1240.52
1287.13
1370.49
1438.66
1472.66
1499.31
1427.24
1310.93
1204.54
1126.03
1076.40
1052.11
1048.69
1055.95
1096.18
1146.37
1216.10
1298.18
1342.50
1365.35
1330.60
1250.19
1232.15
1227.70
1222.54
1262.51
1352.14
1415.52
1448.08
1461.49
1395.21
1289.01
1188.50
1112.19
1061.25
1038.16
1031.76
1040.00
1061.14
1088.18
1096.01
1096.74
1076.67
1046.49
1035.48
1019.22
1010.65
1043.57
1139.32
1217.08
1290.98
1377.27
1429.72
1432.49
1349.78
1229.32
1124.21
1051.20
1014.15
1000.17
1009.38
1045.37
1136.33
1287.63
1427.63
1462.56
1449.46
1458.61
1450.85
1418.05
1355.58
1324.44
1337.87
1386.36
1479.51
1530.49
1544.62
1551.16
1450.52
1303.10
1182.59
1104.92
1067.85
1044.28
1044.22
1079.88
1160.92
1286.17
1363.66
1312.45
1234.95
1182.14
1166.17
1152.40
1136.37
1139.14
1201.52
1297.03
1405.28
1476.53
1516.07
1535.05
1443.54
1298.40
1177.50
1098.55
1056.84
1040.00
1045.03
1083.50
1168.20
1294.86
1345.79
1307.00
1251.99
1220.76
1221.58
1192.07
1212.03
1248.23
1296.75
1380.47
1471.25
1513.19
1539.32
1534.61
1440.07
1295.05
1173.93
1098.03
1055.76
1037.93
1039.97
1078.39
1162.55
1286.10
1339.19
1302.06
1250.08
1230.66
1323.19
1321.14
1308.51
1280.53
1307.16
1340.41
1407.08
1468.84
1503.92
1523.93
1436.97
1292.99
1170.36
1090.21
1044.64
1026.95
1027.75
1064.48
1137.88
1256.30
1313.96
1301.13
1262.00
1226.32
1222.54
1234.41
1279.04
1321.97
1325.99
1379.63
1432.94
1462.41
1482.34
1496.20
1422.00
1300.78
1183.20
1094.72
1038.31
1009.95
999.98
1011.63
1037.36
1089.36
1123.01
1149.34
1151.90
1146.23
1196.67
1253.88
1243.45
1234.49
1249.86
1271.50
1361.04
1421.52
1435.15
1450.50
1385.90
1274.04
1164.71
1079.20
1024.89
995.14
982.06
986.42
996.88
1014.47
1047.23
1090.60
1115.62
1120.65
1156.39
1195.55
1219.61
1280.76
1301.55
1330.91
1402.77
1466.76
1501.17
1501.92
1413.92
1278.60
1155.33
1070.85
1023.72
1004.44
1001.55
1036.73
1111.01
1236.71
1322.15
1327.26
1304.83
1292.38
1308.86
1363.01
1406.56
1413.85
1412.76
1491.60
1585.40
1621.83
1622.47
1616.44
1513.43
1352.93
1217.49
1123.16
1068.58
1041.38
1036.88
1063.10
1133.75
1261.03
1352.56
1364.86
1336.16
1321.00
1348.05
1420.07
1433.69
1448.84
1512.15
1576.29
1662.41
1705.32
1703.83
1693.92
1596.12
1430.46
1285.90
1186.46
1123.60
1090.22
1080.24
1106.77
1174.21
1292.93
1384.34
1387.48
1353.33
1333.24
1343.42
1352.70
1381.50
1424.86
1492.49
1572.92
1640.59
1665.65
1659.18
1653.66
1563.18
1402.69
1252.84
1156.15
1095.28
1063.54
1055.26
1083.35
1147.70
1265.51
1346.13
1349.84
1328.23
1316.05
1326.71
1332.30
1362.24
1396.86
1457.45
1539.25
1612.55
1640.25
1637.05
1649.64
1550.39
1389.74
1246.68
1151.34
1094.22
1065.19
1059.22
1085.24
1153.65
1270.69
1364.84
1367.78
1351.69
1336.58
1356.39
1407.14
1444.81
1442.47
1495.82
1558.93
1601.59
1624.91
1612.15
1604.31
1522.11
1385.96
1257.22
1159.88
1097.87
1061.65
1048.77
1058.61
1085.07
1134.13
1211.68
1307.73
1307.70
1320.61
1334.23
1358.19
1433.59
1528.11
1608.63
1643.15
1727.91
1759.74
1765.11
1756.68
1685.03
1555.42
1420.68
1309.99
1229.95
1181.24
1156.11
1151.09
1147.60
1185.10
1257.35
1353.02
1446.13
1535.89
1630.20
1731.20
1817.78
1928.87
2015.22
2058.04
2080.05
2020.47
1926.93
1838.19
1696.70
1510.37
1337.04
1216.49
1142.24
1104.81
1086.88
1107.99
1165.44
1287.94
1367.06
1374.62
1353.54
1339.33
1347.80
1351.55
1360.43
1375.71
1426.12
1484.20
1575.43
1626.39
1611.56
1591.02
1491.40
1336.37
1202.94
1120.55
1068.75
1048.15
1038.17
1069.41
1134.34
1255.52
1335.07
1330.36
1300.20
1277.54
1278.09
1282.94
1300.78
1330.08
1393.87
1483.09
1591.35
1645.44
1636.64
1631.67
1536.77
1380.72
1244.61
1172.59
1119.94
1094.30
1090.68
1123.85
1183.63
1326.31
1429.74
1462.23
1488.41
1517.69
1587.27
1681.07
1791.14
1896.01
1982.88
2081.83
2158.76
2146.61
2102.65
2035.07
1885.87
1692.32
1504.87
1367.66
1292.72
1245.39
1229.48
1253.03
1320.31
1455.96
1564.07
1591.02
1605.96
1626.14
1663.43
1705.09
1759.80
1814.26
1897.48
1972.19
2041.08
2048.34
1982.40
1929.74
1805.04
1611.60
1425.34
1290.55
1201.36
1141.77
1117.73
1131.27
1184.39
1282.33
1363.57
1415.56
1359.18
1312.98
1333.50
1381.20
1412.86
1376.94
1413.01
1452.39
1515.33
1547.11
1546.82
1521.28
1429.04
1313.08
1202.38
1119.82
1069.80
1040.61
1034.32
1044.75
1075.63
1134.40
1235.53
1351.46
1437.10
1495.13
1526.86
1535.03
1523.66
1490.67
1490.08
1518.55
1551.15
1559.00
1542.33
1519.01
1450.88
1346.23
1234.75
1149.07
1092.92
1063.94
1051.52
1055.85
1073.56
1122.67
1206.20
1318.36
1421.31
1481.70
1526.33
1539.58
1528.11
1500.58
1495.08
1520.77
1554.46
1560.06
1534.26
1510.02
1437.03
1325.93
1218.35
1141.06
1087.14
1061.67
1052.64
1064.78
1095.36
1144.17
1213.51
1289.10
1357.80
1398.36
1438.39
1442.87
1445.54
1425.04
1429.77
1487.60
1558.54
1552.91
1529.25
1513.70
1448.24
1315.40
1192.81
1105.96
1058.91
1039.96
1041.77
1075.41
1145.29
1267.45
1365.20
1372.64
1405.63
1384.77
1371.25
1400.64
1437.83
1407.76
1426.26
1476.83
1561.02
1618.03
1625.88
1626.66
1546.31
1388.95
1251.73
1149.06
1092.97
1066.10
1061.96
1089.49
1149.07
1271.36
1359.26
1387.80
1385.63
1390.61
1421.26
1461.29
1504.14
1546.57
1619.67
1705.69
1762.15
1760.13
1740.89
1724.96
1629.92
1467.76
1324.17
1212.55
1144.98
1112.25
1099.04
1125.10
1190.40
1317.30
1438.12
1527.14
1605.66
1588.61
1523.10
1574.96
1652.03
1657.78
1661.89
1728.54
1765.18
1772.33
1768.41
1754.71
1662.76
1514.18
1373.87
1272.31
1202.88
1166.20
1157.02
1184.46
1265.56
1394.13
1528.92
1611.63
1676.33
1728.66
1747.94
1746.06
1736.71
1804.46
1829.37
1829.69
1824.74
1798.27
1764.15
1736.11
1658.09
1528.17
1391.39
1275.39
1202.57
1157.02
1134.36
1135.27
1148.01
1201.44
1285.76
1382.72
1467.86
1559.76
1649.68
1739.85
1816.33
1890.39
1982.14
2083.00
2181.36
2207.84
2160.39
2116.46
2022.86
1855.59
1677.50
1531.31
1425.83
1350.72
1302.86
1278.12
1264.57
1314.78
1420.05
1560.22
1713.21
1876.06
2020.71
2129.39
2209.11
2292.48
2397.69
2507.20
2595.04
2610.71
2535.70
2460.92
2326.17
2088.14
1853.23
1688.49
1558.86
1487.26
1439.84
1440.53
1491.42
1650.44
1820.12
1953.80
2098.76
2242.33
2374.88
2494.19
2580.37
2652.52
2715.41
2763.40
2814.56
2780.80
2686.31
2560.24
2388.26
2113.32
1880.28
1708.72
1595.93
1529.02
1491.32
1509.12
1572.74
1714.64
1873.47
2010.43
2143.36
2314.16
2435.52
2570.35
2685.22
2791.37
2894.97
2876.19
2826.01
2737.47
2614.88
2453.76
2297.00
2075.83
1867.52
1716.37
1612.78
1550.30
1514.55
1529.30
1590.33
1739.33
1909.46
2031.82
2141.28
2199.25
2331.25
2494.40
2600.95
2702.34
2797.10
2881.36
2931.12
2896.36
2772.55
2649.91
2473.58
2195.34
1933.18
1733.14
1581.47
1479.58
1413.57
1399.93
1436.09
1538.50
1658.31
1697.08
1684.95
1679.77
1683.95
1681.58
1706.53
1763.88
1778.97
1811.09
1862.68
1886.58
1834.27
1773.75
1683.96
1513.78
1355.16
1242.85
1177.48
1137.58
1125.12
1149.32
1205.13
1312.95
1403.04
1417.84
1416.17
1413.42
1423.98
1440.21
1474.54
1516.08
1626.63
1712.44
1723.14
1715.84
1682.80
1671.30
1600.87
1478.61
1355.38
1258.30
1192.76
1155.43
1137.42
1137.83
1157.11
1213.09
1302.82
1407.73
1441.04
1466.22
1486.92
1449.68
1451.03
1441.74
1444.75
1489.94
1584.86
1646.16
1637.93
1615.48
1566.80
1449.11
1323.18
1224.74
1156.22
1113.24
1092.35
1090.80
1087.08
1116.55
1172.45
1242.75
1304.70
1357.08
1427.37
1500.78
1568.25
1623.64
1709.06
1821.29
1916.87
1940.78
1882.41
1825.28
1738.16
1564.04
1394.73
1273.69
1197.37
1157.13
1142.49
1163.70
1225.15
1348.89
1463.75
1540.75
1623.48
1704.71
1676.81
1736.34
1748.08
1727.02
1704.24
1737.05
1786.16
1786.30
1769.58
1748.20
1667.35
1522.14
1389.94
1294.18
1234.98
1199.93
1191.14
1217.93
1285.89
1417.86
1567.91
1642.62
1676.54
1706.42
1707.71
1764.33
1823.77
1832.29
1879.87
1978.47
2082.55
2125.21
2069.77
2000.67
1895.46
1700.14
1517.16
1380.01
1293.30
1241.55
1215.98
1232.02
1281.06
1395.09
1484.12
1504.67
1509.29
1514.80
1537.34
1565.18
1607.87
1665.35
1732.51
1812.78
1882.46
1906.54
1860.19
1805.95
1717.03
1542.70
1379.54
1258.42
1184.88
1143.05
1127.64
1146.80
1199.12
1316.49
1414.59
1447.06
1459.41
1461.41
1484.00
1512.03
1561.85
1627.84
1704.74
1796.69
1889.48
1918.42
1876.67
1816.71
1737.32
1568.59
1400.13
1279.95
1205.24
1163.07
1143.40
1160.46
1208.40
1316.81
1425.46
1479.58
1509.72
1537.56
1576.99
1618.16
1691.56
1771.42
1866.86
1968.40
2058.07
2046.22
1956.12
1908.37
1822.92
1673.44
1518.96
1398.32
1316.22
1265.71
1241.19
1236.49
1236.91
1292.29
1376.73
1478.99
1597.96
1663.22
1763.34
1887.97
2033.52
2145.90
2243.81
2351.22
2362.48
2273.27
2184.74
2130.62
2016.79
1835.05
1661.17
1518.66
1418.11
1352.11
1310.97
1294.44
1284.40
1313.11
1395.26
1511.60
1637.68
1763.29
1883.60
1981.04
2063.07
2129.80
2208.98
2311.30
2396.06
2412.35
2338.39
2246.97
2157.87
1956.83
1755.74
1598.59
1498.56
1435.32
1406.14
1426.23
1487.39
1628.03
1780.67
1899.52
2018.09
2135.84
2238.05
2353.00
2454.82
2513.34
2489.97
2456.39
2453.47
2441.42
2392.25
2334.18
2214.46
2011.16
1809.05
1651.20
1551.90
1494.71
1471.90
1493.31
1550.48
1673.55
1819.39
1941.16
2074.61
2202.34
2325.81
2458.53
2558.16
2508.21
2342.93
2266.93
2214.63
2143.33
2040.35
1964.91
1841.62
1680.50
1515.57
1389.50
1306.99
1253.44
1222.38
1229.38
1264.38
1355.67
1451.18
1475.80
1479.30
1475.73
1485.09
1515.68
1564.05
1621.46
1692.91
1762.87
1830.47
1861.91
1834.10
1781.50
1701.31
1544.50
1383.72
1267.98
1197.13
1153.07
1138.64
1158.77
1208.02
1316.32
1430.03
1485.97
1513.00
1524.44
1555.22
1582.75
1612.85
1649.97
1709.96
1796.76
1875.58
1893.02
1845.53
1805.07
1741.52
1592.53
1441.92
1330.60
1259.61
1222.44
1205.67
1228.01
1287.26
1400.62
1528.53
1629.74
1701.19
1733.63
1762.51
1762.19
1770.65
1789.54
1834.49
1894.21
1949.49
1966.34
1920.64
1877.00
1808.36
1668.18
1516.85
1397.13
1323.34
1284.88
1268.92
1280.51
1306.22
1369.14
1478.36
1610.62
1734.56
1859.76
1964.74
2020.67
2074.20
2154.05
2180.51
2228.21
2254.23
2237.76
2190.13
2152.62
2085.11
1948.45
1795.80
1666.55
1569.51
1509.17
1475.27
1461.93
1461.36
1501.19
1654.84
1818.09
1922.43
2000.41
2212.69
2307.58
2307.67
2363.66
2465.94
2601.70
2695.18
2688.60
2597.38
2530.43
2424.00
2176.63
1945.07
1838.25
1718.52
1644.09
1613.85
1631.56
1694.78
1846.84
2037.21
2230.59
2401.24
2563.21
2717.69
2862.38
2995.89
3105.58
3182.75
3232.56
3288.52
3263.73
3160.54
3039.34
2874.33
2603.04
2351.22
2155.77
2009.74
1906.06
1834.98
1827.90
1868.65
2026.43
2246.59
2456.49
2640.49
2834.56
3000.69
3131.45
3251.54
3346.87
3397.42
3424.89
3454.00
3393.06
3280.58
3154.01
2976.21
2706.12
2430.64
2232.52
2096.49
2005.91
1939.30
1927.15
1997.16
2151.28
2367.13
2552.49
2718.88
2884.09
3053.24
3164.43
3262.06
3328.31
3364.42
3405.76
3447.35
3397.14
3184.70
2976.52
2712.24
2473.98
2238.72
1992.91
1853.39
1773.11
1723.45
1714.94
1749.68
1875.49
2054.80
2187.10
2330.48
2438.06
2518.28
2593.62
2699.07
2751.30
2736.74
2633.13
2561.41
2486.77
2419.69
2339.90
2222.12
2036.42
1841.19
1700.69
1610.52
1546.80
1505.10
1509.81
1549.97
1647.93
1756.20
1833.49
1898.32
1924.33
1915.58
1876.33
1841.43
1806.37
1776.73
1763.00
1768.49
1750.38
1713.79
1669.74
1599.04
1480.12
1358.77
1258.03
1196.33
1159.04
1139.36
1140.83
1153.28
1196.48
1264.54
1368.51
1462.97
1525.08
1554.10
1557.08
1550.90
1557.45
1576.87
1606.18
1634.09
1606.88
1567.15
1541.37
1480.82
1380.59
1276.63
1186.28
1130.24
1094.98
1077.90
1079.12
1080.34
1108.10
1176.06
1268.61
1341.24
1385.14
1431.18
1430.87
1444.08
1451.09
1455.89
1458.18
1473.44
1501.95
1500.29
1501.44
1468.72
1399.22
1300.65
1207.28
1144.62
1105.95
1091.92
1102.95
1121.82
1158.27
1208.24
1299.42
1364.60
1367.63
1406.67
1500.17
1551.90
1560.74
1609.72
1692.04
1774.71
1791.18
1781.26
1778.25
1731.99
1606.40
1476.20
1371.06
1308.18
1271.47
1259.06
1286.03
1353.14
1474.98
1623.70
1741.98
1834.56
1908.58
2023.02
2118.70
2229.18
2407.36
2558.90
2677.16
2764.70
2682.07
2498.29
2341.64
2200.34
1995.31
1788.65
1636.65
1533.65
1474.81
1442.74
1449.69
1494.20
1616.24
1792.90
1957.23
2111.78
2263.80
2412.45
2538.20
2662.54
2786.69
2909.30
3013.81
3077.09
3041.14
2850.06
2650.09
2468.87
2219.50
1975.63
1796.89
1671.49
1580.53
1523.50
1508.81
1529.81
1598.73
1708.18
1795.91
1865.71
1941.72
2012.03
2042.81
2012.07
2014.78
2025.04
2037.58
2043.63
2023.68
1971.10
1928.43
1844.08
1698.31
1556.31
1458.32
1387.44
1347.96
1331.84
1357.16
1418.04
1540.36
1713.90
1856.48
1941.96
2004.46
2056.94
2051.62
2007.81
1973.91
1926.07
1894.11
1952.22
2054.28
2046.91
2000.99
1946.21
1809.18
1664.78
1544.56
1454.66
1395.77
1365.54
1355.37
1362.36
1409.22
1500.05
1615.52
1698.40
1761.96
1779.95
1775.12
1777.95
1804.91
1816.50
1812.54
1811.33
1811.75
1791.62
1767.45
1714.97
1592.42
1458.62
1342.94
1264.59
1208.39
1177.86
1168.36
1159.62
1189.67
1256.20
1390.69
1469.75
1546.94
1630.78
1719.88
1767.74
1843.39
1945.75
2035.34
2088.72
2102.90
2063.13
2028.99
1942.94
1775.60
1612.90
1487.27
1409.52
1367.98
1351.83
1377.42
1449.40
1569.80
1723.34
1843.05
1917.03
1940.64
1928.09
1891.76
1960.60
1984.51
1966.63
1948.81
1993.89
1973.13
1928.11
1886.36
1802.75
1652.96
1502.44
1385.33
1312.43
1269.56
1252.72
1270.74
1336.25
1447.38
1581.73
1679.32
1748.73
1794.39
1821.56
1847.06
1855.62
1841.32
1843.34
1861.76
1902.15
1916.45
1902.21
1885.62
1804.16
1659.28
1514.04
1405.43
1339.28
1298.86
1285.07
1306.88
1374.38
1496.12
1642.72
1776.59
1859.62
1912.66
1966.50
2008.15
2075.15
2119.17
2184.48
2328.12
2481.63
2552.64
2510.81
2436.50
2313.84
2102.93
1899.87
1741.67
1635.98
1563.48
1518.08
1519.74
1570.32
1698.75
1871.90
2008.88
2129.81
2257.30
2384.76
2505.13
2625.68
2730.66
2829.54
2903.50
2949.20
2923.61
2822.99
2709.57
2552.60
2299.36
2062.12
1880.98
1752.56
1671.28
1637.79
1653.50
1718.71
1845.02
2018.25
2190.50
2356.63
2525.21
2671.56
2793.88
2898.22
2977.21
3056.68
3050.07
3056.85
2956.91
2785.24
2660.28
2512.31
2298.87
2082.78
1907.40
1784.68
1705.60
1650.69
1631.03
1626.34
1659.96
1760.54
1896.07
2049.19
2156.05
2206.96
2301.97
2434.55
2580.20
2641.52
2571.24
2526.32
2434.60
2313.97
2236.27
2138.92
1986.56
1831.34
1702.80
1617.71
1555.02
1526.00
1521.18
1541.11
1574.06
1657.29
1793.08
1943.89
2037.14
2165.38
2212.79
2225.46
2237.32
2233.33
2247.50
2271.19
2254.19
2196.06
2151.30
2048.63
1885.29
1714.00
1588.28
1501.60
1446.37
1422.35
1440.34
1511.43
1641.77
1791.44
1907.67
1987.84
2043.74
2069.50
2079.96
2100.79
2131.18
2120.76
2115.93
2141.53
2150.78
2127.92
2105.71
2021.49
1852.73
1677.12
1548.91
1456.39
1401.77
1372.78
1382.50
1434.64
1553.22
1718.51
1848.26
1946.31
2065.62
2201.38
2332.87
2464.09
2573.76
2669.61
2743.92
2797.74
2791.18
2707.58
2614.01
2459.44
2221.47
1995.53
1819.06
1699.47
1606.39
1550.32
1536.31
1569.95
1669.17
1822.19
1955.80
2056.92
2151.97
2272.92
2368.22
2473.01
2579.52
2661.70
2671.10
2665.15
2627.82
2541.96
2465.24
2306.47
2057.00
1820.22
1638.92
1512.72
1432.67
1382.99
1380.24
1421.49
1521.57
1647.68
1719.89
1760.69
1793.90
1844.36
1900.59
1993.61
2093.24
2196.65
2293.88
2301.72
2249.27
2185.26
2145.29
2047.41
1877.17
1699.08
1566.28
1469.13
1413.28
1377.10
1379.85
1425.42
1516.12
1651.44
1749.96
1808.71
1868.04
1948.42
2024.93
2109.76
2170.36
2234.90
2271.81
2293.30
2237.11
2126.84
2046.95
1943.96
1782.76
1608.79
1468.70
1365.40
1302.78
1264.55
1252.56
1259.80
1305.32
1393.19
1490.42
1564.42
1626.08
1687.33
1753.57
1822.30
1895.40
1989.66
2092.47
2161.28
2155.22
2074.07
2003.18
1913.01
1760.99
1608.16
1477.96
1388.65
1333.70
1305.23
1299.56
1313.56
1352.34
1440.53
1552.82
1668.26
1745.95
1806.67
1809.84
1799.49
1773.78
1787.61
1825.19
1897.50
1939.02
1947.93
1953.84
1908.67
1776.60
1632.81
1518.21
1445.01
1404.73
1395.16
1423.59
1502.44
1631.23
1788.23
1937.38
2073.45
2227.26
2365.35
2481.05
2604.22
2711.91
2798.08
2855.97
2893.71
2857.04
2743.76
2623.16
2443.36
2189.17
1947.93
1764.20
1640.93
1553.16
1500.72
1493.63
1533.38
1637.03
1793.00
1928.41
2050.26
2178.82
2312.06
2454.11
2594.97
2713.83
2800.04
2874.87
2924.08
2879.81
2727.31
2509.67
2299.98
2065.66
1848.86
1688.60
1586.99
1518.68
1484.04
1485.51
1541.62
1645.20
1773.77
1858.25
1907.57
1920.97
1896.25
1882.69
1889.71
1900.80
1947.09
2031.04
2122.41
2133.46
2068.57
2006.89
1886.92
1705.69
1525.00
1394.87
1323.00
1274.48
1258.45
1280.11
1343.38
1461.92
1589.00
1663.36
1706.82
1778.75
1823.26
1867.23
1992.35
2018.08
2031.06
2000.36
2011.36
2013.22
1993.66
1963.36
1877.83
1741.99
1590.93
1482.54
1422.89
1392.38
1379.02
1394.33
1443.80
1538.65
1661.19
1757.57
1818.44
1880.77
1954.99
2024.89
2088.11
2170.88
2241.72
2265.65
2282.63
2221.26
2119.14
2038.30
1918.78
1744.20
1568.62
1422.43
1315.72
1249.32
1206.18
1195.50
1203.08
1241.23
1301.40
1356.32
1379.58
1391.55
1408.46
1439.95
1492.13
1568.01
1640.22
1728.71
1818.71
1843.20
1794.91
1766.05
1687.61
1558.46
1428.09
1311.40
1230.15
1185.80
1158.20
1149.90
1154.10
1171.77
1229.18
1307.63
1370.94
1451.43
1513.15
1576.38
1607.72
1663.41
1769.64
1882.51
1952.69
1956.46
1922.81
1909.64
1814.85
1665.67
1514.41
1401.22
1326.81
1284.70
1267.56
1289.74
1356.17
1448.09
1583.53
1679.00
1734.72
1796.73
1878.04
1933.48
1990.78
2043.17
2105.34
2180.51
2269.60
2279.79
2195.46
2120.87
1978.11
1778.28
1589.06
1449.45
1357.75
1298.74
1267.78
1278.24
1332.92
1425.52
1545.04
1620.95
1697.46
1777.10
1859.74
1931.29
1967.18
1991.21
2002.49
2039.11
2095.69
2098.22
2071.46
2045.27
1933.57
1762.03
1591.70
1464.21
1382.77
1331.74
1306.20
1322.46
1381.85
1482.61
1610.13
1704.40
1788.33
1833.51
1903.24
1955.44
1988.77
2008.32
1990.63
1984.36
1996.59
1994.75
1943.38
1891.81
1782.09
1634.64
1494.75
1397.16
1334.84
1300.30
1290.24
1317.06
1398.97
1523.22
1650.23
1785.80
1800.64
1852.23
1846.86
1801.88
1823.60
1932.86
1889.54
1916.91
1972.80
1999.70
1965.45
1962.04
1866.14
1711.77
1579.52
1426.90
1348.56
1301.09
1279.72
1294.09
1357.25
1459.90
1610.44
1727.16
1801.73
1881.42
1996.13
2115.04
2247.35
2352.28
2453.36
2545.04
2605.03
2575.63
2459.85
2362.30
2214.32
2019.24
1829.92
1666.65
1547.99
1469.88
1417.24
1396.68
1405.63
1448.36
1543.89
1691.89
1824.56
1999.02
2173.76
2326.79
2438.33
2542.03
2624.86
2602.80
2623.72
2572.16
2475.94
2403.84
2268.66
2081.72
1893.31
1734.72
1619.06
1549.98
1507.52
1490.55
1497.70
1520.47
1591.24
1691.86
1807.11
1941.61
2091.12
2206.11
2226.73
2255.64
2309.32
2349.73
2419.86
2413.80
2359.16
2319.10
2187.59
1987.56
1791.81
1639.01
1534.62
1473.98
1449.93
1473.73
1548.90
1661.35
1813.50
1927.63
1993.59
2044.05
2101.26
2136.50
2182.36
2208.31
2200.76
2210.09
2246.24
2233.27
2186.23
2135.42
2010.38
1847.71
1685.73
1562.11
1478.23
1425.54
1401.81
1417.58
1489.60
1599.88
1734.56
1836.56
1882.50
1923.50
1989.19
2052.77
2111.75
2213.61
2286.46
2329.82
2385.24
2397.03
2369.09
2339.94
2222.34
2052.62
1884.88
1758.51
1674.94
1623.17
1600.57
1619.21
1701.53
1838.08
1998.54
2136.59
2266.83
2408.25
2545.13
2682.34
2810.07
2905.00
3011.71
3075.03
3122.88
3074.68
2969.84
2861.96
2668.41
2422.19
2192.35
2018.33
1900.19
1822.77
1780.06
1793.78
1852.41
1965.01
2128.92
2255.61
2334.04
2459.78
2650.11
2820.17
2972.55
3086.97
3187.10
3232.81
3280.68
3239.33
3124.09
2931.32
2713.72
2459.28
2223.06
2045.20
1924.84
1846.38
1799.46
1793.49
1841.11
1953.39
2149.63
2346.71
2541.76
2707.36
2882.59
3020.26
3143.77
3232.80
3278.29
3288.79
3313.46
3246.51
3137.00
3020.92
2819.04
2570.65
2335.20
2140.34
1992.02
1887.69
1822.72
1795.19
1802.41
1857.32
1994.18
2190.26
2380.55
2601.11
2772.68
2774.24
2794.26
2774.20
2877.01
2991.33
3072.67
3034.86
2907.05
2795.37
2609.00
2369.71
2133.81
1924.91
1779.22
1695.56
1627.25
1576.46
1538.42
1528.02
1582.91
1664.26
1736.46
1803.50
1875.32
1949.05
1997.08
2064.27
2126.97
2224.31
2317.18
2304.77
2203.47
2124.15
1976.74
1791.85
1619.92
1486.51
1398.23
1342.38
1315.61
1335.28
1404.56
1498.32
1621.61
1718.16
1792.08
1845.80
1921.27
1992.42
2081.43
2161.31
2230.88
2305.30
2345.47
2332.65
2248.19
2180.84
2022.92
1827.81
1644.04
1509.81
1421.51
1368.51
1340.89
1351.96
1416.08
1519.77
1667.48
1781.73
1871.46
1942.97
2059.75
2173.46
2263.10
2354.17
2427.58
2446.45
2459.03
2430.16
2365.25
2306.29
2153.17
1954.02
1760.13
1619.78
1526.75
1471.67
1447.52
1465.49
1529.07
1641.12
1783.46
1896.39
2015.48
2126.21
2259.78
2402.37
2518.05
2617.05
2640.24
2622.61
2625.01
2567.18
2517.46
2458.42
2306.94
2109.82
1920.02
1769.05
1670.53
1608.67
1583.18
1600.79
1674.56
1807.20
1976.82
2116.37
2247.69
2333.52
2371.66
2387.82
2406.62
2460.30
2540.29
2608.26
2643.64
2619.89
2581.45
2532.02
2401.40
2220.80
2036.71
1891.07
1791.48
1721.33
1683.75
1689.99
1745.60
1847.05
2000.01
2121.02
2219.56
2295.49
2362.94
2409.13
2478.11
2514.73
2562.46
2578.48
2569.90
2559.95
2522.38
2459.14
2318.34
2132.44
1941.39
1789.44
1680.68
1603.78
1561.09
1551.45
1567.01
1609.92
1732.52
1888.26
2068.36
2226.62
2368.47
2481.89
2577.75
2661.35
2738.56
2790.80
2818.66
2777.78
2681.86
2599.67
2442.23
2254.36
2066.92
1916.84
1797.51
1721.63
1673.38
1653.11
1656.69
1679.19
1746.62
1840.75
1953.31
2047.82
2090.57
2125.39
2139.56
2138.31
2138.62
2142.29
2183.15
2177.42
2141.45
2091.40
1989.70
1860.86
1718.62
1608.42
1530.66
1485.32
1469.62
1498.10
1580.79
1703.50
1864.01
1999.72
2108.73
2218.70
2295.85
2372.18
2492.54
2612.25
2700.98
2711.60
2671.10
2620.68
2547.19
2415.61
2241.37
2057.80
1890.17
1779.04
1697.80
1640.49
1604.68
1613.41
1676.31
1788.21
1919.43
2007.96
2073.83
2143.04
2232.15
2347.45
2514.26
2657.98
2789.40
2906.36
2996.50
2976.73
2868.47
2759.51
2557.98
2318.64
2093.12
1925.10
1799.09
1714.91
1665.11
1660.63
1711.11
1814.61
1981.23
2141.90
2298.24
2456.24
2622.28
2767.82
2905.08
3006.76
3086.03
3128.70
3150.00
3074.62
2965.82
2825.94
2603.10
2345.44
2114.19
1938.29
1809.63
1725.08
1675.71
1671.56
1729.85
1836.98
2008.74
2182.96
2358.31
2551.79
2751.67
2918.83
3065.35
3170.99
3253.76
3279.66
3305.56
3237.17
3158.06
3038.74
2820.11
2566.17
2321.88
2127.90
1991.27
1896.03
1839.47
1828.32
1874.53
1972.67
2139.14
2329.26
2501.07
2661.20
2818.97
2974.48
3065.92
3087.74
3137.15
3166.19
3118.05
2981.11
2867.50
2743.48
2561.95
2342.00
2131.93
1954.01
1804.77
1696.83
1620.59
1572.18
1571.38
1588.06
1630.93
1698.53
1728.80
1750.32
1767.93
1793.23
1789.05
1828.77
1815.16
1828.26
1848.91
1840.20
1824.52
1785.10
1700.24
1584.53
1469.06
1374.52
1308.65
1266.43
1244.85
1241.78
1258.23
1285.73
1346.34
1444.90
1529.79
1583.16
1625.39
1659.28
1658.20
1731.78
1773.23
1826.78
1902.96
1930.37
1952.21
1931.21
1836.73
1697.82
1566.19
1466.53
1399.79
1366.33
1362.81
1394.61
1486.61
1623.36
1767.46
1890.67
2003.53
2119.83
2237.57
2347.72
2446.53
2505.54
2576.55
2679.87
2752.40
2732.09
2671.32
2572.00
2384.57
2163.96
1970.69
1822.57
1717.86
1646.58
1606.00
1607.43
1661.82
1762.48
1879.13
1970.91
2062.95
2175.07
2261.10
2331.70
2394.26
2420.21
2451.51
2470.11
2512.12
2461.92
2390.08
2282.65
2095.82
1890.89
1704.69
1570.88
1476.75
1413.65
1387.08
1402.24
1480.38
1608.20
1736.23
1841.58
1906.73
1924.11
1938.00
1950.52
1950.10
1917.31
1927.35
1951.08
1985.07
1991.45
1989.86
1911.10
1772.50
1602.58
1457.74
1360.20
1292.95
1257.03
1262.71
1281.29
1345.72
1467.54
1577.51
1654.42
1705.18
1703.73
1703.19
1711.75
1728.02
1708.27
1744.72
1831.02
1905.82
1915.59
1903.93
1843.82
1711.63
1552.62
1401.55
1296.42
1225.96
1183.00
1166.00
1184.87
1250.45
1353.34
1449.11
1490.15
1494.00
1492.66
1539.71
1579.34
1602.75
1643.23
1689.38
1768.62
1837.18
1838.03
1819.12
1762.72
1646.18
1515.70
1380.13
1276.40
1207.20
1164.68
1141.09
1136.40
1165.23
1207.80
1267.50
1330.83
1363.51
1386.97
1415.39
1453.22
1511.15
1573.71
1658.69
1766.25
1855.44
1858.49
1830.18
1770.88
1668.78
1539.60
1408.25
1306.74
1234.90
1189.60
1169.65
1163.05
1185.58
1216.44
1272.75
1356.96
1457.88
1549.76
1601.71
1648.76
1635.68
1633.67
1662.08
1702.77
1742.64
1755.41
1761.98
1717.90
1646.99
1551.69
1452.93
1376.14
1317.75
1280.82
1269.19
1281.27
1317.14
1361.18
1436.12
1550.74
1652.26
1731.96
1790.74
1844.01
1911.09
1972.65
2050.28
2152.60
2233.13
2203.42
2154.10
2056.34
1883.28
1685.96
1507.95
1379.33
1294.84
1239.61
1211.55
1227.07
1303.32
1428.76
1537.79
1595.87
1622.71
1651.43
1698.79
1757.38
1852.95
1922.12
2003.09
2085.58
2139.77
2121.17
2081.28
1996.51
1839.61
1654.88
1499.20
1384.96
1308.65
1265.44
1245.92
1268.79
1359.69
1505.34
1627.98
1707.94
1757.18
1813.41
1893.36
1988.99
2073.97
2151.78
2232.53
2297.13
2324.05
2283.18
2292.72
2214.25
2081.78
1901.98
1744.35
1626.22
1550.46
1507.09
1489.07
1514.27
1606.78
1757.74
1886.14
1984.64
2052.56
2087.73
2105.78
2104.51
2103.73
2062.14
2056.78
2066.95
2107.54
2119.65
2098.16
2005.03
1877.98
1729.98
1582.04
1471.65
1396.00
1350.19
1325.66
1336.91
1412.78
1544.39
1643.91
1684.44
1708.66
1724.98
1768.48
1828.72
1872.82
1900.88
1919.12
1940.28
1957.64
1914.61
1880.34
1793.45
1672.88
1530.68
1390.25
1274.01
1200.58
1151.59
1129.14
1128.57
1158.26
1208.57
1268.22
1312.38
1325.73
1338.82
1360.80
1390.54
1451.32
1521.89
1586.10
1681.29
1757.26
1766.42
1763.73
1703.27
1605.57
1488.47
1383.16
1287.93
1227.25
1190.93
1176.10
1174.19
1195.13
1229.27
1291.65
1372.92
1441.27
1503.71
1577.43
1644.69
1725.09
1819.08
1928.52
2014.72
2070.12
2070.90
2082.21
2025.53
1898.14
1728.94
1585.40
1470.82
1406.14
1367.25
1352.27
1384.60
1479.52
1642.13
1752.64
1802.93
1793.87
1758.78
1776.66
1805.92
1887.38
1973.65
2065.61
2140.91
2199.85
2157.99
2090.57
1959.18
1777.40
1599.21
1458.79
1352.64
1285.40
1248.06
1227.70
1238.37
1307.92
1438.35
1538.07
1569.84
1566.97
1563.95
1597.76
1650.41
1722.03
1797.23
1893.77
1931.78
1943.32
1937.32
1949.30
1869.60
1770.54
1623.16
1482.00
1389.06
1329.56
1302.78
1302.57
1343.59
1446.77
1633.00
1767.03
1852.45
1923.85
2001.52
2081.29
2161.88
2266.38
2367.31
2427.16
2457.93
2466.87
2438.75
2426.72
2326.34
2159.70
1967.94
1791.24
1655.79
1568.11
1512.81
1481.62
1496.65
1570.74
1702.81
1798.35
1861.20
1893.12
1884.81
1890.83
1894.23
1896.64
1899.96
1924.55
1930.40
1959.75
1967.43
1980.25
1898.85
1781.14
1637.01
1495.71
1392.43
1325.57
1282.36
1273.27
1297.93
1387.14
1547.58
1667.40
1749.23
1800.82
1822.99
1827.38
1825.87
1826.73
1816.72
1828.30
1855.71
1880.14
1881.49
1878.22
1806.60
1714.96
1601.13
1476.15
1375.54
1309.32
1269.20
1249.92
1251.37
1283.14
1350.19
1432.77
1535.04
1606.38
1644.98
1660.84
1662.62
1655.75
1677.61
1708.51
1787.48
1875.87
1889.12
1880.52
1804.37
1708.46
1591.97
1479.24
1382.26
1312.85
1269.27
1242.05
1225.58
1229.81
1250.28
1286.04
1333.70
1351.49
1352.91
1363.99
1391.91
1418.95
1464.24
1538.63
1650.32
1748.77
1763.45
1758.65
1672.61
1542.78
1394.45
1270.61
1182.17
1127.86
1097.01
1091.94
1117.63
1203.77
1352.97
1441.05
1462.73
1456.75
1440.79
1449.19
1480.54
1517.28
1570.83
1637.86
1725.65
1807.74
1821.98
1814.34
1710.14
1574.44
1420.12
1287.50
1194.04
1141.38
1110.88
1101.04
1126.79
1209.62
1359.96
1450.85
1482.11
1489.24
1482.05
1513.15
1536.73
1583.70
1624.81
1701.34
1798.62
1873.95
1911.88
1930.13
1842.85
1721.42
1584.00
1451.26
1358.32
1298.01
1262.17
1252.11
1272.64
1361.69
1520.50
1632.50
1703.65
1744.35
1794.32
1851.22
1881.03
1918.90
1946.26
1973.55
2025.76
2074.59
2089.83
2101.58
2003.81
1862.24
1690.83
1538.63
1428.78
1357.90
1319.41
1304.82
1329.84
1414.46
1572.52
1688.67
1764.88
1805.84
1901.87
1943.14
1949.72
1994.12
2071.47
2123.91
2172.87
2201.59
2226.30
2222.37
2122.34
1983.07
1813.26
1657.07
1543.70
1466.86
1426.68
1416.88
1448.10
1543.18
1702.51
1827.95
1919.92
2000.03
2053.06
2075.35
2101.85
2059.75
2041.64
2050.08
2087.02
2111.18
2109.33
2092.02
1990.23
1870.94
1718.73
1566.89
1447.04
1362.42
1301.74
1263.06
1248.98
1268.02
1325.48
1392.72
1487.13
1522.57
1524.08
1559.10
1578.39
1653.15
1726.97
1769.80
1797.37
1817.22
1838.88
1824.77
1747.64
1658.87
1548.74
1437.41
1347.31
1282.65
1238.33
1212.80
1203.45
1218.03
1261.21
1322.66
1389.68
1424.88
1430.57
1452.55
1496.83
1567.12
1612.83
1640.09
1693.59
1751.74
1751.81
1736.95
1635.55
1507.98
1371.56
1242.41
1158.52
1109.03
1083.40
1078.60
1108.03
1194.94
1348.27
1434.15
1460.85
1452.15
1434.59
1455.42
1556.03
1557.81
1540.32
1619.48
1731.05
1807.24
1853.08
1852.01
1756.43
1632.32
1495.14
1368.52
1282.12
1230.10
1199.99
1187.69
1214.18
1298.08
1455.24
1554.87
1593.54
1675.60
1703.27
1741.72
1737.63
1780.91
1800.77
1782.35
1788.81
1850.94
1871.21
1835.87
1739.75
1618.88
1468.47
1335.87
1234.74
1171.96
1127.58
1113.69
1133.34
1211.09
1363.05
1446.00
1434.16
1390.45
1352.08
1343.99
1363.51
1399.83
1413.71
1462.58
1541.54
1629.66
1687.18
1689.19
1602.27
1484.70
1341.91
1221.00
1140.42
1095.02
1068.49
1065.66
1092.82
1179.69
1342.16
1429.82
1431.16
1389.61
1362.38
1373.62
1394.32
1412.95
1417.08
1454.60
1514.63
1590.55
1660.45
1663.15
1579.39
1470.15
1330.18
1212.13
1130.88
1081.75
1058.96
1056.29
1084.61
1177.39
1338.61
1432.79
1422.29
1374.57
1325.26
1299.24
1308.95
1359.61
1378.49
1406.93
1476.88
1548.82
1601.56
1599.71
1526.53
1438.80
1322.86
1212.76
1130.79
1079.82
1047.88
1035.82
1047.43
1082.25
1157.38
1224.00
1270.73
1261.51
1229.50
1206.60
1209.14
1227.00
1251.16
1322.38
1422.20
1510.84
1566.78
1566.50
1506.29
1425.21
1321.97
1224.67
1147.14
1093.69
1062.88
1048.25
1050.58
1065.68
1115.12
1164.37
1246.61
1311.84
1351.68
1347.50
1349.55
1382.50
1457.06
1510.67
1563.88
1638.02
1689.93
1675.65
1582.27
1472.74
1371.95
1265.57
1181.12
1121.48
1092.99
1088.85
1120.68
1202.17
1359.67
1480.18
1554.63
1609.62
1640.67
1657.28
1647.47
1641.62
1627.51
1624.76
1656.47
1706.65
1721.29
1676.45
1591.77
1473.67
1340.26
1223.34
1149.98
1105.29
1079.69
1070.76
1096.93
1188.55
1356.41
1475.46
1524.52
1547.79
1563.65
1574.41
1558.15
1558.94
1557.87
1574.08
1601.88
1658.22
1717.48
1698.29
1607.40
1498.72
1364.57
1247.27
1162.75
1114.14
1087.58
1082.31
1108.05
1197.14
1354.75
1452.36
1474.10
1464.77
1437.31
1424.99
1399.56
1384.15
1404.69
1468.93
1560.14
1655.95
1720.80
1707.70
1618.81
1499.54
1353.09
1229.20
1148.39
1098.09
1072.23
1068.17
1096.28
1181.33
1349.68
1447.48
1444.76
1416.69
1389.27
1390.80
1435.79
1455.78
1504.69
1566.79
1620.13
1674.42
1721.30
1719.62
1636.36
1524.78
1384.98
1260.14
1171.87
1119.10
1092.22
1082.42
1103.58
1188.98
1336.42
1434.82
1449.30
1424.75
1396.49
1385.38
1378.77
1403.65
1430.14
1491.66
1566.33
1627.15
1673.73
1646.64
1575.06
1488.71
1374.96
1266.58
1179.32
1122.41
1088.80
1071.09
1077.32
1103.44
1173.44
1244.75
1309.90
1333.43
1362.83
1355.61
1330.68
1333.52
1334.15
1361.65
1418.84
1485.77
1551.81
1533.69
1466.94
1388.57
1288.60
1194.35
1120.56
1071.30
1041.91
1026.08
1030.62
1055.07
1109.07
1168.57
1243.89
1317.22
1368.67
1399.67
1422.44
1442.95
1450.55
1454.06
1494.98
1549.41
1585.66
1548.34
1478.76
1395.24
1289.40
1195.09
1125.52
1079.07
1055.81
1048.47
1073.35
1138.56
1238.83
1328.04
1399.26
1440.31
1430.75
1403.61
1409.70
1427.92
1455.57
1518.50
1590.54
1681.01
1759.19
1726.16
1625.40
1505.75
1368.08
1247.21
1165.79
1110.44
1078.65
1069.58
1095.22
1180.89
1340.22
1437.81
1448.92
1430.40
1416.85
1423.38
1423.45
1453.96
1500.37
1594.11
1648.49
1725.44
1783.85
1744.66
1650.64
1529.22
1386.53
1261.48
1174.75
1125.65
1096.41
1087.23
1111.73
1198.20
1354.10
1446.30
1459.56
1440.12
1420.07
1415.19
1422.75
1459.80
1513.69
1592.73
1708.71
1771.13
1823.71
1798.33
1701.98
1566.99
1444.17
1312.03
1235.67
1191.68
1147.41
1115.78
1149.30
1237.85
1401.03
1464.63
1478.63
1468.63
1450.80
1451.90
1471.62
1494.08
1535.48
1607.34
1682.08
1730.56
1785.33
1750.73
1675.51
1555.37
1411.75
1291.75
1204.98
1150.71
1118.92
1106.86
1127.27
1207.47
1365.82
1463.60
1484.79
1484.87
1486.33
1505.06
1529.03
1550.81
1589.36
1619.62
1650.08
1683.02
1716.39
1690.41
1618.25
1529.45
1419.76
1318.16
1233.51
1170.50
1138.38
1121.19
1131.93
1165.43
1243.90
1318.80
1406.55
1439.95
1429.78
1464.67
1491.25
1500.48
1530.51
1542.93
1602.57
1661.54
1721.59
1695.81
1636.36
1568.12
1460.30
1350.73
1246.59
1163.61
1118.06
1091.09
1081.89
1094.46
1133.26
1175.37
1214.55
1217.47
1199.12
1189.70
1200.44
1232.94
1281.85
1351.86
1438.64
1529.04
1602.60
1548.54
1490.98
1379.93
1259.52
1152.22
1078.96
1036.62
1018.29
1017.19
1048.44
1141.49
1314.29
1421.17
1416.94
1362.71
1306.11
1278.78
1269.58
1290.14
1334.64
1405.52
1498.72
1610.92
1695.89
1653.00
1559.21
1443.42
1309.82
1197.16
1121.14
1075.76
1055.75
1053.16
1083.54
1180.56
1359.89
1467.21
1452.95
1387.97
1316.77
1286.94
1272.44
1280.44
1305.16
1369.00
1477.88
1604.40
1695.90
1661.24
1572.11
1457.06
1317.67
1204.19
1126.84
1077.63
1056.79
1052.11
1086.48
1180.71
1352.76
1459.04
1449.63
1397.09
1345.18
1343.14
1353.56
1346.28
1383.86
1461.99
1549.52
1638.49
1719.67
1674.15
1585.71
1463.65
1320.43
1206.79
1130.46
1085.65
1062.27
1057.30
1087.42
1171.39
1333.79
1431.95
1449.37
1439.76
1387.98
1369.54
1375.76
1385.33
1420.77
1491.61
1583.46
1658.32
1716.87
1676.58
1596.15
1492.26
1357.41
1236.79
1154.85
1105.27
1078.62
1071.63
1100.65
1189.37
1357.41
1463.39
1508.89
1488.40
1448.60
1425.28
1421.66
1440.92
1449.73
1497.09
1550.01
1614.30
1660.36
1613.16
1535.82
1447.59
1333.77
1220.27
1129.94
1071.84
1037.16
1023.07
1028.82
1066.08
1142.63
1229.01
1288.65
1265.18
1219.03
1188.28
1169.40
1179.17
1233.23
1277.44
1369.11
1468.60
1532.51
1490.57
1429.34
1349.46
1255.40
1163.57
1089.92
1040.86
1013.83
1005.13
1013.38
1043.18
1107.46
1176.11
1219.63
1205.53
1174.59
1147.43
1145.41
1149.49
1183.09
1272.16
1393.42
1502.22
1605.26
1571.40
1488.60
1382.27
1257.80
1150.52
1083.10
1044.09
1027.78
1029.34
1063.23
1158.76
1335.82
1480.71
1555.01
1605.62
1634.62
1612.06
1563.82
1556.22
1550.64
1561.75
1614.92
1699.89
1720.96
1668.83
1577.42
1460.21
1325.45
1210.76
1133.97
1090.63
1069.75
1060.39
1088.07
1180.88
1352.51
1478.41
1531.04
1556.78
1568.46
1589.98
1581.31
1599.50
1600.54
1616.00
1647.25
1714.18
1727.98
1656.15
1567.70
1451.78
1320.84
1201.36
1122.38
1063.30
1008.76
957.43
888.92
850.71
885.58
934.88
963.52
996.18
1027.29
1045.50
1050.30
1071.99
1067.05
1068.70
1100.25
1146.83
1179.00
1169.08
1120.03
1059.82
971.47
899.87
851.65
822.45
814.79
813.81
849.97
926.81
1055.33
1152.77
1205.11
1236.00
1243.48
1252.22
1263.30
1293.03
1294.97
1310.46
1361.64
1450.34
1504.57
1479.51
1444.91
1358.00
1240.29
1132.69
1066.62
1022.11
1003.99
1005.54
1032.59
1118.77
1267.94
1379.86
1426.56
1447.32
1463.76
1460.87
1444.02
1434.95
1463.93
1469.92
1506.58
1585.75
1635.65
1597.06
1532.92
1450.70
1340.01
1230.71
1147.79
1094.91
1062.34
1053.27
1059.54
1094.83
1171.72
1258.46
1359.15
1441.29
1506.41
1530.30
1505.76
1517.67
1516.62
1516.62
1555.52
1618.92
1620.26
1556.89
1486.53
1406.12
1308.44
1210.32
1138.17
1082.91
1051.66
1036.47
1036.73
1055.79
1111.22
1173.03
1258.07
1301.97
1294.80
1288.42
1287.61
1312.49
1340.66
1386.53
1457.60
1513.31
1523.33
1482.40
1448.85
1375.92
1264.50
1162.63
1088.11
1043.38
1022.94
1020.96
1060.17
1159.98
1327.53
1457.05
1456.70
1404.77
1329.84
1291.43
1276.62
1290.21
1314.83
1379.17
1497.87
1632.32
1720.54
1664.18
1579.83
1472.46
1341.36
1231.97
1156.46
1114.82
1099.84
1102.54
1143.49
1236.11
1421.65
1554.19
1569.15
1471.18
1402.47
1378.20
1395.93
1468.73
1507.03
1522.54
1583.09
1699.27
1753.96
1702.25
1611.92
1494.33
1360.57
1240.57
1165.80
1121.13
1103.86
1110.25
1151.20
1254.18
1445.70
1571.42
1535.98
1400.07
1290.50
1210.64
1185.26
1225.20
1277.74
1370.14
1522.82
1688.61
1765.19
1726.31
1657.95
1551.15
1411.81
1290.09
1213.35
1177.39
1161.30
1173.47
1214.38
1325.07
1514.59
1646.62
1619.23
1490.42
1373.99
1329.66
1333.47
1340.56
1365.85
1473.74
1594.05
1735.11
1792.18
1745.77
1676.02
1564.88
1427.81
1306.40
1222.05
1175.41
1157.38
1158.75
1197.15
1300.01
1482.52
1601.89
1595.02
1510.20
1401.14
1336.26
1297.03
1288.70
1298.76
1392.58
1525.43
1656.47
1725.73
1691.45
1634.75
1557.29
1454.65
1347.26
1277.94
1234.16
1210.91
1211.13
1235.59
1286.17
1371.96
1472.62
1511.28
1453.19
1361.34
1292.13
1247.56
1232.09
1251.75
1326.25
1445.39
1576.16
1647.24
1606.86
1557.86
1494.42
1407.95
1322.17
1250.08
1197.56
1181.64
1187.32
1207.49
1259.61
1334.75
1394.09
1387.76
1333.48
1267.94
1249.20
1267.47
1305.34
1366.95
1449.35
1586.00
1685.08
1653.28
1620.82
1540.05
1439.30
1334.22
1231.31
1171.61
1140.61
1128.82
1143.49
1197.05
1312.64
1492.31
1542.77
1445.21
1364.38
1329.83
1325.39
1328.04
1377.74
1472.36
1590.72
1697.98
1789.56
1759.48
1704.37
1615.00
1500.59
1368.07
1261.23
1182.07
1155.57
1141.32
1153.93
1204.07
1313.59
1488.70
1523.95
1424.64
1363.27
1314.47
1299.72
1308.81
1327.78
1399.66
1528.82
1646.75
1741.36
1710.89
1659.03
1565.86
1455.96
1314.59
1203.38
1120.46
1081.18
1067.47
1069.55
1109.68
1211.66
1382.21
1481.54
1496.62
1463.54
1356.10
1337.83
1343.42
1373.97
1418.40
1498.30
1612.77
1714.94
1681.41
1621.97
1538.86
1447.04
1329.97
1233.34
1167.89
1130.52
1121.39
1128.41
1171.36
1272.97
1410.28
1480.34
1449.41
1392.34
1352.94
1335.85
1351.32
1387.32
1449.15
1533.95
1661.87
1755.73
1723.83
1664.21
1583.60
1472.56
1342.78
1236.98
1163.56
1118.98
1100.78
1095.78
1123.58
1222.61
1377.38
1491.75
1548.83
1576.35
1625.86
1639.05
1634.33
1645.19
1643.87
1651.42
1697.92
1729.55
1674.26
1595.53
1512.50
1419.20
1311.73
1211.47
1140.08
1103.57
1081.85
1081.35
1103.38
1152.78
1252.15
1292.12
1256.97
1226.86
1199.78
1188.05
1192.99
1244.45
1334.30
1452.57
1557.87
1606.10
1571.11
1515.71
1465.46
1398.19
1312.60
1228.61
1166.46
1127.30
1109.31
1107.41
1121.75
1165.01
1228.29
1258.50
1225.60
1208.24
1236.48
1380.26
1415.46
1435.03
1492.51
1526.54
1653.53
1735.08
1708.54
1652.96
1565.09
1460.21
1335.48
1232.99
1160.86
1126.52
1116.96
1125.17
1171.59
1285.13
1459.10
1547.46
1480.01
1416.55
1378.39
1402.85
1422.01
1457.92
1529.57
1616.65
1741.83
1838.30
1814.29
1758.87
1676.41
1556.15
1418.17
1306.89
1233.26
1196.91
1181.42
1194.20
1242.09
1355.47
1542.01
1611.55
1543.01
1456.80
1406.38
1367.51
1375.00
1418.64
1490.49
1607.72
1758.35
1855.22
1836.46
1786.97
1703.24
1594.82
1446.00
1334.17
1268.88
1235.07
1225.39
1231.82
1282.87
1401.34
1581.22
1638.71
1535.86
1423.72
1398.28
1428.76
1528.51
1576.58
1587.25
1634.32
1762.17
1846.24
1816.60
1770.29
1667.83
1544.54
1393.18
1267.78
1188.12
1136.16
1111.77
1105.98
1138.26
1240.03
1413.41
1481.96
1441.33
1378.57
1331.07
1315.77
1324.58
1366.28
1439.31
1518.48
1642.51
1738.15
1713.11
1653.95
1570.19
1463.48
1331.68
1218.14
1128.10
1084.22
1067.91
1071.33
1112.58
1219.47
1397.05
1483.73
1449.24
1389.39
1377.71
1360.20
1368.90
1412.13
1476.08
1581.80
1713.06
1795.60
1767.01
1707.83
1641.23
1548.57
1436.40
1332.05
1263.31
1221.98
1202.31
1202.49
1229.98
1289.60
1389.69
1452.83
1440.49
1391.57
1333.66
1300.77
1296.65
1331.14
1411.61
1514.78
1660.11
1747.14
1719.60
1667.28
1610.93
1527.16
1418.00
1318.61
1242.07
1190.69
1167.23
1152.41
1161.07
1193.83
1257.41
1334.28
1416.71
1478.70
1461.71
1463.65
1433.39
1428.39
1432.89
1509.52
1668.20
1752.55
1717.63
1639.59
1554.46
1437.02
1310.93
1202.04
1126.10
1082.17
1061.81
1061.92
1099.84
1201.06
1382.45
1506.60
1576.44
1601.55
1593.98
1607.81
1606.43
1596.82
1606.39
1655.74
1762.52
1840.50
1814.56
1748.10
1672.87
1564.21
1428.51
1315.45
1236.80
1198.55
1187.34
1200.57
1252.14
1368.58
1558.52
1658.07
1655.08
1629.94
1556.94
1519.90
1472.45
1501.29
1581.05
1698.75
1856.62
1947.42
1936.22
1902.89
1842.60
1737.74
1598.14
1480.77
1399.95
1355.53
1338.12
1338.61
1379.85
1481.11
1643.42
1735.67
1704.40
1629.67
1573.82
1537.97
1522.61
1554.81
1627.83
1722.74
1856.23
1927.74
1893.98
1852.24
1790.90
1690.43
1561.73
1438.60
1353.41
1297.66
1270.99
1260.00
1274.40
1325.69
1403.45
1477.32
1515.03
1513.97
1529.28
1562.91
1552.67
1464.47
1457.85
1459.08
1494.36
1512.90
1492.82
1481.18
1456.44
1414.90
1333.22
1243.03
1173.70
1128.72
1108.45
1108.01
1132.68
1199.48
1288.28
1366.55
1463.30
1553.93
1599.05
1641.49
1597.57
1627.73
1640.14
1661.10
1731.99
1778.47
1750.43
1706.67
1655.06
1578.09
1473.50
1375.83
1294.39
1244.58
1221.17
1217.01
1234.10
1284.53
1358.72
1427.23
1447.48
1427.24
1397.76
1378.25
1381.19
1413.73
1488.41
1600.91
1757.48
1844.03
1826.59
1778.43
1730.33
1652.60
1545.75
1444.44
1366.49
1320.76
1296.58
1286.11
1297.62
1330.70
1391.13
1455.43
1504.22
1513.22
1534.46
1576.85
1658.92
1701.46
1729.62
1758.73
1872.10
1920.47
1878.95
1814.97
1722.80
1605.94
1459.12
1349.25
1272.56
1241.63
1229.01
1230.58
1289.12
1399.85
1577.31
1685.99
1697.95
1680.18
1666.69
1705.83
1644.87
1651.93
1690.12
1766.60
1909.13
1997.32
1975.58
1934.43
1857.72
1738.57
1587.35
1465.59
1392.66
1355.50
1343.61
1346.87
1392.84
1504.69
1698.41
1785.25
1734.23
1641.63
1578.49
1556.40
1574.74
1659.21
1715.49
1781.82
1919.10
1994.18
1974.35
1934.17
1843.63
1708.48
1553.71
1420.81
1346.07
1298.04
1280.69
1284.93
1330.48
1452.24
1633.45
1725.71
1697.39
1603.45
1558.79
1605.45
1543.10
1567.05
1603.94
1694.59
1861.14
1979.81
1974.12
1922.01
1843.34
1724.43
1560.90
1429.19
1343.48
1292.64
1267.93
1265.11
1302.22
1397.71
1568.97
1675.72
1697.01
1676.55
1627.82
1512.23
1470.10
1575.77
1603.97
1657.67
1779.38
1864.04
1836.37
1770.51
1692.17
1568.42
1423.34
1301.31
1213.39
1169.51
1152.74
1159.02
1192.89
1314.14
1497.25
1607.19
1616.09
1534.02
1484.49
1482.31
1491.29
1490.12
1553.57
1662.18
1820.74
1907.21
1889.80
1841.72
1780.27
1690.05
1574.12
1455.91
1367.67
1317.94
1292.48
1287.56
1309.71
1365.93
1449.73
1536.56
1617.33
1666.56
1634.93
1582.31
1587.91
1609.52
1612.84
1654.15
1797.05
1866.75
1846.77
1801.87
1736.01
1646.42
1518.67
1399.43
1315.40
1261.55
1235.75
1228.52
1239.15
1277.12
1337.29
1389.35
1406.24
1390.91
1364.47
1356.11
1381.99
1395.80
1471.60
1573.07
1773.96
1893.87
1884.94
1831.15
1757.77
1648.42
1486.60
1346.59
1255.33
1209.32
1183.90
1180.10
1214.43
1318.84
1494.49
1604.29
1644.17
1657.71
1650.28
1638.41
1550.26
1537.31
1559.96
1620.10
1778.59
1883.91
1861.50
1795.27
1697.06
1563.03
1414.18
1286.22
1198.20
1158.65
1149.27
1163.72
1213.49
1329.76
1529.97
1639.67
1612.12
1549.51
1499.29
1505.03
1533.45
1517.59
1582.74
1685.88
1875.02
1996.54
1990.00
1951.01
1871.86
1742.18
1576.18
1439.77
1353.35
1304.22
1283.51
1285.47
1317.36
1432.22
1618.11
1738.72
1774.04
1791.68
1803.34
1826.41
1834.14
1844.51
1840.87
1869.85
1983.13
2053.19
2025.75
1975.94
1886.86
1750.80
1595.37
1461.50
1369.78
1332.82
1321.19
1324.46
1373.43
1495.53
1683.35
1800.14
1816.27
1742.89
1646.12
1599.37
1593.72
1704.31
1755.28
1844.03
1987.06
2046.84
2024.84
1992.25
1916.59
1792.40
1628.57
1487.91
1405.70
1358.45
1334.45
1330.00
1362.98
1472.02
1648.01
1771.39
1827.74
1845.44
1856.57
1815.50
1754.71
1738.58
1715.92
1762.61
1888.80
1955.81
1919.46
1865.02
1795.10
1704.57
1572.30
1442.36
1349.84
1288.74
1254.76
1238.19
1248.48
1286.50
1366.63
1466.61
1573.28
1650.13
1682.74
1701.78
1699.94
1681.15
1658.52
1655.83
1750.21
1784.68
1741.85
1669.18
1602.91
1519.25
1395.00
1275.52
1182.87
1119.56
1094.53
1092.15
1108.73
1154.67
1230.59
1307.90
1403.30
1468.66
1411.32
1319.41
1328.09
1375.07
1457.03
1585.37
1781.56
1901.08
1892.98
1846.39
1787.58
1671.30
1520.95
1389.52
1295.86
1249.88
1229.32
1235.00
1287.28
1398.28
1578.09
1693.36
1719.08
1739.61
1753.94
1757.52
1666.87
1536.97
1579.72
1670.29
1845.55
1976.65
1962.35
1902.62
1812.27
1686.30
1519.11
1376.12
1285.74
1235.90
1214.66
1217.92
1263.19
1366.48
1554.77
1653.35
1617.26
1532.85
1514.27
1439.24
1419.46
1453.13
1531.57
1634.87
1817.44
1952.61
1952.82
1908.16
1833.10
1715.54
1552.74
1416.25
1329.43
1291.49
1278.99
1294.44
1340.46
1464.12
1656.18
1762.05
1748.66
1683.77
1643.19
1564.73
1548.06
1630.83
1633.99
1734.87
1907.74
2000.87
1980.91
1912.54
1826.70
1694.40
1515.67
1368.73
1250.20
1191.77
1159.80
1149.26
1168.42
1264.26
1447.37
1571.84
1596.35
1616.76
1624.28
1624.79
1597.98
1572.80
1531.10
1591.70
1744.30
1842.61
1859.84
1788.31
1741.81
1624.91
1446.09
1310.84
1207.34
1152.39
1121.15
1116.66
1148.41
1246.30
1420.53
1518.42
1498.75
1428.40
1359.45
1334.17
1330.43
1373.20
1453.96
1553.09
1709.78
1808.39
1792.55
1741.01
1675.52
1594.56
1469.01
1344.07
1257.07
1207.06
1184.89
1179.82
1202.61
1250.94
1344.36
1437.46
1551.46
1609.45
1638.20
1654.31
1674.24
1692.66
1715.75
1760.40
1873.12
1918.11
1885.67
1826.33
1771.77
1691.30
1539.66
1414.33
1306.27
1237.66
1201.09
1186.96
1194.58
1237.72
1314.88
1404.54
1506.41
1583.84
1629.62
1679.39
1712.36
1713.65
1716.90
1771.44
1923.72
2036.17
2026.46
1985.27
1918.12
1804.96
1652.88
1525.76
1435.74
1388.99
1374.78
1383.05
1434.03
1552.81
1743.15
1862.44
1847.25
1770.42
1692.99
1641.04
1623.93
1649.91
1710.71
1823.74
2006.47
2129.00
2120.52
2087.02
2008.21
1878.07
1712.60
1563.25
1455.93
1395.03
1367.51
1362.76
1392.77
1501.13
1682.29
1789.05
1767.71
1704.82
1645.36
1630.33
1622.22
1654.13
1697.61
1770.12
1943.09
2047.44
2045.10
2011.91
1931.62
1814.46
1645.04
1489.80
1382.93
1318.84
1285.90
1277.86
1306.47
1402.65
1566.90
1685.25
1739.39
1765.22
2348.83
2899.73
1755.45
1724.88
1749.06
1779.42
2569.08
2097.21
2015.80
1979.78
1914.38
1811.35
1659.45
1939.77
2442.51
2332.81
1349.93
1354.25
1390.69
1488.60
1650.61
1849.71
1996.42
2615.81
3080.75
3026.99
2622.71
2394.08
1751.47
2494.69
2132.00
2225.92
2208.68
2051.42
1995.11
1899.49
1756.03
1609.06
1499.41
1428.69
1395.71
1391.30
1412.81
1470.28
1560.07
1661.73
1781.01
1869.64
1925.19
1964.69
1974.26
1966.98
1957.96
1968.87
2041.71
2042.71
1962.40
1889.61
1827.04
1756.73
1660.30
1546.75
1444.59
1377.84
1340.40
1326.15
1325.47
1354.28
1413.99
1507.08
1620.19
1711.87
1746.94
1783.36
1799.82
1782.31
1733.85
1716.69
1766.94
1781.49
1754.53
1722.01
1685.78
1617.74
1518.13
1416.75
1333.45
1280.36
1255.07
1248.18
1256.24
1290.31
1347.89
1415.65
1494.25
1511.90
1580.87
1658.36
1699.70
1688.84
1661.74
1700.19
1842.80
1942.51
1922.92
1870.78
1800.89
1708.46
1583.73
1470.73
1392.38
1347.87
1330.74
1334.83
1373.09
1444.42
1566.23
1652.62
1684.30
1747.29
1822.26
1853.32
1806.37
1801.47
1761.37
1836.93
1980.41
2076.31
2041.47
1968.52
1881.65
1760.27
1608.94
1474.40
1376.97
1319.42
1297.88
1293.59
1323.43
1400.00
1519.64
1622.99
1710.85
1761.40
1764.52
1702.34
1612.04
1602.91
1657.88
1743.62
1889.92
1986.29
1950.11
1883.56
1797.02
1684.01
1534.74
1410.80
1323.22
1270.99
1247.91
1247.93
1280.98
1363.53
1484.07
1590.57
1657.07
1708.96
1734.79
1735.96
1724.15
1732.41
1748.19
1772.92
1903.09
1982.29
1940.65
1871.67
1784.99
1672.90
1526.00
1394.53
1306.90
1253.30
1225.65
1219.27
1247.01
1321.46
1439.31
1549.00
1632.32
1690.05
1725.20
1747.63
1741.60
1747.81
1747.05
1764.10
1869.32
1935.56
1892.50
1821.87
1744.21
1634.83
1496.04
1370.80
1278.13
1219.53
1189.18
1180.05
1200.93
1253.79
1334.89
1407.65
1480.81
1654.45
2040.41
1753.22
1749.74
1751.52
2152.12
1961.17
2129.67
2101.94
1999.89
1847.33
1809.87
1865.34
1602.76
1493.23