1197.50
1159.89
1139.09
1138.62
1155.93
1199.66
1261.42
1326.99
1383.37
1413.01
1422.09
1406.58
1396.87
1396.85
1408.89
1449.44
1558.36
1613.75
1570.73
1502.86
1428.75
1350.24
1262.22
1194.99
1147.90
1116.87
1101.81
1099.46
1113.63
1148.25
1213.76
1290.96
1386.63
1464.46
1515.83
1535.27
1537.06
1502.01
1486.27
1499.06
1565.77
1629.86
1580.79
1506.45
1432.64
1344.80
1263.43
1204.68
1158.30
1128.48
1117.79
1116.93
1140.44
1178.35
1244.72
1323.00
1396.65
1452.71
1482.13
1510.08
1511.31
1508.91
1509.38
1529.27
1630.35
1672.73
1618.20
1541.29
1451.05
1351.50
1259.43
1200.09
1151.62
1130.73
1128.33
1129.25
1169.72
1258.20
1390.73
1497.15
1551.68
1574.41
1580.25
1579.85
1541.61
1527.17
1512.29
1523.37
1604.68
1674.34
1636.60
1575.09
1486.12
1380.18
1286.65
1221.73
1165.09
1139.00
1128.22
1131.51
1162.39
1254.55
1396.81
1484.35
1537.69
1561.91
1578.93
1575.05
1554.73
1551.16
1536.15
1548.12
1612.73
1673.82
1637.63
1556.06
1487.71
1370.21
1281.79
1204.90
1152.74
1127.36
1117.41
1122.96
1164.46
1249.10
1387.66
1488.26
1540.91
1551.50
1546.34
1529.19
1530.91
1506.27
1508.82
1517.31
1571.48
1663.35
1619.65
1564.61
1493.28
1394.50
1287.63
1209.30
1163.83
1138.06
1127.74
1135.44
1171.47
1265.96
1409.88
1507.74
1536.53
1528.40
1511.73
1479.23
1463.77
1469.71
1463.39
1493.58
1578.46
1663.55
1634.50
1574.79
1497.45
1401.28
1302.92
1236.91
1192.01
1168.20
1158.32
1166.37
1209.56
1300.09
1443.10
1545.78
1577.28
1561.03
1532.37
1502.31
1472.15
1469.00
1468.16
1498.35
1568.13
1644.70
1613.25
1536.53
1483.32
1412.11
1327.41
1257.76
1211.54
1193.03
1176.48
1179.86
1194.65
1235.58
1309.22
1383.46
1440.68
1485.17
1493.64
1492.38
1480.89
1464.35
1450.98
1472.04
1545.37
1614.50
1564.08
1497.24
1438.53
1349.96
1279.02
1212.70
1160.15
1133.43
1133.02
1135.10
1152.44
1186.50
1267.13
1340.28
1409.51
1450.69
1444.46
1423.09
1411.24
1399.73
1400.94
1440.05
1554.84
1638.61
1600.04
1527.24
1457.93
1362.47
1290.02
1230.73
1193.26
1174.82
1184.10
1199.64
1243.79
1343.81
1532.35
1607.04
1622.34
1599.56
1563.59
1561.54
1573.75
1578.63
1565.21
1569.92
1623.11
1690.79
1655.77
1567.30
1476.53
1374.57
1280.31
1221.82
1190.50
1168.17
1164.53
1165.97
1199.10
1297.16
1439.45
1526.65
1563.20
1564.12
1534.87
1491.72
1465.64
1458.18
1455.12
1477.64
1567.29
1653.13
1620.85
1541.57
1452.53
1355.09
1254.35
1192.73
1147.69
1121.76
1113.83
1106.81
1142.74
1238.80
1383.47
1485.04
1530.37
1552.82
1547.99
1531.95
1532.26
1531.11
1525.15
1530.10
1597.02
1658.22
1609.81
1534.67
1443.05
1350.60
1233.98
1167.92
1115.39
1084.25
1076.04
1084.69
1131.41
1230.37
1369.16
1464.92
1510.80
1524.55
1530.80
1539.33
1525.96
1507.69
1498.39
1511.42
1574.34
1640.32
1600.56
1526.05
1448.72
1354.14
1251.14
1183.73
1138.11
1108.14
1095.93
1094.98
1124.98
1207.42
1347.30
1449.44
1469.66
1458.81
1442.80
1411.45
1398.56
1379.38
1383.09
1401.57
1482.80
1557.27
1523.04
1460.54
1388.34
1304.41
1220.07
1154.22
1099.84
1061.57
1052.44
1045.20
1060.61
1104.17
1173.98
1271.22
1363.42
1446.01
1503.65
1535.00
1542.53
1517.30
1490.09
1489.78
1519.38
1551.84
1489.68
1408.72
1328.38
1245.39
1177.58
1117.23
1074.38
1050.28
1036.44
1033.39
1054.89
1090.77
1156.45
1238.66
1330.03
1383.51
1407.13
1421.35
1425.80
1406.31
1410.51
1431.64
1497.69
1570.28
1532.32
1449.39
1369.61
1278.27
1186.39
1124.87
1080.04
1052.10
1046.66
1056.08
1094.31
1168.37
1279.44
1374.41
1434.82
1461.51
1478.76
1484.90
1491.88
1472.65
1461.75
1477.68
1559.87
1661.14
1619.46
1545.62
1468.80
1377.97
1283.34
1226.08
1194.09
1197.91
1192.90
1202.23
1249.72
1351.12
1509.49
1607.02
1605.41
1585.85
1577.14
1579.31
1546.30
1508.00
1489.38
1508.44
1574.45
1658.78
1636.68
1563.87
1474.55
1384.74
1292.47
1231.20
1194.06
1173.67
1166.27
1174.24
1217.74
1302.85
1445.79
1535.26
1572.69
1576.42
1553.48
1501.48
1474.17
1495.39
1514.95
1518.40
1581.19
1663.73
1630.47
1573.92
1519.24
1405.09
1319.51
1257.99
1221.81
1198.14
1195.29
1204.91
1251.16
1346.77
1495.51
1602.89
1640.22
1643.29
1619.26
1598.03
1595.98
1599.96
1565.70
1567.64
1623.67
1686.01
1647.08
1585.83
1514.25
1401.93
1292.94
1233.65
1188.20
1163.46
1153.69
1157.21
1194.10
1277.25
1408.16
1502.94
1547.46
1547.70
1529.84
1488.36
1456.24
1441.21
1431.97
1447.79
1510.34
1575.29
1539.30
1489.30
1428.71
1354.04
1253.60
1197.79
1145.63
1120.03
1098.47
1103.99
1131.99
1180.11
1264.19
1357.24
1433.13
1475.07
1475.47
1457.55
1428.46
1420.40
1438.46
1479.54
1568.31
1667.95
1638.54
1585.87
1520.76
1446.89
1375.55
1332.62
1288.58
1257.88
1242.13
1241.05
1261.37
1298.41
1363.28
1448.13
1525.90
1567.10
1571.12
1539.99
1542.45
1510.23
1520.74
1555.89
1638.18
1724.48
1689.46
1629.49
1548.15
1443.33
1352.50
1277.12
1231.58
1210.36
1210.76
1221.78
1263.69
1360.28
1515.69
1606.96
1615.87
1603.04
1562.72
1547.03
1521.93
1497.92
1503.71
1525.60
1606.26
1707.25
1678.01
1616.97
1545.48
1444.56
1338.11
1276.14
1207.91
1199.75
1196.93
1217.82
1237.03
1350.79
1514.25
1591.20
1596.48
1586.14
1544.88
1505.15
1478.25
1481.80
1503.79
1524.69
1591.86
1663.15
1623.93
1544.54
1470.58
1378.62
1281.41
1224.54
1175.45
1148.05
1118.66
1125.00
1161.89
1244.93
1387.58
1474.49
1521.89
1540.33
1537.23
1532.89
1534.17
1528.86
1515.54
1524.06
1555.18
1648.98
1626.35
1546.74
1469.32
1373.97
1290.47
1211.59
1168.86
1145.24
1122.81
1120.23
1160.09
1251.72
1391.02
1479.13
1534.53
1547.81
1556.64
1572.33
1576.74
1560.37
1555.04
1547.17
1588.98
1670.17
1645.17
1595.78
1524.29
1434.81
1354.98
1290.85
1251.10
1236.57
1238.17
1241.85
1282.56
1390.95
1536.30
1634.49
1684.16
1693.95
1696.02
1700.90
1659.97
1608.37
1589.10
1587.83
1636.22
1724.38
1702.96
1637.53
1572.31
1500.72
1410.94
1346.06
1297.76
1290.65
1271.34
1290.35
1307.51
1348.29
1422.06
1504.69
1577.51
1606.61
1582.13
1557.36
1526.08
1506.48
1512.04
1541.24
1615.87
1724.43
1703.44
1642.06
1575.19
1506.65
1426.59
1372.91
1330.18
1305.98
1301.00
1304.31
1329.80
1371.12
1441.60
1525.74
1599.91
1616.75
1586.11
1571.69
1537.90
1501.55
1501.70
1542.86
1627.15
1751.96
1716.94
1659.67
1581.12
1481.18
1388.24
1341.93
1290.86
1287.72
1282.82
1295.04
1340.78
1444.87
1587.90
1692.08
1719.67
1717.56
1692.93
1677.15
1668.08
1663.60
1644.87
1641.56
1678.10
1741.11
1708.32
1621.38
1530.17
1420.11
1324.55
1238.65
1203.29
1170.28
1157.49
1162.91
1195.35
1260.72
1354.92
1437.11
1509.89
1566.75
1601.82
1625.26
1624.58
1591.36
1571.78
1579.34
1607.49
1682.02
1636.77
1560.45
1471.22
1360.84
1260.08
1196.55
1152.19
1126.10
1114.25
1120.62
1150.16
1229.99
1388.61
1479.41
1538.91
1524.61
1508.44
1511.00
1514.59
1506.82
1497.32
1498.60
1529.79
1618.59
1585.88
1519.10
1455.55
1351.02
1285.04
1213.62
1170.18
1129.07
1105.53
1106.47
1138.55
1236.71
1377.59
1473.46
1514.41
1528.17
1484.38
1476.50
1478.87
1487.12
1471.22
1471.48
1511.43
1582.57
1571.37
1523.90
1457.85
1365.03
1273.18
1217.57
1163.33
1151.53
1138.03
1149.52
1192.14
1301.46
1437.09
1528.27
1593.18
1590.74
1578.75
1592.48
1607.77
1578.15
1543.39
1526.73
1535.21
1594.77
1594.79
1512.18
1430.06
1348.42
1286.90
1201.85
1160.33
1131.74
1119.33
1123.88
1141.24
1186.44
1262.36
1342.42
1402.59
1432.86
1416.17
1412.10
1389.95
1366.04
1363.70
1401.45
1440.81
1555.27
1541.90
1490.61
1422.46
1351.72
1267.61
1205.75
1181.41
1160.46
1154.24
1165.09
1173.74
1222.02
1282.49
1371.42
1467.68
1518.24
1535.41
1564.47
1568.45
1567.81
1566.92
1586.36
1625.24
1691.92
1636.56
1533.08
1452.34
1373.12
1301.17
1239.12
1178.95
1158.06
1150.40
1169.48
1205.50
1309.73
1450.03
1547.46
1583.70
1592.03
1581.36
1558.61
1550.95
1531.11
1520.38
1537.48
1587.45
1717.34
1701.00
1656.56
1578.87
1483.25
1387.57
1338.02
1295.45
1277.55
1266.21
1267.42
1302.03
1397.01
1568.35
1653.09
1692.89
1674.28
1654.37
1650.48
1643.59
1636.92
1623.12
1623.25
1656.87
1748.74
1723.88
1654.45
1583.28
1491.83
1400.98
1318.58
1288.64
1272.62
1289.21
1304.72
1353.91
1437.89
1589.22
1697.55
1710.37
1683.67
1640.06
1606.65
1596.93
1593.20
1579.74
1586.10
1620.07
1724.51
1725.01
1667.64
1588.92
1488.45
1381.73
1306.42
1258.26
1243.35
1232.11
1229.79
1276.27
1385.94
1538.45
1627.16
1653.94
1631.51
1601.18
1567.78
1547.13
1548.48
1536.04
1542.23
1590.37
1702.92
1713.19
1658.14
1580.26
1500.17
1416.45
1341.94
1312.52
1301.81
1303.45
1307.76
1355.13
1441.48
1586.11
1680.65
1697.48
1670.50
1632.94
1610.52
1589.27
1582.08
1574.95
1576.33
1592.25
1686.57
1689.44
1645.01
1583.99
1508.60
1441.51
1352.01
1316.33
1294.87
1286.24
1290.31
1314.83
1358.80
1429.42
1504.20
1565.20
1583.40
1539.93
1507.20
1484.24
1453.91
1449.96
1473.10
1523.00
1637.95
1642.72
1593.46
1513.12
1422.03
1340.09
1270.09
1251.97
1208.71
1194.52
1197.47
1196.05
1217.52
1291.60
1403.48
1490.11
1563.04
1576.48
1574.32
1558.37
1532.92
1513.59
1512.47
1543.87
1636.11
1630.67
1562.39
1477.96
1393.70
1323.00
1247.37
1218.65
1200.70
1186.12
1189.38
1220.70
1288.62
1396.38
1486.71
1530.76
1547.81
1559.81
1573.63
1572.49
1573.21
1574.78
1578.90
1618.02
1690.82
1667.67
1592.69
1495.44
1402.29
1317.77
1241.87
1190.36
1162.52
1145.52
1154.84
1175.70
1248.64
1370.29
1488.75
1561.24
1603.56
1614.59
1605.12
1600.28
1580.17
1556.06
1549.70
1578.93
1665.93
1644.82
1568.18
1473.50
1380.38
1294.99
1222.64
1188.72
1174.92
1172.78
1189.24
1225.20
1317.48
1449.42
1533.21
1575.82
1558.95
1551.17
1537.21
1520.95
1490.66
1483.02
1491.00
1549.56
1650.24
1665.06
1604.53
1522.92
1437.45
1342.19
1286.58
1262.23
1233.36
1225.72
1230.43
1266.41
1350.54
1475.49
1570.26
1620.94
1609.08
1582.78
1574.14
1576.09
1583.98
1574.54
1565.48
1584.52
1663.91
1650.64
1592.76
1513.15
1411.94
1318.02
1241.79
1214.99
1185.12
1176.13
1184.53
1212.55
1299.75
1411.02
1503.29
1564.49
1580.70
1574.04
1568.46
1557.84
1551.03
1538.67
1530.56
1549.37
1619.54
1605.13
1543.50
1470.35
1392.41
1306.29
1237.90
1189.42
1160.95
1148.40
1144.69
1160.98
1201.04
1265.18
1361.68
1451.83
1465.71
1442.84
1433.50
1412.57
1409.12
1398.33
1409.27
1447.00
1535.28
1546.02
1496.01
1437.66
1363.69
1293.77
1232.46
1194.83
1166.57
1157.44
1162.86
1183.25
1226.80
1290.94
1362.90
1422.74
1447.88
1430.72
1418.02
1387.71
1344.03
1333.38
1373.97
1441.90
1567.87
1598.88
1536.08
1456.89
1358.18
1277.79
1205.78
1199.15
1182.91
1191.06
1202.87
1246.44
1338.96
1482.55
1578.11
1628.45
1642.23
1633.53
1620.20
1594.31
1588.94
1579.24
1579.82
1597.77
1683.11
1650.32
1565.63
1458.05
1363.36
1270.52
1182.19
1144.61
1126.15
1114.02
1118.51
1162.83
1259.37
1401.90
1468.53
1488.22
1469.12
1447.59
1433.80
1441.25
1444.84
1437.86
1446.86
1474.76
1567.02
1571.98
1504.26
1415.90
1325.42
1239.10
1161.93
1127.32
1104.33
1091.96
1093.32
1135.51
1233.91
1367.31
1445.93
1452.84
1441.87
1436.54
1416.41
1382.91
1372.71
1391.61
1400.98
1434.95
1536.10
1537.78
1471.28
1389.03
1286.55
1189.44
1117.81
1091.04
1068.94
1057.24
1064.92
1100.80
1213.74
1352.61
1440.81
1463.67
1427.34
1418.54
1427.06
1422.28
1399.64
1384.69
1404.03
1474.72
1590.50
1604.71
1542.46
1469.46
1376.15
1288.93
1230.47
1203.79
1186.14
1178.85
1179.03
1222.51
1323.23
1465.88
1536.47
1547.42
1527.13
1503.73
1478.33
1437.20
1399.92
1387.35
1391.21
1434.66
1541.36
1568.93
1517.17
1461.41
1391.07
1307.34
1243.36
1208.52
1182.14
1169.89
1172.99
1190.08
1226.05
1283.04
1357.78
1410.45
1453.90
1487.87
1500.41
1485.81
1482.40
1473.72
1478.87
1492.06
1529.19
1507.54
1439.26
1374.33
1296.45
1219.83
1151.62
1126.55
1090.81
1062.23
1073.30
1097.31
1130.96
1188.36
1269.31
1342.49
1365.44
1333.09
1315.91
1297.62
1285.66
1265.49
1309.01
1376.37
1475.02
1494.67
1431.49
1355.80
1259.48
1167.62
1108.93
1061.53
1040.92
1037.04
1050.74
1095.40
1191.21
1333.99
1413.84
1460.79
1484.01
1497.42
1503.30
1494.16
1485.37
1455.12
1440.80
1455.19
1558.70
1591.64
1526.24
1450.83
1368.29
1275.46
1227.37
1204.65
1199.63
1210.32
1237.98
1282.99
1379.23
1516.52
1594.60
1612.69
1620.51
1615.49
1576.36
1552.02
1530.15
1546.10
1551.70
1603.02
1710.40
1735.66
1673.74
1583.67
1500.58
1389.48
1309.86
1287.50
1249.08
1240.03
1243.30
1275.12
1363.89
1494.81
1551.39
1542.31
1507.45
1486.33
1476.86
1476.33
1472.97
1447.96
1448.37
1486.98
1583.87
1622.89
1558.69
1484.77
1395.87
1277.06
1211.88
1188.04
1161.35
1152.12
1158.95
1209.35
1303.73
1443.02
1501.23
1493.47
1470.76
1456.00
1443.84
1427.83
1421.96
1415.21
1423.43
1478.51
1610.56
1647.17
1589.01
1519.84
1426.18
1328.35
1269.49
1224.36
1206.88
1211.53
1217.31
1257.90
1356.74
1493.22
1574.03
1588.68
1582.23
1568.14
1557.81
1538.84
1513.74
1501.41
1520.83
1577.95
1645.38
1667.31
1611.83
1546.26
1477.30
1386.27
1323.10
1267.53
1248.75
1250.68
1260.67
1284.98
1331.30
1401.82
1455.20
1484.60
1488.09
1470.02
1434.61
1403.55
1369.69
1350.90
1369.65
1423.12
1530.98
1571.47
1515.09
1444.47
1382.25
1312.98
1259.48
1212.56
1189.22
1204.32
1217.20
1235.55
1267.24
1324.25
1375.63
1417.30
1440.86
1427.16
1404.45
1388.19
1351.84
1323.74
1346.27
1425.09
1539.13
1588.69
1535.67
1447.41
1357.03
1278.15
1200.06
1168.53
1151.36
1163.40
1167.02
1223.17
1335.14
1471.67
1489.48
1493.57
1475.25
1459.24
1453.25
1435.56
1410.35
1389.10
1373.95
1419.45
1543.98
1587.80
1521.41
1444.80
1352.91
1269.86
1222.39
1159.43
1129.55
1123.29
1126.67
1169.30
1255.94
1398.93
1477.96
1462.48
1418.37
1393.21
1369.67
1389.07
1395.07
1383.49
1383.22
1426.78
1513.74
1550.07
1488.51
1409.09
1324.24
1237.04
1161.15
1112.00
1093.40
1096.71
1103.53
1158.90
1261.60
1383.51
1426.15
1425.79
1410.75
1392.31
1371.07
1348.19
1326.81
1319.01
1323.93
1370.83
1465.77
1526.58
1477.60
1401.51
1308.99
1209.64
1124.30
1089.77
1068.38
1051.62
1064.12
1099.98
1198.49
1330.44
1397.48
1417.67
1399.32
1367.68
1351.14
1303.58
1276.69
1262.94
1264.90
1307.59
1399.02
1454.49
1399.32
1319.71
1209.32
1115.19
1030.65
1002.79
980.56
972.31
972.60
1013.78
1099.94
1225.90
1284.60
1315.30
1303.75
1300.03
1281.67
1255.90
1234.94
1222.14
1227.43
1272.93
1340.77
1389.07
1348.37
1283.43
1206.21
1121.78
1059.15
1020.07
1000.98
1000.27
1019.71
1043.39
1092.45
1176.91
1247.71
1307.91
1331.00
1326.16
1317.26
1280.14
1255.60
1241.71
1259.44
1310.13
1399.65
1447.40
1401.68
1342.55
1267.25
1190.06
1133.02
1093.08
1084.53
1075.97
1073.20
1071.86
1089.04
1135.04
1181.55
1259.23
1334.66
1354.83
1407.67
1431.07
1408.43
1387.89
1383.35
1413.71
1455.65
1519.12
1558.78
1509.20
1438.38
1350.46
1244.85
1202.46
1180.86
1182.53
1195.27
1249.43
1349.63
1501.26
1594.80
1632.86
1625.28
1617.62
1620.03
1601.73
1564.64
1543.63
1556.91
1582.53
1639.98
1676.41
1681.81
1607.71
1518.94
1401.95
1310.72
1256.96
1235.12
1220.72
1221.05
1263.45
1345.94
1490.96
1577.28
1577.94
1544.96
1518.99
1491.10
1456.48
1434.76
1399.67
1399.95
1424.53
1468.67
1518.85
1538.80
1475.24
1390.08
1282.10
1196.94
1159.49
1134.79
1127.74
1135.84
1182.33
1279.75
1412.06
1495.83
1496.94
1462.85
1421.49
1390.69
1361.22
1333.68
1305.83
1299.27
1314.99
1362.99
1402.78
1424.93
1379.27
1297.79
1196.40
1119.21
1072.89
1049.26
1040.15
1045.82
1079.50
1173.64
1314.68
1411.32
1464.73
1469.95
1458.10
1444.85
1432.61
1421.85
1415.53
1410.10
1425.65
1459.33
1467.77
1458.05
1404.45
1308.22
1212.90
1139.19
1104.05
1087.19
1086.97
1104.31
1154.84
1247.30
1394.75
1499.65
1537.25
1529.44
1500.00
1475.84
1453.13
1423.94
1378.89
1354.13
1381.01
1418.66
1459.14
1486.72
1438.42
1380.00
1285.30
1208.02
1162.82
1145.00
1129.55
1135.92
1160.71
1207.09
1276.69
1347.53
1385.79
1388.38
1357.78
1316.93
1269.55
1227.49
1198.37
1194.47
1223.00
1270.73
1304.26
1341.71
1302.61
1237.28
1162.90
1097.47
1061.73
1037.28
1034.04
1040.40
1050.30
1074.71
1141.17
1220.67
1281.82
1299.03
1277.83
1253.38
1215.75
1175.25
1149.31
1150.22
1195.63
1260.88
1310.67
1354.65
1299.39
1208.11
1113.25
1047.25
1009.64
993.63
987.55
1009.66
1064.23
1171.11
1320.73
1406.09
1408.15
1389.39
1360.68
1326.60
1292.89
1259.18
1236.78
1224.65
1255.88
1317.31
1338.55
1368.86
1308.58
1231.68
1138.58
1069.18
1023.63
1001.96
1002.59
1009.42
1068.61
1148.42
1289.26
1369.61
1383.07
1375.53
1350.05
1312.16
1284.00
1258.13
1242.37
1223.95
1246.50
1299.86
1335.17
1365.14
1304.31
1208.35
1102.87
1037.26
1004.26
987.44
989.56
1004.63
1021.73
1130.23
1270.02
1360.63
1375.69
1374.90
1362.33
1321.76
1313.59
1314.90
1300.34
1277.04
1319.89
1366.09
1393.01
1400.36
1325.18
1232.20
1114.96
1041.87
986.07
955.38
948.24
959.70
992.90
1079.46
1213.91
1318.59
1372.16
1383.05
1394.02
1398.48
1381.97
1350.28
1326.16
1303.40
1329.40
1364.10
1375.99
1383.27
1313.60
1216.71
1106.17
1025.53
986.34
954.14
932.34
916.87
966.00
1061.42
1203.91
1307.01
1372.24
1396.21
1404.45
1406.73
1401.62
1385.83
1344.64
1316.51
1322.61
1359.21
1354.06
1346.83
1295.87
1208.82
1118.87
1052.52
1006.19
982.89
953.09
959.30
979.31
1020.13
1094.15
1166.97
1232.34
1266.83
1266.35
1255.41
1245.59
1219.57
1209.82
1199.42
1221.59
1265.15
1292.28
1303.14
1259.48
1182.95
1103.69
1034.64
991.81
963.68
951.72
944.97
962.39
994.07
1058.47
1146.49
1246.60
1325.98
1375.24
1389.13
1386.99
1374.14
1374.61
1395.87
1427.80
1464.27
1452.34
1413.20
1304.68
1224.95
1121.24
1043.03
1001.17
980.58
969.63
976.10
1014.14
1108.38
1255.78
1337.31
1369.80
1384.99
1373.47
1351.21
1322.76
1299.61
1269.90
1268.08
1297.55
1361.36
1390.29
1423.24
1380.89
1290.72
1194.83
1117.46
1066.96
1050.99
1043.75
1057.24
1100.93
1198.95
1338.98
1404.00
1412.55
1392.10
1364.83
1335.02
1304.37
1281.23
1258.60
1253.45
1281.26
1333.42
1358.95
1394.35
1342.53
1251.14
1139.13
1066.91
1013.04
987.49
975.15
977.01
1004.98
1098.61
1226.92
1298.92
1333.49
1331.56
1323.51
1306.80
1280.57
1283.19
1284.84
1272.67
1294.04
1335.14
1355.17
1346.77
1279.71
1188.40
1079.75
1007.15
958.47
935.10
923.74
924.22
962.50
1059.49
1200.74
1305.09
1361.84
1403.23
1422.10
1412.09
1401.11
1375.79
1356.18
1322.31
1343.09
1400.21
1422.49
1424.64
1379.11
1287.67
1195.14
1135.15
1080.80
1059.81
1050.57
1055.24
1093.73
1178.65
1321.61
1415.95
1446.34
1426.41
1401.27
1377.43
1341.17
1313.89
1295.04
1285.69
1303.96
1353.07
1371.25
1383.81
1352.72
1287.78
1192.86
1126.42
1068.32
1046.16
1032.89
1040.24
1059.54
1101.85
1180.66
1262.54
1301.43
1300.95
1286.86
1276.83
1248.24
1212.41
1181.39
1174.87
1205.92
1256.07
1287.31
1323.04
1292.36
1231.20
1156.18
1088.05
1060.48
1032.19
1021.34
1035.53
1046.45
1084.83
1148.01
1226.04
1292.59
1327.53
1313.74
1298.03
1258.30
1201.24
1162.26
1164.00
1203.57
1251.04
1271.87
1306.81
1283.58
1216.13
1124.22
1038.08
994.44
970.96
964.13
978.47
1023.90
1105.59
1254.21
1346.56
1403.33
1432.84
1431.34
1435.13
1422.94
1408.41
1387.82
1372.28
1388.20
1413.75
1409.86
1407.46
1350.74
1252.61
1160.51
1086.77
1032.42
996.30
981.32
998.27
1030.76
1113.69
1249.01
1334.94
1370.32
1364.88
1340.81
1322.66
1312.47
1307.03
1289.30
1266.56
1283.41
1321.06
1339.60
1347.34
1301.55
1213.84
1122.78
1036.36
987.20
969.28
967.09
967.88
1009.81
1107.71
1241.62
1326.76
1359.44
1361.82
1367.62
1348.85
1321.75
1306.64
1278.32
1257.14
1270.86
1313.81
1326.96
1336.56
1284.82
1179.52
1081.39
996.49
956.48
937.21
927.08
930.82
970.52
1068.94
1203.58
1284.51
1304.27
1282.34
1284.23
1272.58
1251.07
1224.96
1210.01
1203.19
1214.34
1257.22
1277.70
1299.39
1268.09
1189.45
1082.75
1006.75
960.77
922.71
890.43
902.49
954.50
1049.37
1197.02
1274.17
1276.91
1271.10
1253.67
1233.94
1217.09
1193.72
1180.91
1173.51
1186.43
1219.41
1231.17
1252.41
1228.38
1152.26
1057.81
981.24
929.70
911.43
892.74
893.46
909.06
952.67
1031.38
1119.92
1242.26
1264.35
1246.26
1213.73
1181.95
1154.37
1142.95
1158.65
1203.17
1242.32
1254.83
1251.35
1219.97
1126.98
1060.56
996.48
957.34
927.35
914.55
922.20
933.22
959.26
1018.49
1112.01
1225.28
1292.29
1323.59
1312.30
1275.89
1244.43
1214.80
1204.01
1247.10
1294.26
1324.12
1345.95
1318.99
1224.72
1128.34
1043.88
1001.43
973.85
961.19
973.51
1012.31
1109.52
1241.34
1343.14
1374.92
1379.58
1410.12
1394.89
1385.54
1358.58
1317.16
1289.65
1304.89
1359.91
1375.96
1387.40
1352.96
1257.38
1153.45
1068.14
1022.01
992.87
987.28
995.75
1033.72
1124.25
1254.04
1337.37
1370.64
1369.82
1357.69
1342.05
1316.63
1299.57
1273.62
1257.36
1279.92
1326.82
1329.72
1328.05
1298.09
1216.01
1113.66
1050.65
1002.11
983.63
967.90
980.02
1022.79
1106.04
1237.48
1316.83
1336.58
1316.91
1267.17
1236.61
1241.62
1214.24
1188.89
1184.01
1195.72
1258.59
1278.57
1290.36
1292.20
1223.43
1135.81
1054.43
1005.41
987.37
979.81
993.60
1028.75
1121.01
1260.53
1339.35
1336.53
1306.33
1298.36
1283.57
1268.13
1258.23
1256.07
1250.63
1287.72
1333.68
1360.37
1380.53
1339.27
1251.84
1176.83
1117.77
1073.59
1044.28
1033.30
1034.79
1070.35
1145.24
1285.14
1404.65
1470.54
1503.08
1514.95
1531.20
1522.50
1521.64
1494.70
1478.49
1499.56
1519.09
1503.17
1481.68
1419.86
1333.16
1244.57
1167.33
1120.06
1086.61
1069.43
1070.06
1087.47
1127.51
1200.60
1286.64
1384.14
1431.53
1445.43
1439.01
1415.29
1373.78
1358.99
1339.24
1356.80
1391.04
1401.57
1399.08
1372.64
1286.60
1226.27
1142.75
1091.86
1063.97
1053.34
1044.17
1055.44
1081.54
1131.65
1193.78
1278.61
1308.38
1324.34
1320.40
1311.16
1278.49
1266.10
1277.34
1311.21
1345.52
1347.93
1366.33
1345.80
1259.92
1181.98
1122.17
1066.97
1045.65
1051.29
1058.53
1104.33
1182.27
1282.83
1350.10
1376.45
1366.19
1353.69
1340.67
1328.29
1270.40
1247.10
1245.32
1268.40
1305.47
1319.87
1336.57
1304.95
1214.70
1125.14
1059.57
1019.15
986.72
985.18
992.55
1035.81
1132.14
1234.20
1311.06
1334.21
1321.83
1312.48
1307.59
1301.78
1304.28
1292.34
1288.53
1312.68
1320.62
1333.11
1333.84
1303.21
1218.54
1125.60
1055.25
1016.17
997.32
985.91
987.02
1027.44
1108.81
1210.42
1304.51
1345.45
1340.83
1330.77
1322.55
1333.59
1340.72
1349.83
1360.53
1382.35
1418.22
1423.96
1398.68
1345.07
1261.61
1169.71
1116.80
1068.98
1047.39
1045.96
1054.57
1097.07
1188.53
1317.30
1431.05
1495.92
1492.12
1491.00
1477.29
1463.88
1456.04
1433.17
1434.17
1449.45
1488.39
1490.97
1491.22
1451.92
1350.28
1262.45
1182.04
1143.88
1113.99
1097.33
1095.78
1135.16
1212.80
1326.76
1404.74
1444.68
1442.73
1414.80
1398.08
1368.98
1336.42
1309.45
1286.20
1303.55
1335.87
1344.16
1349.48
1337.38
1276.69
1188.57
1121.08
1065.25
1033.09
1025.22
1022.87
1039.85
1083.15
1145.54
1211.97
1257.00
1268.90
1257.66
1238.44
1216.73
1189.01
1180.65
1190.85
1209.98
1246.76
1239.50
1238.61
1247.22
1181.33
1100.47
1036.06
1002.90
970.69
961.43
962.09
984.93
1007.70
1051.02
1124.80
1191.00
1247.54
1274.01
1304.63
1312.34
1305.63
1292.82
1295.58
1325.89
1370.46
1369.34
1360.53
1317.65
1224.06
1130.64
1061.94
1011.08
994.77
995.51
1003.30
1048.04
1148.94
1279.16
1378.98
1415.26
1399.09
1393.59
1384.25
1372.97
1372.90
1345.84
1340.39
1370.67
1418.34
1424.40
1420.90
1404.94
1310.65
1200.46
1117.49
1073.53
1054.33
1055.15
1071.05
1105.86
1185.75
1312.92
1388.28
1403.35
1383.93
1370.40
1347.93
1331.99
1311.74
1290.35
1272.18
1282.24
1329.13
1351.38
1352.25
1353.77
1259.40
1153.33
1085.53
1032.88
1012.17
1002.43
1002.28
1039.06
1128.87
1248.68
1347.05
1381.79
1385.67
1385.87
1369.72
1350.28
1344.81
1313.99
1320.64
1345.05
1386.11
1406.32
1395.52
1343.84
1246.84
1154.33
1095.73
1030.49
1004.66
990.26
992.49
1016.97
1103.92
1232.76
1342.70
1389.30
1401.23
1411.41
1402.72
1404.45
1410.10
1398.98
1390.65
1413.49
1457.45
1454.56
1440.82
1388.04
1296.66
1206.93
1108.99
1059.89
1031.88
1017.06
1016.70
1046.30
1130.64
1268.17
1374.26
1419.98
1447.08
1458.75
1459.70
1445.02
1431.97
1408.53
1384.82
1393.04
1409.11
1413.03
1400.89
1364.48
1281.77
1191.75
1105.38
1058.20
1029.25
1018.85
1014.39
1038.50
1070.45
1143.90
1235.46
1291.02
1316.67
1306.82
1287.58
1275.82
1237.67
1222.57
1213.23
1245.08
1282.85
1297.74
1301.28
1312.37
1248.57
1167.21
1093.27
1044.67
1003.12
997.31
985.25
992.23
1019.48
1078.94
1157.45
1226.98
1265.05
1256.58
1250.76
1246.22
1217.67
1221.45
1207.59
1227.77
1282.30
1302.65
1310.34
1301.00
1210.84
1095.59
1016.32
971.56
950.11
938.98
933.56
982.16
1061.91
1193.10
1301.08
1340.09
1334.39
1334.04
1325.69
1331.29
1327.82
1322.24
1316.23
1331.25
1364.30
1369.36
1361.39
1337.52
1255.37
1144.28
1056.53
1015.47
991.36
980.10
980.76
1006.32
1104.54
1240.77
1317.32
1365.64
1368.03
1359.74
1359.47
1347.03
1326.64
1298.85
1291.88
1311.18
1349.59
1355.01
1351.05
1342.07
1249.85
1144.05
1057.91
1006.84
977.61
966.29
957.28
995.51
1076.80
1191.52
1292.45
1355.49
1389.91
1417.76
1432.85
1433.04
1426.26
1412.91
1406.57
1423.37
1448.95
1442.41
1407.51
1368.67
1266.71
1168.56
1074.14
1030.47
1002.29
988.85
1004.08
1034.37
1112.25
1236.93
1324.15
1359.73
1363.81
1373.89
1348.47
1343.89
1314.50
1290.30
1275.80
1284.49
1309.67
1325.30
1334.71
1332.23
1252.43
1144.52
1074.20
1017.15
992.93
979.22
990.44
1031.73
1113.74
1235.68
1317.48
1337.50
1319.51
1317.01
1292.08
1276.10
1250.57
1235.34
1217.41
1233.36
1265.24
1264.53
1265.13
1280.96
1217.90
1136.45
1067.65
1012.16
982.94
970.51
965.80
991.39
1006.47
1087.05
1181.21
1245.68
1275.11
1277.25
1267.25
1243.37
1236.27
1216.67
1198.07
1226.50
1256.89
1272.68
1278.76
1265.77
1194.33
1124.34
1032.50
984.38
968.33
953.21
937.46
947.78
979.76
1038.62
1117.72
1181.67
1206.49
1196.32
1181.08
1165.86
1136.55
1119.36
1126.71
1171.74
1218.86
1249.31
1257.02
1265.31
1181.16
1068.68
995.81
945.17
930.54
921.74
930.46
968.94
1041.90
1168.38
1266.85
1320.30
1307.83
1305.20
1294.15
1296.51
1297.72
1280.92
1251.28
1276.39
1318.60
1326.82
1324.35
1298.81
1201.39
1091.58
1020.30
956.45
926.79
926.10
921.77
947.25
1033.36
1168.42
1266.77
1290.02
1281.17
1289.81
1316.36
1314.82
1305.94
1287.94
1276.56
1298.84
1315.04
1321.06
1308.32
1293.66
1194.12
1115.37
1019.08
969.89
947.97
933.47
944.40
979.87
1071.18
1203.35
1289.79
1315.58
1304.81
1294.72
1303.60
1314.46
1298.61
1286.10
1271.30
1278.58
1316.53
1317.85
1304.15
1291.18
1216.29
1106.41
1023.96
967.50
934.95
931.65
937.99
980.05
1063.04
1193.62
1266.92
1289.06
1285.32
1305.12
1307.97
1297.33
1288.26
1285.78
1268.43
1276.23
1292.59
1309.95
1296.57
1300.34
1214.51
1117.26
1026.48
980.63
953.82
938.98
940.77
976.66
1056.91
1186.53
1267.82
1295.45
1303.53
1306.76
1300.89
1306.03
1293.63
1277.58
1246.94
1247.02
1267.94
1250.61
1229.81
1235.22
1156.32
1070.99
997.18
944.60
912.94
900.42
901.77
920.62
950.93
1021.35
1089.83
1168.11
1193.42
1192.37
1182.99
1157.88
1135.39
1138.65
1132.68
1168.06
1205.28
1204.77
1188.23
1183.45
1124.92
1051.57
978.97
932.95
889.82
874.30
872.93
884.22
898.55
961.22
1049.16
1143.79
1191.63
1196.22
1204.15
1196.92
1183.72
1188.00
1207.16
1242.23
1270.68
1284.17
1262.84
1252.64
1156.43
1047.95
975.27
927.67
897.15
889.24
896.20
939.34
1023.11
1160.27
1254.91
1291.51
1299.14
1319.65
1319.44
1316.50
1305.13
1290.49
1284.38
1296.34
1327.10
1317.99
1281.94
1268.40
1172.58
1070.25
978.86
929.07
895.81
881.31
879.01
913.77
998.23
1128.97
1219.73
1276.48
1295.00
1288.14
1311.85
1312.45
1314.05
1300.60
1294.65
1313.73
1336.04
1327.90
1308.35
1282.01
1203.68
1093.13
999.33
959.82
922.41
900.80
898.69
936.10
1007.42
1140.60
1238.97
1278.70
1293.58
1328.58
1303.90
1306.50
1307.50
1308.11
1298.53
1332.17
1335.17
1335.06
1300.74
1297.12
1204.12
1116.90
1033.12
966.65
936.33
918.07
911.80
935.12
991.04
1135.67
1232.93
1268.27
1295.01
1310.55
1310.46
1314.50
1314.37
1303.07
1292.16
1310.93
1331.97
1331.82
1306.34
1308.89
1228.68
1126.15
1008.97
968.55
934.38
919.40
920.28
949.19
1019.33
1152.61
1264.84
1321.52
1333.84
1344.33
1310.45
1318.12
1325.77
1306.05
1310.68
1331.34
1349.29
1334.25
1316.71
1295.44
1230.67
1134.95
1040.06
977.32
941.44
919.95
919.56
930.11
950.73
1007.20
1112.92
1210.52
1247.29
1260.86
1271.15
1277.22
1295.07
1299.13
1311.53
1341.98
1375.24
1353.41
1339.17
1328.22
1261.79
1180.00
1069.54
1007.99
979.69
960.10
937.67
933.19
957.46
1018.02
1128.73
1244.28
1307.55
1354.45
1378.38
1390.10
1358.81
1334.75
1309.29
1328.47
1349.26
1336.75
1299.21
1288.44
1203.47
1094.40
983.81
935.27
910.26
904.28
903.64
920.63
1006.51
1137.45
1228.05
1274.41
1282.27
1293.61
1299.84
1281.02
1286.24
1276.46
1265.20
1282.72
1314.82
1333.30
1315.52
1282.48
1224.77
1101.77
1003.20
951.11
921.87
908.89
895.27
941.89
1007.13
1150.24
1241.17
1286.01
1293.30
1306.91
1312.26
1307.00
1320.73
1323.42
1324.19
1358.25
1387.96
1379.65
1354.60
1339.08
1250.52
1139.53
1055.69
1007.73
965.36
949.26
955.58
982.61
1057.38
1177.49
1290.51
1379.77
1430.04
1476.69
1518.53
1552.72
1581.46
1584.02
1583.76
1582.30
1571.96
1556.38
1510.33
1446.08
1344.05
1236.65
1150.64
1090.80
1051.33
1028.57
1016.42
1048.76
1118.54
1242.00
1345.39
1410.46
1438.07
1450.24
1450.48
1444.44
1419.72
1414.30
1404.88
1408.50
1414.21
1406.62
1369.41
1356.52
1263.23
1130.65
1034.38
980.38
939.87
917.49
917.36
950.18
1014.65
1139.86
1240.68
1287.87
1300.82
1306.45
1296.26
1278.17
1282.28
1254.73
1241.38
1269.81
1278.95
1278.75
1271.25
1267.62
1205.83
1121.31
1033.51
976.33
949.01
927.57
926.43
945.00
975.60
1043.68
1137.64
1230.99
1301.81
1311.95
1310.64
1286.50
1258.96
1243.29
1238.84
1260.97
1289.54
1293.20
1284.02
1274.22
1223.74
1141.30
1055.49
990.52
961.30
946.32
940.86
955.87
974.11
1023.41
1110.62
1215.29
1280.28
1298.64
1295.53
1292.61
1285.92
1285.64
1303.52
1340.48
1373.51
1357.46
1325.83
1291.19
1209.12
1117.62
1038.91
983.86
945.68
930.06
927.26
950.08
980.49
1042.19
1133.13
1240.61
1315.39
1356.14
1373.48
1366.84
1333.21
1312.17
1301.87
1338.75
1376.91
1356.37
1318.78
1280.68
1198.07
1086.15
1005.87
952.87
926.48
917.28
916.99
966.15
1050.20
1190.63
1283.98
1334.93
1333.78
1337.57
1338.05
1332.44
1324.73
1325.46
1332.86
1349.05
1365.99
1362.11
1340.23
1325.15
1255.31
1143.86
1046.79
986.40
945.46
923.67
929.10
967.34
1042.67
1165.26
1264.19
1314.60
1332.03
1360.67
1389.28
1412.74
1431.50
1439.25
1439.95
1437.66
1433.00
1415.96
1383.15
1358.58
1294.20
1179.07
1088.51
1018.65
989.94
979.64
975.34
1007.42
1078.31
1210.73
1316.86
1380.03
1405.60
1420.77
1429.76
1426.51
1416.61
1416.18
1422.08
1416.69
1441.63
1424.45
1410.25
1396.31
1316.18
1204.75
1119.60
1061.51
1027.48
1009.51
1002.01
1028.30
1099.95
1223.62
1335.71
1401.39
1434.65
1464.21
1479.06
1479.27
1502.62
1507.30
1494.53
1491.78
1490.75
1473.38
1430.84
1405.35
1351.27
1254.78
1131.64
1056.83
1009.65
983.79
979.42
981.09
997.76
1083.62
1202.59
1307.90
1378.62
1423.25
1444.91
1451.89
1490.48
1510.36
1537.38
1560.38
1568.40
1544.38
1514.98
1494.52
1448.40
1351.41
1257.25
1177.48
1136.18
1105.42
1086.97
1076.64
1084.93
1156.02
1261.38
1387.01
1486.10
1564.32
1603.44
1633.25
1654.82
1677.89
1707.07
1729.96
1761.87
1752.48
1715.50
1678.32
1587.70
1439.63
1333.58
1258.83
1191.80
1166.76
1160.78
1176.46
1241.07
1385.51
1552.12
1673.29
1770.95
1847.81
1881.38
1917.92
1946.10
1961.42
1972.07
1965.04
1974.69
1954.85
1890.58
1828.78
1738.66
1550.28
1415.60
1349.56
1285.86
1253.11
1233.39
1251.11
1313.00
1457.16
1608.79
1724.23
1813.26
1890.07
1924.30
1945.56
1958.08
1954.81
1941.74
1948.83
1953.40
1933.06
1880.79
1833.05
1720.98
1590.43
1459.95
1371.54
1320.86
1279.97
1264.68
1287.94
1337.35
1464.53
1604.35
1675.77
1712.69
1748.30
1799.20
1819.17
1839.49
1848.23
1855.92
1867.37
1859.52
1797.02
1716.61
1634.44
1532.30
1390.33
1273.28
1181.76
1129.32
1088.34
1071.21
1093.10
1140.98
1243.48
1342.38
1384.64
1394.53
1403.21
1413.87
1411.22
1415.33
1419.45
1415.60
1428.02
1455.45
1434.07
1390.11
1368.46
1317.58
1195.02
1093.79
1047.01
995.39
977.28
970.96
998.60
1071.79
1189.11
1286.94
1353.95
1382.43
1372.98
1370.44
1372.14
1374.96
1353.09
1335.20
1334.99
1339.43
1325.39
1299.30
1279.46
1238.25
1152.77
1066.12
995.79
960.41
945.96
938.49
951.61
974.23
1032.33
1126.08
1208.39
1251.31
1271.35
1286.57
1282.85
1274.69
1265.13
1280.85
1313.93
1355.14
1345.57
1316.97
1305.25
1261.36
1171.26
1087.60
1009.44
976.33
952.06
943.04
944.75
956.26
1011.06
1112.27
1210.61
1291.27
1332.39
1358.89
1376.92
1380.48
1399.89
1427.14
1465.18
1510.58
1509.20
1464.70
1437.66
1366.72
1233.55
1135.72
1061.43
1022.36
1004.19
993.13
1019.80
1072.62
1203.99
1297.91
1377.13
1435.08
1463.69
1486.36
1473.87
1463.93
1454.67
1444.39
1450.41
1477.24
1465.92
1427.91
1390.23
1297.67
1190.52
1098.11
1040.62
1008.06
981.61
977.16
1013.39
1079.87
1203.76
1335.37
1409.33
1415.18
1439.02
1462.51
1465.96
1465.53
1445.63
1430.77
1447.09
1471.42
1467.76
1430.38
1390.24
1338.66
1235.17
1120.60
1065.67
1027.42
1002.89
995.50
1014.93
1076.56
1200.56
1303.87
1363.13
1388.07
1401.15
1396.05
1402.41
1407.09
1401.27
1403.01
1401.14
1417.64
1422.72
1389.00
1355.51
1304.67
1184.96
1086.61
1020.82
982.54
953.69
953.99
974.62
1031.86
1145.96
1261.60
1320.09
1352.22
1371.09
1379.47
1384.15
1394.80
1401.24
1399.56
1429.05
1454.25
1442.06
1395.97
1362.38
1305.09
1186.70
1090.22
1025.18
984.22
959.36
954.69
977.93
1042.74
1155.89
1257.88
1329.99
1366.43
1393.54
1411.69
1425.54
1438.63
1437.91
1448.13
1461.95
1456.69
1424.99
1394.22
1356.68
1315.89
1223.25
1129.62
1070.85
1033.74
1013.55
1001.82
1009.13
1022.62
1071.23
1172.35
1270.33
1332.81
1382.33
1419.80
1442.32
1468.49
1478.58
1496.99
1499.12
1518.19
1525.39
1489.75
1452.79
1404.48
1300.17
1214.44
1132.51
1070.34
1041.06
1029.50
1027.09
1025.65
1100.58
1201.22
1320.64
1398.81
1453.50
1475.99
1500.25
1512.48
1524.24
1550.38
1582.66
1612.04
1600.38
1564.55
1522.26
1454.39
1324.77
1209.69
1133.30
1091.79
1077.49
1068.68
1082.09
1138.89
1270.42
1403.31
1491.87
1571.55
1636.42
1674.40
1719.55
1753.02
1774.47
1778.50
1787.92
1802.13
1766.01
1706.40
1642.53
1537.98
1412.43
1296.27
1231.44
1177.91
1148.20
1137.87
1164.51
1221.47
1346.01
1474.25
1561.13
1628.21
1675.96
1701.03
1712.80
1702.52
1686.65
1635.88
1630.57
1646.86
1595.84
1532.02
1472.78
1364.28
1253.00
1156.35
1079.49
1037.99
1008.68
996.55
1006.05
1056.22
1151.18
1251.79
1320.57
1339.25
1361.79
1363.25
1378.54
1365.88
1372.71
1377.50
1381.34
1412.23
1420.92
1385.39
1355.43
1319.45
1197.93
1086.03
1018.78
984.10
959.63
956.80
981.69
1052.14
1162.11
1270.84
1341.82
1373.53
1403.85
1420.49
1421.45
1430.41
1424.71
1425.08
1430.80
1456.16
1450.51
1409.52
1372.99
1318.99
1201.21
1100.01
1020.62
988.74
965.16
962.44
991.33
1035.92
1161.45
1274.02
1343.15
1388.30
1414.59
1408.87
1402.40
1412.15
1399.57
1385.00
1399.83
1415.16
1406.10
1372.36
1362.06
1318.95
1231.25
1126.32
1047.41
1013.04
994.54
990.40
1002.36
1021.14
1101.62
1207.64
1302.06
1367.25
1404.84
1429.26
1437.77
1450.20
1455.64
1458.69
1470.31
1485.47
1478.59
1456.48
1447.07
1407.27
1329.32
1242.81
1163.35
1120.89
1106.77
1102.35
1103.88
1099.10
1169.53
1295.52
1431.86
1547.45
1630.47
1683.73
1727.59
1755.86
1765.36
1791.41
1832.54
1848.71
1842.11
1813.99
1791.46
1726.71
1612.10
1486.28
1387.36
1339.36
1304.59
1293.03
1307.96
1366.45
1505.30
1684.16
1795.52
1922.16
2000.11
2058.64
2088.47
2102.22
2114.30
2073.67
2046.58
2072.33
2053.82
2022.95
1983.39
1904.51
1748.99
1604.69
1526.69
1437.67
1392.89
1360.37
1373.17
1431.82
1585.54
1761.93
1898.58
1993.49
2066.97
2091.26
2128.48
2147.67
2136.38
2120.43
2103.84
2108.76
2073.85
2028.86
1988.35
1903.50
1779.30
1632.31
1552.72
1469.49
1416.06
1391.77
1406.21
1453.54
1587.40
1757.21
1902.71
1977.71
2054.46
2079.88
2110.20
2142.73
2130.58
2090.37
1987.06
1934.43
1901.57
1873.42
1836.75
1754.55
1622.76
1496.78
1399.33
1353.73
1321.32
1294.23
1315.77
1371.16
1481.79
1601.89
1670.09
1706.53
1739.77
1757.56
1786.60
1789.46
1784.07
1765.08
1754.00
1746.16
1718.56
1663.79
1616.61
1547.67
1431.54
1315.42
1222.51
1169.90
1129.79
1109.79
1112.45
1149.12
1241.81
1341.43
1391.68
1431.55
1445.09
1454.84
1453.26
1438.86
1411.94
1393.01
1400.84
1413.58
1396.29
1364.61
1336.57
1277.77
1191.99
1095.38
1024.39
990.97
963.51
957.27
963.65
985.33
1050.05
1143.50
1246.29
1321.86
1349.88
1362.47
1351.75
1329.08
1308.73
1310.60
1331.41
1362.13
1345.42
1318.84
1297.80
1245.75
1170.65
1083.87
1018.15
980.51
956.11
948.96
959.96
979.25
1027.43
1106.45
1218.58
1314.01
1354.82
1367.34
1357.56
1320.92
1283.25
1282.56
1296.74
1303.83
1300.35
1272.57
1245.93
1199.58
1144.95
1073.68
1009.82
971.49
943.63
942.47
951.78
971.55
1032.00
1127.11
1193.62
1265.82
1289.56
1286.45
1282.86
1275.89
1279.61
1304.13
1346.70
1404.83
1412.42
1363.79
1339.26
1295.70
1198.25
1099.40
1032.72
1000.96
980.47
978.91
1010.97
1084.98
1196.30
1320.51
1425.45
1484.00
1534.39
1561.49
1588.41
1617.72
1662.91
1678.50
1714.63
1767.93
1775.77
1720.40
1685.72
1628.27
1491.24
1382.53
1276.26
1220.19
1184.73
1153.04
1163.59
1203.77
1336.00
1471.53
1578.82
1629.03
1660.94
1685.31
1688.66
1698.12
1704.76
1673.69
1661.07
1656.85
1613.45
1573.48
1527.29
1463.53
1323.43
1248.52
1158.64
1092.63
1051.34
1035.28
1049.28
1104.65
1208.37
1295.07
1372.04
1411.10
1434.00
1445.57
1440.00
1440.80
1425.04
1407.55
1420.02
1458.35
1448.64
1417.24
1383.32
1310.58
1203.69
1133.16
1058.46
1013.42
989.47
975.88
1000.27
1053.65
1153.26
1272.53
1372.42
1426.45
1486.94
1480.62
1476.39
1491.41
1480.50
1474.81
1464.23
1484.90
1445.94
1397.60
1356.09
1323.28
1251.84
1160.90
1064.70
1032.39
1004.22
984.18
987.54
1012.46
1070.34
1165.41
1257.32
1316.81
1329.91
1332.48
1345.52
1359.04
1350.78
1380.27
1424.71
1474.71
1486.15
1440.12
1410.45
1372.45
1280.45
1153.07
1064.84
1011.40
985.25
973.67
974.94
975.66
1029.90
1143.65
1260.40
1344.63
1380.02
1406.08
1428.29
1451.07
1468.07
1493.04
1525.67
1561.79
1554.22
1522.59
1499.71
1429.86
1301.18
1216.77
1129.55
1084.90
1108.36
1099.09
1102.74
1165.83
1283.18
1389.23
1486.56
1535.06
1571.43
1584.43
1575.17
1583.91
1594.30
1624.97
1653.42
1671.98
1656.50
1608.94
1575.72
1506.91
1375.71
1256.71
1185.69
1140.40
1107.41
1109.23
1141.22
1200.18
1305.37
1412.60
1471.90
1509.61
1548.54
1560.23
1556.64
1557.41
1551.95
1539.20
1555.14
1562.00
1550.91
1518.00
1501.44
1442.20
1307.60
1178.78
1101.00
1070.72
1053.92
1047.52
1077.60
1138.88
1245.06
1354.27
1433.12
1488.44
1511.37
1533.66
1539.77
1531.37
1523.62
1511.84
1524.00
1551.45
1534.08
1495.25
1468.04
1414.52
1324.44
1223.37
1142.92
1107.84
1065.41
1067.14
1090.52
1160.34
1302.31
1425.29
1526.02
1590.29
1648.96
1692.34
1714.98
1766.21
1785.17
1811.32
1840.33
1856.63
1821.59
1764.62
1725.17
1636.40
1499.87
1395.29
1291.44
1231.94
1204.04
1188.34
1203.46
1255.97
1361.17
1494.39
1608.65
1729.13
1809.97
1862.54
1911.78
1934.60
1929.31
1920.56
1930.61
1918.18
1879.32
1804.05
1741.87
1663.40
1519.13
1388.63
1280.71
1239.47
1182.53
1160.19
1163.29
1167.26
1236.79
1333.04
1430.72
1491.53
1529.62
1544.21
1544.56
1548.64
1544.73
1540.50
1548.61
1548.42
1529.29
1495.07
1487.66
1434.39
1342.98
1243.17
1177.22
1144.50
1118.09
1094.79
1104.34
1117.03
1164.88
1239.20
1341.47
1427.12
1470.86
1500.77
1494.15
1475.24
1447.95
1451.88
1482.22
1517.50
1513.72
1474.45
1463.89
1388.83
1291.60
1189.17
1152.03
1095.43
1083.02
1079.30
1099.72
1159.40
1263.49
1381.46
1463.24
1523.35
1551.28
1556.68
1554.65
1557.03
1562.56
1552.32
1543.95
1577.77
1566.61
1526.77
1509.67
1448.87
1329.24
1221.42
1176.23
1110.66
1083.87
1072.70
1103.73
1159.59
1279.93
1413.85
1517.02
1570.40
1644.61
1689.66
1724.24
1768.18
1792.04
1782.04
1759.22
1775.29
1772.02
1715.32
1681.49
1593.41
1464.37
1349.26
1260.97
1225.69
1195.16
1174.63
1196.01
1246.39
1350.56
1467.52
1549.05
1606.03
1643.30
1669.52
1689.53
1710.09
1730.04
1719.21
1722.46
1719.81
1687.15
1606.81
1565.57
1496.63
1364.24
1243.99
1179.72
1126.30
1101.29
1080.62
1108.56
1162.83
1269.56
1374.96
1448.88
1478.03
1501.41
1518.84
1531.28
1569.52
1584.86
1585.80
1592.45
1613.58
1617.61
1572.56
1519.94
1467.09
1354.50
1221.80
1140.78
1094.71
1066.62
1051.28
1074.84
1126.31
1217.30
1325.20
1411.80
1459.10
1491.28
1507.38
1536.82
1542.76
1535.15
1513.04
1517.32
1528.98
1500.95
1454.56
1422.99
1364.66
1260.87
1158.87
1077.13
1027.16
1005.71
986.31
997.34
1042.37
1081.56
1184.61
1292.17
1360.62
1399.80
1420.18
1433.67
1431.44
1437.56
1458.93
1499.80
1529.87
1495.80
1445.04
1423.16
1367.03
1268.50
1166.44
1095.90
1050.32
1026.09
1017.21
1014.30
1033.36
1090.12
1190.67
1298.26
1383.26
1450.20
1479.53
1487.45
1469.74
1453.45
1435.96
1464.48
1509.38
1501.75
1465.82
1446.05
1369.22
1273.83
1182.13
1128.46
1082.58
1065.81
1066.79
1100.91
1169.72
1285.36
1423.87
1536.48
1600.08
1649.79
1676.75
1700.44
1726.56
1748.44
1748.97
1770.67
1803.07
1778.45
1716.84
1680.39
1586.09
1442.18
1325.19
1240.31
1170.75
1151.42
1139.79
1157.60
1194.50
1296.99
1429.12
1525.65
1594.58
1635.84
1679.09
1687.87
1730.81
1746.11
1757.10
1767.65
1766.30
1725.44
1653.65
1593.33
1486.82
1368.25
1246.83
1184.45
1132.86
1107.03
1100.68
1123.66
1178.71
1283.14
1390.54
1452.76
1476.26
1512.18
1525.34
1524.57
1538.96
1551.35
1534.41
1563.61
1570.07
1540.64
1490.76
1464.19
1388.63
1261.91
1148.16
1071.12
1031.95
1006.97
995.72
1017.28
1078.71
1187.53
1298.21
1383.76
1422.97
1452.13
1473.39
1495.75
1534.94
1547.50
1534.49
1536.21
1549.21
1526.59
1482.62
1435.75
1353.93
1256.11
1158.84
1098.83
1071.88
1047.96
1044.48
1067.74
1133.56
1246.93
1366.41
1456.09
1499.08
1529.89
1535.19
1533.53
1543.03
1530.90
1515.59
1511.83
1517.66
1484.25
1415.86
1395.67
1326.02
1229.24
1133.57
1062.21
1016.30
993.06
983.50
988.00
1022.36
1076.78
1170.37
1264.82
1311.12
1316.49
1315.02
1310.61
1308.36
1306.87
1330.34
1373.43
1407.45
1398.04
1342.47
1323.98
1259.72
1178.32
1084.30
1029.28
985.33
963.99
957.94
965.84
986.43
1042.09
1128.92
1236.98
1310.79
1346.99
1349.56
1365.84
1366.61
1371.55
1383.82
1420.94
1467.50
1463.62
1432.34
1414.42
1331.91
1220.10
1129.72
1073.86
1046.74
1030.58
1029.69
1063.09
1126.76
1239.81
1349.70
1437.33
1486.98
1522.98
1524.51
1529.27
1536.22
1525.89
1500.20
1519.98
1562.65
1539.95
1497.12
1461.11
1385.16
1279.20
1166.37
1086.77
1047.03
1014.27
1003.59
1030.79
1090.26
1203.67
1324.79
1400.07
1445.05
1471.66
1480.61
1492.45
1525.80
1529.89
1539.72
1558.90
1573.49
1560.59
1542.75
1486.54
1433.26
1309.09
1199.56
1117.21
1070.86
1030.60
1008.41
1019.40
1082.68
1193.47
1312.75
1394.67
1444.83
1494.13
1526.37
1542.38
1562.35
1571.93
1582.82
1596.14
1611.06
1609.02
1553.10
1520.39
1441.63
1339.66
1231.18
1147.85
1106.27
1080.49
1075.72
1092.22
1152.57
1275.29
1379.39
1464.09
1522.83
1561.58
1557.65
1547.44
1545.52
1528.33
1522.48
1534.57
1560.94
1545.88
1510.13
1494.38
1398.28
1304.91
1220.32
1157.56
1112.51
1081.00
1073.85
1088.61
1153.84
1266.51
1394.86
1487.03
1553.68
1601.40
1665.56
1696.35
1730.16
1739.41
1746.87
1760.66
1775.44
1735.12
1668.36
1638.48
1557.27
1435.99
1340.82
1221.82
1169.71
1136.53
1126.16
1105.26
1123.04
1192.03
1292.36
1411.29
1509.92
1558.55
1612.27
1631.93
1647.46
1658.17
1701.00
1742.85
1773.83
1748.53
1712.37
1694.74
1602.63
1489.22
1398.34
1309.77
1246.85
1206.05
1185.41
1174.44
1179.83
1228.49
1333.53
1450.86
1545.30
1612.21
1658.34
1693.89
1723.45
1748.53
1759.97
1795.58
1818.01
1792.21
1748.93
1699.72
1584.25
1457.19
1334.68
1239.14
1194.88
1172.05
1163.04
1171.72
1241.98
1347.85
1450.51
1524.95
1588.08
1621.60
1634.13
1628.74
1634.85
1626.93
1627.47
1638.92
1671.03
1650.51
1605.12
1562.56
1478.30
1345.15
1225.87
1152.29
1120.45
1100.01
1097.92
1107.56
1172.75
1292.12
1392.49
1479.05
1526.36
1551.07
1560.88
1579.60
1594.40
1604.05
1622.42
1643.64
1672.41
1665.62
1630.82
1596.02
1507.79
1412.90
1280.53
1205.15
1168.28
1130.04
1119.88
1140.38
1222.81
1329.06
1458.19
1567.55
1626.48
1665.48
1709.99
1740.80
1765.24
1785.64
1803.02
1843.20
1870.27
1852.33
1817.03
1772.59
1659.01
1525.86
1417.24
1368.72
1294.18
1261.47
1256.93
1277.79
1333.50
1442.81
1598.81
1741.06
1828.37
1918.43
2010.34
2062.18
2091.44
2092.28
2076.49
2073.38
2060.91
2024.02
1987.84
1978.58
1865.12
1716.60
1611.81
1500.78
1443.09
1393.49
1371.56
1371.20
1416.57
1539.59
1700.12
1839.86
1946.00
2009.21
2048.09
2065.51
2087.80
2088.01
2092.22
2080.89
2078.67
2022.28
1946.43
1892.87
1783.60
1686.89
1554.24
1435.76
1369.27
1323.64
1272.40
1250.88
1267.60
1345.19
1457.29
1608.48
1718.89
1807.55
1876.19
1915.05
1924.40
1898.21
1894.09
1880.63
1894.63
1825.31
1747.43
1700.35
1571.28
1445.44
1316.08
1218.97
1157.65
1116.31
1085.50
1078.07
1087.81
1127.16
1221.55
1331.31
1394.91
1440.88
1473.35
1481.33
1479.60
1485.70
1516.38
1564.39
1597.98
1567.80
1532.31
1502.52
1398.18
1276.34
1150.15
1072.68
1027.48
1003.71
1004.00
1033.38
1096.79
1191.51
1307.40
1395.60
1455.91
1491.40
1522.65
1535.65
1559.84
1576.49
1586.66
1611.18
1630.10
1610.67
1558.95
1517.28
1413.53
1300.26
1203.43
1125.23
1074.37
1058.23
1051.12
1075.42
1135.88
1234.42
1348.60
1425.49
1476.16
1530.27
1568.50
1594.34
1629.49
1655.22
1672.66
1688.31
1692.10
1678.03
1651.36
1622.17
1529.62
1412.40
1312.67
1232.89
1193.95
1168.82
1154.03
1176.16
1242.41
1363.74
1479.19
1568.11
1640.24
1696.64
1757.20
1809.49
1836.22
1851.25
1843.87
1859.65
1851.24
1828.29
1786.25
1740.37
1632.36
1514.76
1388.92
1339.11
1264.74
1232.53
1220.09
1240.05
1297.73
1408.00
1535.40
1652.89
1727.37
1798.37
1824.13
1820.12
1811.37
1786.66
1755.09
1740.57
1754.93
1729.58
1701.72
1641.60
1536.14
1428.94
1326.54
1279.88
1220.34
1194.00
1182.39
1199.00
1259.42
1364.84
1494.23
1593.23
1695.26
1760.16
1823.28
1875.30
1915.34
1935.32
1953.98
1963.11
1980.08
1940.82
1891.15
1849.64
1738.74
1602.01
1461.72
1354.53
1302.44
1259.76
1232.42
1223.33
1252.99
1317.20
1435.22
1562.34
1655.79
1710.89
1733.13
1717.92
1698.75
1687.20
1675.31
1685.50
1692.02
1651.62
1628.08
1587.37
1499.81
1397.84
1317.28
1234.14
1189.20
1153.76
1146.56
1156.35
1173.23
1214.60
1294.06
1401.78
1464.82
1502.36
1524.55
1538.97
1531.47
1528.14
1529.24
1557.49
1575.11
1546.56
1521.37
1469.48
1381.96
1302.90
1211.07
1158.57
1127.37
1119.64
1099.94
1141.88
1220.39
1337.81
1444.60
1531.11
1603.09
1631.90
1656.22
1668.69
1673.61
1663.04
1660.13
1670.05
1697.25
1690.54
1660.52
1609.11
1507.55
1390.08
1304.05
1233.13
1199.84
1171.68
1158.10
1187.15
1251.54
1365.84
1505.46
1602.73
1677.68
1751.43
1816.16
1862.08
1908.84
1933.22
1959.27
1978.56
2000.10
1970.52
1909.00
1849.89
1729.17
1604.54
1457.55
1354.03
1291.56
1244.06
1243.50
1256.57
1315.50
1408.18
1546.09
1679.58
1754.85
1842.84
1900.48
1953.38
1993.62
2008.08
2016.66
2027.02
2026.43
1975.83
1921.61
1853.13
1718.43
1583.29
1446.76
1359.82
1326.92
1286.39
1264.40
1274.84
1341.20
1436.45
1584.56
1693.22
1799.03
1896.55
1986.76
2045.54
2081.00
2099.97
2095.44
2097.93
2082.07
2031.59
2007.27
1960.23
1833.40
1681.91
1555.63
1444.35
1383.03
1347.61
1318.72
1319.99
1351.11
1431.80
1554.94
1674.47
1735.50
1787.05
1825.70
1854.63
1878.14
1875.71
1867.79
1858.78
1820.19
1745.53
1668.65
1609.00
1501.62
1381.95
1256.15
1165.28
1112.24
1072.62
1052.53
1050.77
1068.76
1109.95
1199.18
1302.00
1358.98
1381.74
1384.58
1363.99
1347.72
1334.99
1337.56
1366.89
1403.82
1384.39
1374.13
1336.47
1263.94
1184.09
1100.58
1043.62
1011.62
993.17
992.52
995.39
1017.66
1068.73
1150.57
1256.97
1323.82
1357.89
1379.02
1372.17
1361.08
1370.85
1381.06
1413.93
1450.64
1449.14
1436.48
1383.31
1283.59
1185.07
1105.57
1077.74
1039.32
1028.88
1033.88
1059.95
1149.95
1268.54
1379.13
1442.94
1505.77
1567.21
1613.44
1648.79
1678.98
1674.47
1680.69
1719.70
1749.21
1738.55
1731.50
1667.38
1546.03
1426.25
1319.49
1254.63
1187.69
1152.25
1128.04
1143.11
1200.46
1303.33
1406.11
1507.66
1556.25
1604.18
1619.91
1613.35
1635.75
1664.33
1703.79
1717.50
1738.46
1715.24
1677.84
1619.12
1501.87
1374.66
1243.68
1174.18
1130.35
1096.94
1081.89
1089.20
1160.66
1283.33
1370.46
1431.79
1469.26
1509.70
1533.39
1519.14
1528.83
1517.20
1513.32
1513.59
1543.64
1541.71
1533.21
1469.64
1381.17
1263.23
1159.02
1093.12
1062.14
1038.63
1034.47
1053.55
1133.40
1269.69
1362.28
1401.87
1454.99
1490.29
1481.19
1473.18
1453.85
1445.05
1431.82
1471.03
1483.62
1453.26
1454.46
1408.45
1299.43
1201.69
1107.85
1032.88
1006.10
995.42
987.38
1012.77
1084.38
1187.72
1291.13
1355.65
1391.17
1413.44
1407.19
1393.11
1399.27
1397.45
1393.19
1399.55
1415.52
1403.10
1401.73
1353.95
1274.36
1193.19
1115.30
1031.24
1004.53
979.99
978.29
987.34
1017.38
1071.22
1178.25
1269.64
1328.11
1324.87
1329.32
1313.17
1302.78
1309.99
1328.71
1363.17
1386.63
1370.44
1372.10
1324.85
1240.98
1167.98
1062.07
1018.53
986.06
952.57
953.50
958.35
978.47
1017.77
1102.78
1205.99
1281.25
1310.15
1292.83
1300.64
1305.57
1319.56
1332.94
1381.64
1411.64
1411.35
1402.09
1344.59
1266.87
1197.80
1125.54
1060.68
1033.87
1009.67
1014.42
1025.15
1050.63
1103.42
1178.09
1286.84
1370.48
1424.72
1455.31
1466.82
1467.44
1482.05
1489.33
1511.49
1530.52
1494.53
1471.49
1403.43
1278.12
1178.70
1120.24
1066.99
1035.95
1005.36
1008.51
1040.62
1115.88
1256.53
1339.55
1384.32
1418.91
1457.80
1462.35
1472.71
1482.46
1488.46
1473.85
1503.47
1519.33
1516.68
1517.27
1467.66
1365.56
1252.43
1177.02
1085.89
1054.01
1026.45
1028.52
1065.39
1146.94
1292.49
1385.71
1450.96
1454.13
1488.71
1505.06
1507.99
1520.16
1530.98
1520.96
1546.52
1569.82
1562.06
1558.01
1492.51
1402.15
1294.81
1219.67
1137.85
1110.98
1086.48
1084.13
1108.52
1169.44
1295.06
1383.57
1446.24
1501.41
1535.30
1558.06
1557.67
1557.63
1533.18
1530.83
1540.36
1568.23
1562.64
1538.70
1469.14
1401.15
1258.40
1172.98
1122.22
1092.27
1069.06
1051.14
1066.25
1149.17
1276.93
1369.58
1409.45
1436.71
1479.09
1480.03
1480.20
1482.10
1458.38
1445.59
1443.12
1448.64
1435.72
1416.36
1350.80
1258.59
1157.40
1071.99
1019.10
974.90
961.73
953.13
959.15
984.85
1048.18
1134.23
1214.59
1241.42
1257.47
1267.73
1269.32
1271.33
1279.43
1297.00
1326.30
1360.41
1361.71
1360.04
1306.74
1233.15
1165.58
1073.31
1040.78
1008.84
984.90
972.24
987.90
1024.14
1071.90
1143.72
1246.87
1308.80
1348.12
1365.42
1382.35
1392.34
1418.60
1453.99
1484.01
1528.07
1530.07
1538.05
1464.40
1367.33
1252.73
1162.88
1099.87
1049.11
1037.27
1029.39
1058.25
1139.65
1284.94
1356.99
1418.50
1420.11
1464.85
1481.17
1480.92
1494.57
1491.03
1498.46
1512.32
1512.87
1488.75
1484.65
1374.54
1307.68
1197.73
1104.13
1029.28
996.83
984.37
987.40
1011.75
1094.97
1235.42
1325.61
1363.97
1355.37
1353.50
1370.26
1374.12
1377.73
1384.39
1386.34
1398.14
1422.14
1434.34
1447.11
1385.57
1298.26
1196.07
1102.01
1016.89
986.51
976.49
969.81
1003.45
1100.97
1238.16
1335.73
1385.68
1437.98
1466.47
1489.30
1487.14
1502.71
1506.46
1516.37
1542.53
1542.47
1495.68
1455.90
1395.91
1290.92
1220.30
1109.76
1059.97
1024.03
1010.77
1011.89
1040.39
1122.77
1247.80
1337.25
1403.15
1425.75
1430.10
1422.25
1418.74
1418.81
1408.65
1422.47
1455.00
1474.06
1468.34
1471.18
1390.94
1299.13
1209.68
1125.91
1051.75
1013.01
993.62
984.14
1014.39
1078.26
1201.00
1287.58
1342.43
1356.02
1375.69
1379.99
1378.09
1387.23
1385.74
1388.74
1401.16
1420.80
1406.16
1394.48
1336.21
1253.09
1167.84
1083.69
1006.56
979.88
955.92
949.73
954.20
984.56
1061.85
1152.24
1241.00
1302.33
1316.32
1320.89
1327.70
1354.27
1368.68
1412.38
1432.00
1444.48
1438.12
1429.80
1349.74
1288.65
1191.98
1106.38
1030.94
976.80
943.29
934.70
927.17
958.69
1003.18
1093.79
1176.14
1213.40
1214.55
1217.32
1238.89
1232.39
1224.35
1232.55
1297.05
1346.41
1361.32
1362.52
1298.18
1200.32
1107.53
1001.00
941.91
904.16
900.05
906.62
939.46
1030.40
1172.59
1255.29
1287.53
1295.09
1306.33
1310.14
1318.30
1311.84
1322.71
1332.20
1357.42
1400.71
1405.17
1399.96
1310.02
1223.90
1115.98
1024.13
966.16
939.52
928.53
929.96
968.13
1055.95
1182.60
1278.10
1314.54
1325.41
1329.32
1344.65
1346.77
1356.40
1343.15
1339.12
1371.54
1406.00
1431.21
1423.65
1338.96
1261.27
1156.28
1056.98
1001.60
971.88
959.25
955.61
990.67
1082.19
1213.84
1306.07
1361.52
1390.51
1398.55
1406.24
1416.90
1432.18
1419.19
1413.25
1417.41
1445.08
1461.22
1452.88
1374.21
1290.84
1186.71
1081.23
1026.67
994.82
975.77
968.10
1000.78
1082.43
1207.54
1317.32
1363.98
1418.00
1450.19
1457.26
1480.37
1477.51
1479.07
1482.59
1494.18
1512.13
1521.43
1516.49
1434.28
1339.03
1237.79
1153.80
1075.02
1048.63
1022.90
1012.49
1052.76
1142.65
1287.38
1379.54
1437.08
1487.20
1504.11
1520.70
1522.89
1519.21
1494.51
1472.51
1481.15
1490.28
1506.47
1469.44
1397.96
1320.39
1215.72
1125.31
1066.31
1016.20
997.82
989.09
996.17
1007.40
1060.56
1144.52
1244.89
1306.97
1333.22
1348.52
1352.31
1344.25
1344.25
1351.11
1380.19
1404.46
1415.58
1388.00
1321.49
1244.18
1155.08
1087.06
1022.79
988.68
977.83
949.54
948.21
966.64
1029.55
1109.11
1226.74
1302.06
1332.93
1348.00
1363.73
1345.24
1335.12
1338.90
1374.13
1401.59
1417.87
1398.56
1313.04
1192.21
1091.93
1012.46
964.40
933.51
923.26
924.14
966.52
1041.64
1206.06
1318.11
1347.12
1311.66
1328.74
1335.60
1347.16
1334.52
1324.90
1334.71
1367.11
1405.49
1435.03
1407.63
1310.46
1209.34
1092.76
1003.44
958.70
942.05
936.31
927.37
958.73
1056.64
1197.67
1288.85
1338.80
1342.39
1359.20
1379.01
1384.21
1378.05
1358.07
1344.97
1361.88
1399.11
1428.41
1398.46
1312.59
1210.36
1090.65
1011.71
954.83
926.71
908.71
907.19
943.70
1031.24
1177.03
1257.78
1279.13
1283.83
1284.99
1287.28
1288.55
1297.65
1302.73
1299.47
1333.30
1379.37
1418.00
1399.04
1315.14
1217.24
1107.82
1016.07
961.97
926.00
911.52
904.24
941.31
1035.53
1176.26
1277.47
1314.69
1331.61
1336.91
1338.26
1337.43
1330.92
1315.52
1316.39
1334.54
1370.66
1412.77
1394.58
1321.02
1222.88
1109.31
1025.28
973.09
950.69
927.58
936.41
964.65
1056.54
1206.06
1291.22
1326.43
1337.44
1337.16
1324.28
1311.59
1289.00
1292.32
1295.60
1286.61
1336.21
1366.72
1343.53
1279.82
1203.28
1116.92
1027.35
965.53
917.41
909.14
901.85
928.42
967.68
1040.76
1134.59
1229.14
1270.80
1285.86
1275.19
1272.62
1269.59
1257.50
1253.39
1295.06
1342.06
1358.25
1327.87
1268.66
1194.65
1109.78
1033.18
973.78
945.95
928.38
923.28
934.58
961.98
1028.42
1124.53
1218.15
1285.10
1323.41
1327.18
1322.36
1308.96
1314.55
1314.83
1361.39
1409.65
1423.14
1383.58
1287.62
1202.21
1104.51
1044.72
968.44
948.01
933.94
934.49
965.80
1050.11
1203.57
1313.12
1339.42
1336.96
1342.64
1339.48
1337.98
1322.93
1308.44
1319.95
1355.10
1405.29
1450.53
1411.81
1337.55
1234.82
1139.88
1055.61
992.24
964.21
955.05
954.95
981.37
1068.33
1224.30
1315.05
1337.70
1337.09
1328.96
1311.79
1309.89
1308.78
1288.58
1284.95
1316.39
1366.12
1419.91
1395.62
1311.73
1220.42
1113.88
1031.63
967.41
938.83
931.66
932.77
971.12
1054.78
1196.19
1280.03
1311.82
1317.99
1323.62
1319.54
1324.04
1324.75
1317.89
1318.51
1336.26
1375.51
1420.89
1400.37
1312.22
1215.54
1132.52
1032.35
979.74
957.23
941.57
944.70
979.64
1060.42
1213.88
1295.89
1310.17
1319.66
1328.47
1321.41
1321.31
1319.33
1315.87
1324.55
1353.40
1383.83
1422.83
1385.71
1303.84
1211.55
1119.82
1041.00
976.78
947.09
944.36
946.61
965.69
1047.97
1167.99
1254.42
1308.94
1324.41
1322.99
1308.59
1295.74
1285.82
1277.65
1269.60
1286.66
1314.54
1368.68
1337.20
1272.18
1198.38
1105.28
1059.15
978.65
945.92
933.55
925.75
940.42
966.07
1032.51
1136.66
1225.12
1248.20
1249.33
1244.24
1226.52
1215.29
1210.94
1216.67
1266.18
1321.18
1365.95
1334.10
1277.28
1210.32
1141.06
1041.68
987.68
965.05
955.00
951.24
963.13
991.58
1057.16
1145.35
1237.53
1288.84
1308.06
1304.93
1308.09
1284.26
1274.33
1289.65
1319.46
1371.77
1410.41
1367.71
1293.90
1219.17
1139.03
1038.24
985.97
963.10
954.83
956.62
989.02
1050.81
1158.97
1258.70
1337.58
1363.16
1357.65
1346.79
1344.73
1343.31
1339.70
1353.17
1384.17
1422.66
1437.77
1382.03
1322.92
1224.92
1126.71
1062.37
992.59
959.52
944.72
950.33
975.29
1069.08
1207.90
1303.79
1343.58
1345.81
1346.37
1353.42
1361.37
1382.82
1368.16
1365.94
1406.58
1444.68
1473.44
1428.00
1355.00
1260.67
1162.45
1086.38
1027.60
985.10
966.56
962.33
985.97
1079.47
1224.15
1308.66
1330.99
1342.31
1350.84
1357.31
1358.87
1370.81
1352.42
1368.26
1387.71
1420.68
1455.67
1410.69
1341.57
1241.23
1154.39
1062.25
1002.88
975.34
960.96
947.14
980.80
1044.59
1194.75
1289.81
1330.06
1350.37
1367.04
1356.77
1362.22
1377.82
1373.14
1372.30
1394.32
1414.60
1431.83
1381.01
1343.38
1269.38
1178.61
1073.74
1028.97
1003.80
981.15
967.64
993.73
1070.57
1215.13
1301.57
1358.33
1384.25
1388.16
1394.40
1385.53
1376.43
1351.28
1339.39
1348.41
1395.09
1400.26
1354.79
1286.21
1212.37
1123.52
1066.51
984.59
948.61
933.62
947.21
933.97
963.55
1052.21
1149.57
1236.35
1311.44
1343.41
1357.93
1347.16
1331.39
1320.33
1316.71
1342.83
1392.48
1414.79
1363.10
1304.60
1222.17
1153.59
1075.57
1015.06
978.44
951.47
945.41
947.89
964.47
1019.90
1097.35
1198.18
1261.22
1272.45
1271.37
1269.47
1254.44
1251.57
1255.55
1296.95
1349.09
1410.31
1357.08
1296.04
1191.14
1090.99
1019.98
972.30
942.40
934.84
943.93
981.24
1067.32
1225.60
1323.57
1369.48
1366.28
1359.52
1342.92
1348.10
1349.32
1339.48
1337.96
1363.32
1439.04
1464.56
1401.23
1326.59
1217.52
1114.49
1032.10
978.85
952.46
938.05
937.63
982.14
1063.79
1225.89
1318.62
1364.73
1365.26
1358.21
1346.95
1341.87
1337.06
1331.67
1338.21
1370.91
1417.63
1445.17
1391.91
1314.68
1219.94
1130.32
1037.05
983.57
953.94
941.86
935.03
964.12
1039.14
1191.83
1291.97
1310.67
1305.83
1299.41
1278.32
1269.97
1271.75
1271.35
1258.40
1312.39
1379.84
1427.40
1385.65
1304.89
1219.74
1112.33
1012.33
963.04
937.98
929.43
929.91
972.09
1049.12
1205.79
1302.19
1331.77
1342.97
1346.39
1323.06
1333.17
1338.09
1328.67
1328.64
1358.38
1404.58
1428.23
1383.67
1299.93
1211.29
1115.21
1027.57
972.56
938.78
927.78
926.43
952.09
1047.22
1199.97
1292.80
1345.40
1372.42
1360.12
1349.40
1316.76
1304.75
1290.07
1283.73
1310.49
1355.64
1375.54
1330.59
1261.34
1191.28
1104.02
1023.12
973.09
941.84
924.19
921.28
945.10
989.32
1073.94
1148.88
1242.71
1299.53
1307.45
1307.43
1292.98
1262.91
1248.77
1229.70
1278.38
1346.45
1388.66
1344.09
1284.19
1215.82
1142.01
1079.12
1034.05
1000.58
986.42
987.34
999.29
1024.15
1096.92
1195.53
1276.00
1298.56
1296.60
1275.57
1252.20
1238.85
1226.47
1251.05
1328.52
1410.62
1443.67
1397.21
1325.83
1225.50
1131.98
1055.88
1004.53
965.31
955.53
963.79
1001.67
1105.90
1270.62
1390.17
1438.53
1447.37
1461.54
1482.35
1488.24
1486.60
1461.41
1454.54
1480.85
1535.97
1530.77
1463.00
1374.73
1267.89
1168.97
1118.89
1044.07
1026.38
1010.95
1010.21
1039.08
1132.56
1283.00
1390.01
1445.03
1483.35
1495.68
1503.23
1505.30
1492.87
1473.67
1467.33
1485.97
1528.32
1519.12
1454.12
1356.88
1285.17
1168.13
1090.31
1021.95
1009.51
986.31
987.35
1003.29
1087.02
1238.21
1345.28
1383.69
1410.86
1444.94
1453.91
1451.00
1433.30
1397.86
1379.07
1411.35
1483.77
1498.61
1447.62
1361.32
1272.29
1175.23
1084.59
1028.48
1007.47
982.00
993.29
1028.11
1118.52
1267.33
1368.50
1382.47
1395.21
1369.60
1346.42
1314.87
1298.85
1278.25
1301.45
1337.05
1413.84
1467.05
1431.18
1369.43
1285.69
1193.31
1114.18
1048.22
1027.44
1011.02
1017.35
1063.01
1145.00
1306.82
1412.43
1402.56
1389.06
1368.39
1337.50
1307.93
1283.16
1264.09
1265.02
1293.78
1357.29
1380.97
1349.36
1291.68
1224.13
1150.01
1065.69
1009.47
979.07
961.72
961.50
972.35
995.41
1092.67
1170.50
1254.80
1322.16
1361.45
1379.97
1370.77
1362.98
1348.72
1355.19
1380.05
1417.90
1410.22
1346.34
1278.40
1211.26
1136.53
1058.98
1020.57
985.35
964.63
968.11
974.29
992.80
1053.42
1146.75
1231.60
1285.41
1292.54
1289.18
1287.24
1286.87
1269.46
1268.70
1281.80
1317.22
1305.74
1278.90
1236.42
1161.92
1088.67
1014.34
968.64
940.40
924.49
933.44
961.26
1061.50
1233.95
1327.48
1336.43
1340.00
1338.18
1327.32
1315.27
1290.91
1268.24
1273.27
1332.23
1422.05
1462.78
1407.17
1322.95
1235.55
1134.50
1063.51
1020.27
997.95
992.46
995.77
1026.61
1120.44
1284.86
1383.34
1390.01
1353.18
1318.69
1313.90
1314.74
1325.95
1324.79
1333.67
1349.40
1444.48
1476.61
1424.56
1339.98
1252.51
1152.05
1078.97
1024.75
1000.80
984.30
995.36
1040.43
1143.67
1315.85
1419.72
1418.48
1384.83
1350.66
1326.02
1321.60
1326.81
1328.31
1336.06
1380.71
1464.76
1488.52
1429.78
1357.06
1284.20
1203.80
1115.03
1078.09
1059.06
1032.92
1043.68
1084.17
1197.71
1364.04
1469.13
1469.42
1431.50
1400.82
1390.08
1355.39
1351.72
1350.95
1384.36
1407.12
1500.79
1543.04
1500.36
1433.14
1331.11
1226.22
1149.89
1112.88
1100.72
1090.94
1072.50
1103.39
1221.07
1383.00
1475.52
1470.83
1434.67
1403.49
1368.25
1331.46
1312.07
1311.24
1316.67
1359.35
1435.32
1467.52
1417.15
1357.80
1284.22
1207.04
1149.46
1120.01
1077.30
1060.16
1070.43
1082.16
1128.61
1203.02
1301.21
1357.23
1362.52
1330.92
1296.13
1262.82
1235.90
1208.82
1229.30
1290.43
1386.46
1411.40
1373.20
1322.44
1259.73
1189.50
1115.52
1070.56
1024.81
1023.34
1037.92
1064.51
1109.68
1194.32
1284.24
1333.93
1313.35
1273.18
1259.79
1238.52
1225.55
1243.05
1292.94
1412.16
1477.66
1419.36
1358.11
1279.25
1200.23
1133.38
1061.72
1036.76
1018.79
1029.63
1023.54
1081.46
1196.86
1373.35
1431.90
1421.74
1380.88
1352.66
1321.87
1301.84
1306.09
1309.76
1335.07
1431.54
1514.04
1462.69
1389.99
1322.07
1219.85
1141.51
1068.23
1031.51
1013.44
1007.64
1013.97
1046.98
1159.93
1326.87
1356.74
1351.60
1320.70
1320.65
1308.48
1295.12
1285.97
1280.60
1299.49
1399.33
1462.86
1424.68
1350.61
1272.10
1170.78
1078.36
1007.88
994.92
954.63
946.98
955.51
991.28
1069.83
1246.87
1346.75
1384.05
1410.35
1417.57
1370.02
1337.96
1333.50
1328.90
1353.94
1423.57
1487.18
1458.88
1392.28
1328.66
1257.43
1186.07
1089.52
1057.09
1033.64
1021.63
1021.54
1057.42
1148.10
1286.46
1358.01
1354.31
1338.52
1342.33
1299.24
1291.24
1291.54
1301.80
1334.51
1446.89
1501.60
1460.89
1388.34
1313.74
1226.77
1167.44
1069.74
1023.58
998.03
988.98
990.51
1015.93
1100.12
1261.25
1360.13
1407.34
1436.90
1470.69
1492.24
1496.65
1470.53
1457.09
1459.03
1489.83
1477.70
1423.50
1335.54
1254.75
1186.29
1107.30
1046.27
987.42
954.34
948.66
952.31
981.88
1034.54
1132.52
1197.41
1229.03
1234.98
1227.05
1205.25
1182.65
1181.78
1188.80
1226.87
1340.42
1394.15
1352.27
1286.12
1228.55
1169.19
1098.01
1045.35
1006.35
997.08
984.24
988.73
1007.46
1047.20
1103.59
1174.42
1237.29
1255.61
1254.82
1237.67
1243.97
1263.35
1276.59
1312.38
1436.06
1491.49
1430.40
1366.96
1288.39
1198.00
1125.01
1065.31
1006.55
984.99
987.61
990.45
1021.61
1127.58
1293.98
1386.54
1414.43
1419.44
1405.07
1395.46
1397.03
1410.32
1395.98
1407.46
1504.24
1544.60
1505.19
1441.63
1371.66
1265.74
1192.23
1126.81
1066.38
1050.24
1046.50
1051.31
1085.72
1183.75
1350.33
1423.34
1437.28
1418.79
1421.46
1388.88
1388.41
1399.52
1423.50
1453.16
1523.09
1578.40
1548.45
1482.94
1398.06
1326.52
1251.40
1186.51
1127.90
1105.61
1104.50
1111.48
1137.76
1240.27
1423.59
1494.37
1488.69
1465.29
1452.17
1420.52
1427.89
1433.12
1443.09
1472.30
1548.30
1567.08
1515.22
1443.30
1361.13
1275.84
1184.50
1093.18
1055.18
1028.66
1015.94
1027.87
1089.06
1164.62
1303.66
1384.72
1415.88
1433.32
1437.57
1400.37
1373.60
1357.66
1338.70
1366.77
1430.47
1487.30
1452.03
1394.03
1313.76
1242.48
1141.28
1057.77
1006.57
985.26
996.24
1009.92
1032.91
1122.26
1271.19
1355.08
1371.24
1357.02
1370.79
1404.98
1391.30
1373.34
1380.95
1400.74
1483.61
1535.13
1499.51
1472.29
1402.67
1305.13
1249.05
1160.62
1108.19
1105.25
1099.81
1109.39
1130.61
1179.37
1256.88
1328.86
1369.67
1377.88
1353.60
1317.78
1287.69
1284.90
1291.52
1348.90
1438.15
1494.00
1448.04
1407.21
1329.85
1271.48
1208.06
1147.84
1087.99
1075.97
1070.11
1057.05
1064.30
1098.81
1160.72
1250.36
1336.02
1374.46
1395.27
1391.62
1380.09
1359.14
1343.54
1376.29
1497.86
1537.29
1503.02
1428.48
1346.32
1236.33
1141.34
1077.79
1023.61
1015.09
1011.28
1006.28
1036.03
1135.38
1281.38
1382.91
1428.61
1457.86
1468.79
1465.92
1461.91
1437.22
1417.05
1435.64
1497.66
1560.51
1532.91
1463.91
1385.09
1307.77
1234.89
1132.00
1097.12
1086.01
1079.51
1093.01
1153.52
1258.10
1407.65
1489.17
1498.74
1460.02
1451.33
1434.44
1414.15
1424.66
1462.85
1509.01
1596.56
1642.61
1619.54
1569.68
1506.83
1422.42
1332.77
1265.13
1219.47
1199.55
1189.30
1194.22
1222.44
1319.08
1435.34
1524.27
1545.75
1534.57
1523.58
1489.93
1473.45
1487.40
1494.83
1516.65
1606.77
1620.14
1573.98
1539.91
1474.20
1392.25
1322.06
1230.85
1190.49
1160.90
1150.68
1169.21
1179.92
1219.18
1271.84
1362.65
1451.95
1466.97
1457.29
1439.24
1372.88
1331.53
1297.28
1291.01
1316.93
1313.01
1291.22
1262.19
1237.54
1187.21
1115.08
1075.50
1042.98
1027.22
1013.30
1018.01
1036.91
1073.14
1176.24
1248.40
1319.15
1360.28
1391.41
1399.26
1418.67
1421.50
1410.73
1431.95
1500.28
1507.07
1459.53
1406.65
1351.84
1277.74
1192.24
1142.23
1106.40
1086.51
1084.46
1087.53
1108.75
1147.59
1225.97
1321.12
1422.43
1480.43
1498.44
1486.99
1453.56
1430.73
1418.62
1452.39
1540.70
1584.55
1556.86
1509.18
1464.19
1393.02
1311.58
1251.55
1200.81
1184.75
1185.52
1172.16
1188.29
1226.44
1291.17
1384.70
1448.04
1455.87
1442.45
1427.43
1414.89
1418.92
1461.00
1514.54
1614.28
1640.22
1593.21
1534.12
1454.86
1353.32
1253.96
1175.24
1156.97
1121.92
1120.69
1135.26
1181.29
1282.79
1449.42
1543.35
1580.87
1572.09
1530.79
1491.04
1477.15
1487.54
1506.74
1543.17
1637.85
1656.91
1622.78
1570.64
1500.78
1405.73
1314.08
1278.73
1221.17
1202.76
1194.25
1200.37
1229.20
1343.95
1507.42
1589.35
1591.27
1557.51
1544.31
1508.47
1498.95
1522.03
1527.96
1559.05
1645.53
1678.16
1642.77
1595.91
1503.74
1407.85
1323.93
1215.76
1168.50
1118.88
1116.01
1114.99
1151.06
1285.10
1459.66
1530.90
1538.52
1516.09
1510.52
1462.28
1451.32
1469.09
1456.31
1513.07
1587.26
1652.86
1621.80
1568.15
1483.39
1401.77
1331.37
1222.76
1181.26
1156.58
1151.55
1149.10
1169.03
1271.18
1435.24
1520.29
1593.21
1590.15
1616.68
1605.85
1568.39
1541.78
1520.26
1531.84
1581.14
1615.55
1576.87
1511.17
1437.24
1341.94
1236.42
1135.22
1100.67
1080.52
1069.55
1080.37
1127.93
1231.66
1382.20
1462.90
1483.82
1480.39
1478.31
1448.41
1447.09
1460.43
1476.55
1523.60
1623.17
1659.04
1618.25
1582.22
1532.86
1467.13
1394.02
1294.08
1257.84
1241.13
1224.65
1228.11
1260.17
1310.02
1384.12
1480.23
1532.80
1548.26
1506.99
1472.21
1427.85
1427.83
1443.96
1501.97
1599.31
1636.05
1599.40
1543.83
1479.86
1415.22
1328.93
1275.93
1231.75
1215.50
1196.82
1198.46
1221.99
1260.35
1329.24
1413.00
1489.64
1501.46
1500.98
1502.71
1464.70
1471.65
1475.92
1529.67
1658.56
1690.27
1644.73
1580.32
1498.72
1391.05
1280.91
1212.21
1168.87
1146.66
1135.80
1138.24
1160.63
1261.85
1410.61
1517.02
1563.00
1588.58
1602.32
1611.67
1584.70
1576.87
1563.09
1566.40
1626.62
1651.38
1596.22
1516.67
1420.60
1300.73
1186.48
1121.45
1082.75
1066.07
1068.40
1076.08
1119.52
1238.44
1393.97
1485.76
1490.79
1490.79
1467.48
1448.37
1452.12
1466.60
1476.68
1543.42
1647.53
1693.65
1665.46
1606.32
1525.68
1431.56
1311.05
1233.08
1210.71
1189.94
1173.54
1187.60
1225.45
1323.50
1475.21
1570.91
1603.30
1640.73
1658.44
1673.07
1689.61
1670.01
1648.79
1669.83
1734.50
1773.99
1742.84
1678.02
1591.17
1502.81
1421.94
1325.48
1282.13
1238.87
1228.88
1245.55
1275.82
1376.50
1531.82
1634.49
1658.30
1631.04
1604.69
1575.62
1551.71
1560.88
1560.81
1602.42
1690.66
1731.88
1705.55
1654.54
1593.44
1505.95
1424.76
1344.01
1295.67
1278.06
1266.93
1267.22
1307.03
1390.31
1546.42
1645.66
1703.41
1722.16
1735.06
1727.59
1712.48
1695.75
1681.30
1699.39
1749.22
1746.76
1694.24
1674.60
1574.12
1488.67
1382.38
1294.52
1215.78
1185.20
1176.26
1177.78
1193.10
1229.74
1299.39
1399.48
1482.02
1560.71
1598.94
1615.91
1585.41
1576.55
1543.74
1558.94
1585.46
1618.46
1550.69
1486.22
1431.01
1331.64
1240.20
1162.63
1096.52
1071.83
1057.08
1060.71
1069.93
1112.74
1177.95
1278.56
1372.09
1393.56
1394.07
1384.99
1366.96
1361.28
1392.04
1460.17
1561.23
1628.97
1601.28
1530.45
1456.82
1369.73
1275.70
1203.98
1148.02
1117.89
1110.51
1130.47
1175.77
1288.56
1430.77
1513.37
1543.90
1557.85
1553.58
1516.25
1495.62
1494.12
1470.08
1493.19
1587.41
1672.72
1625.14
1593.79
1507.18
1387.41
1295.93
1221.55
1153.84
1124.59
1108.70
1112.92
1141.82
1244.63
1393.97
1481.58
1497.09
1487.80
1462.02
1440.52
1428.07
1414.89
1445.35
1496.67
1600.79
1690.65
1672.31
1626.45
1558.50
1476.29
1361.16
1297.54
2040.05
1216.87
1209.14
2027.15
2070.50
1366.28
1519.59
1611.04
1615.16
1592.91
1566.39
1541.27
1520.01
1534.00
1539.69
1582.08
1683.10
1713.26
1663.08
1613.11
2325.82
2253.47
2190.70
2047.57
1194.74
1160.66
1139.75
1143.23
1148.71
1239.43
1395.14
1513.86
1552.68
1568.79
1594.50
1599.73
1564.33
1541.69
1521.84
1552.18
1616.56
1644.14
1614.43
1555.44
1483.35
1374.98
1287.83
1196.05
1126.19
1098.89
1083.99
1079.90
1103.05
1199.56
1342.10
1431.45
1443.76
1433.71
1413.45
1397.04
1375.12
1380.88
1387.75
1429.53
1511.24
1547.17
1497.19
1453.25
1408.69
1345.20
1269.02
1197.93
1142.47
1125.35
1114.23
1116.88
1138.73
1191.66
1267.03
1372.33
1452.57
1503.22
1502.97
1489.74
1485.04
1489.69
1507.00
1560.17
1627.94
1659.64
1613.29
1549.21
1480.44
1421.03
1350.89
1277.96
1233.72
1197.42
1181.74
1181.60
1197.68
1230.07
1299.72
1393.76
1481.80
1545.76
1571.59
1564.90
1550.61
1533.60
1533.20
1563.94
1677.94
1723.93
1678.87
1633.48
1559.16
1473.90
1377.02
1304.70
1279.12
1258.83
1245.40
1265.10
1313.74
1429.99
1589.01
1695.17
1713.99
1720.87
1704.43
1667.39
1634.93
1623.97
1608.66
1648.81
1738.08
1796.50
1760.04
1700.76
1610.84
1515.44
1414.82
1323.03
1260.35
1242.02
1227.95
1235.39
1268.43
1368.94
1512.26
1604.29
1625.56
1622.22
1588.80
1537.86
1495.98
1496.56
1503.24
1544.88
1640.35
1714.60
1693.14
1650.07
1580.96
1491.89
1392.35
1325.90
1249.55
1239.46
1225.52
1229.51
1238.57
1336.67
1429.49
1549.27
1615.98
1670.79
1696.83
1708.77
1697.10
1666.50
1633.32
1628.39
1690.74
1725.02
1679.86
1626.21
1559.58
1472.50
1404.89
1310.20
1248.55
1241.17
1238.01
1256.75
1275.57
1372.94
1497.24
1607.85
1669.90
1684.84
1645.89
1617.14
1601.52
1608.68
1643.78
1663.42
1754.16
1748.91
1723.31
1700.15
1654.90
1589.68
1511.41
1435.18
1370.62
1334.88
1322.13
1302.57
1321.15
1386.47
1464.49
1578.65
1647.47
1690.45
1662.73
1642.40
1592.59
1570.70
1562.10
1592.02
1658.29
1673.60
1610.54
1564.96
1534.45
1477.23
1410.69
1348.62
1259.47
1231.03
1206.26
1211.45
1210.11
1240.50
1317.68
1397.02
1478.25
1513.90
1507.20
1532.85
1541.21
1518.17
1483.49
1488.15
1530.83
1526.59
1490.47
1446.39
1402.01
1340.28
1274.43
1233.76
1171.86
1139.88
1130.81
1128.29
1150.91
1163.66
1231.93
1326.70
1435.22
1512.10
1533.63
1528.85
1505.65
1493.96
1492.52
1522.05
1607.41
1646.61
1607.94
1549.92
1480.14
1398.63
1318.44
1272.70
1207.17
1183.63
1174.82
1187.25
1228.09
1313.74
1427.20
1505.36
1555.55
1573.35
1583.00
1588.79
1547.37
1543.78
1560.41
1579.90
1668.43
1717.05
1682.73
1624.30
1536.98
1481.02
1387.41
1328.85
1260.89
1223.78
1209.74
1221.15
1260.35
1316.96
1418.03
1530.86
1592.75
1649.37
1680.93
1671.41
1650.82
1609.54
1591.70
1589.18
1679.56
1712.61
1689.05
1613.41
1539.96
1448.98
1327.97
1266.90
1202.91
1178.51
1161.60
1175.12
1210.29
1276.64
1388.21
1497.94
1547.71
1541.99
1549.61
1537.74
1517.95
1533.81
1548.54
1568.06
1633.31
1693.72
1647.16
1587.19
1508.34
1413.94
1344.61
1256.64
1187.02
1164.54
1152.98
1152.71
1188.31
1249.86
1369.30
1470.99
1519.87
1565.07
1579.34
1592.83
1580.09
1564.28
1571.82
1590.44
1657.22
1687.32
1628.30
1560.66
1506.22
1428.17
1323.89
1247.60
1188.27
1157.40
1128.09
1133.81
1158.26
1211.91
1287.03
1374.85
1425.86
1478.66
1472.11
1465.85
1457.89
1454.74
1451.27
1485.81
1565.16
1577.85
1518.69
1449.05
1400.19
1340.79
1265.57
1210.98