746.50
717.10
698.12
690.99
696.50
714.69
744.20
761.41
779.38
797.25
813.30
837.68
858.89
862.06
857.86
874.99
942.79
988.66
971.66
940.97
904.56
861.01
811.84
761.96
718.91
687.01
667.37
658.39
658.38
669.90
698.15
728.44
762.98
808.68
837.87
832.57
816.96
814.72
818.29
834.66
901.28
959.40
950.69
921.50
890.22
847.16
802.89
754.24
713.75
690.94
676.16
671.70
674.52
687.23
716.00
744.98
791.34
843.95
877.25
907.40
923.92
928.99
934.10
941.69
994.56
1030.22
1012.39
972.95
929.97
871.77
808.26
756.92
720.82
693.37
683.52
684.69
701.95
743.03
820.66
893.06
938.51
956.09
965.12
970.48
972.25
965.83
944.04
941.95
998.33
1060.44
1045.99
1013.64
963.38
907.85
846.87
787.21
744.67
719.64
707.06
706.07
721.01
763.62
836.02
903.39
946.39
960.11
971.78
979.02
979.89
981.58
977.23
979.99
1033.44
1081.33
1064.85
1031.90
982.16
923.49
843.83
791.72
756.86
731.66
719.87
718.73
737.14
778.45
850.98
914.49
953.35
954.98
950.57
940.78
930.38
926.21
912.85
935.35
997.39
1065.09
1051.30
1020.20
972.19
916.25
840.41
791.12
748.45
723.56
712.34
711.61
732.55
777.06
847.59
907.92
938.23
935.56
937.25
935.75
927.92
922.03
917.36
927.69
986.87
1057.02
1049.21
1022.43
977.21
923.41
848.71
799.74
758.70
737.49
728.41
730.24
752.65
796.55
867.33
932.70
957.47
954.06
948.79
942.93
929.17
914.96
914.74
933.71
982.44
1037.23
1025.89
998.74
960.15
917.44
862.76
808.68
764.77
743.23
729.89
727.72
733.39
755.16
799.67
834.67
877.34
893.60
902.54
904.80
893.32
884.14
888.38
911.28
973.52
1026.57
1010.53
976.87
941.57
895.31
838.17
787.77
746.30
717.57
703.88
699.90
707.51
721.75
747.98
778.06
810.35
837.27
845.93
853.67
853.04
846.30
848.71
875.63
937.11
1011.55
1007.00
978.65
943.11
897.00
838.36
786.32
755.98
731.92
727.46
728.20
751.20
797.62
883.70
956.13
1001.05
1021.03
1030.52
1025.72
1015.62
1013.06
1005.01
1000.62
1044.30
1092.73
1073.10
1038.36
984.10
927.66
863.57
804.10
763.48
743.94
732.62
733.68
752.74
798.99
881.66
948.04
983.30
986.51
983.18
960.02
949.96
946.05
939.25
942.07
1001.46
1065.53
1051.41
1020.85
969.54
909.86
843.73
780.26
731.93
715.56
703.15
702.46
719.20
769.75
859.13
925.63
946.61
933.12
933.62
923.54
923.41
925.15
928.80
943.91
1004.67
1056.05
1040.29
1007.13
953.33
896.45
825.79
767.25
720.26
707.57
696.83
695.66
709.79
755.25
840.27
906.10
942.22
953.85
961.61
955.88
944.28
948.74
941.29
936.35
975.38
1033.87
1016.35
983.13
935.23
877.21
810.44
751.12
709.87
688.84
678.09
673.37
688.23
729.98
808.97
876.84
914.94
918.17
919.91
926.70
937.28
935.98
927.10
926.59
960.10
1009.44
991.22
960.38
920.52
874.48
818.53
765.76
724.59
692.81
679.22
673.91
678.24
696.16
730.65
770.11
818.45
865.03
894.46
893.66
867.55
848.17
853.04
862.76
918.33
959.81
947.00
909.86
876.80
839.27
795.09
745.67
701.91
687.67
676.44
673.52
679.32
695.80
734.28
760.08
786.70
809.80
824.27
834.35
846.91
849.70
855.72
870.28
924.36
983.66
975.29
935.43
896.53
847.54
796.26
743.78
703.69
677.94
667.10
662.85
682.67
721.43
782.69
837.93
868.10
882.23
885.13
897.64
901.41
911.92
905.82
912.74
965.87
1031.31
1019.43
984.58
939.89
883.46
817.23
769.48
735.56
716.28
707.62
710.50
732.68
782.68
865.95
931.11
957.31
944.42
945.61
953.81
945.44
933.59
941.36
949.65
1000.43
1061.35
1047.43
1014.88
968.03
911.61
836.34
789.50
746.25
727.62
717.99
715.95
731.44
775.54
856.78
925.35
965.14
997.09
998.58
976.10
966.14
970.07
967.99
974.18
1019.12
1087.39
1080.53
1051.29
1003.84
952.38
883.15
825.41
787.67
768.06
759.88
759.67
776.43
826.38
911.03
979.04
1001.19
1003.12
1026.18
1036.65
1036.17
1033.73
1024.25
1011.90
1042.91
1091.86
1080.49
1053.35
1003.71
943.54
873.34
809.30
764.03
737.41
725.09
724.53
735.95
782.69
861.73
924.81
962.39
956.11
945.75
925.42
916.76
927.09
938.71
933.42
953.40
1015.41
1006.37
978.87
939.80
898.16
841.45
787.55
746.29
721.50
709.28
706.36
714.92
740.46
788.42
830.17
871.07
894.30
913.25
916.32
910.12
906.64
911.61
925.22
986.37
1064.36
1064.77
1037.55
1003.42
961.18
913.57
862.03
824.35
800.61
790.05
786.36
790.51
806.98
837.78
871.07
903.25
931.54
944.36
957.52
962.31
956.66
960.22
977.94
1026.48
1093.12
1091.88
1064.16
1019.43
962.79
895.40
846.44
813.13
788.89
778.85
781.04
807.84
853.72
933.26
997.53
1030.52
1025.85
1020.55
1014.59
1002.92
990.58
980.82
986.56
1030.46
1108.75
1102.59
1068.73
1015.73
956.72
884.27
820.57
782.08
756.26
747.97
748.61
765.54
816.55
902.20
966.69
1007.69
1018.54
1020.76
1020.33
1029.94
1034.10
1034.39
1040.06
1066.60
1121.29
1107.03
1069.44
1013.84
945.59
880.47
814.35
774.63
750.07
737.94
734.33
756.50
800.68
876.08
942.21
986.26
1007.58
1023.07
1027.42
1021.26
1014.30
1009.11
1008.89
1041.30
1098.62
1079.52
1040.74
990.99
922.96
864.01
805.00
767.32
746.49
739.50
743.83
757.91
803.53
882.02
958.11
1007.01
1034.15
1052.80
1060.58
1059.57
1047.22
1032.00
1025.35
1054.87
1121.03
1121.91
1099.66
1063.38
1012.61
951.11
891.65
861.59
844.92
836.96
839.91
860.64
916.33
1003.19
1075.07
1113.91
1134.71
1145.74
1143.41
1130.28
1120.49
1113.48
1107.24
1135.05
1204.29
1205.18
1175.23
1128.62
1072.55
1004.87
957.44
914.66
889.66
876.90
874.10
885.12
904.50
945.17
980.76
1020.14
1045.46
1053.00
1048.58
1035.62
1020.57
1011.34
1013.85
1058.15
1131.66
1133.21
1104.96
1069.84
1025.11
973.69
916.61
887.73
866.01
856.20
852.36
858.77
881.93
915.42
943.90
982.61
1024.02
1043.20
1046.07
1045.15
1028.21
1013.29
1018.61
1064.87
1127.95
1123.71
1091.09
1044.39
989.60
924.21
863.24
820.12
802.93
789.70
788.71
806.86
846.35
921.65
987.84
1040.44
1069.07
1087.99
1100.63
1103.37
1093.92
1073.27
1060.90
1084.47
1134.24
1117.65
1069.47
1008.99
941.78
885.83
828.56
785.70
759.89
748.29
744.15
756.62
798.64
866.56
923.41
977.40
1007.88
1029.98
1045.35
1048.72
1044.60
1034.47
1036.64
1064.60
1119.43
1105.49
1064.74
1013.67
950.17
873.82
821.76
777.77
751.19
740.98
739.76
757.22
806.77
880.45
945.16
980.74
983.29
985.16
979.86
984.37
991.03
991.09
993.61
1023.34
1080.91
1073.80
1038.58
988.84
932.80
860.46
810.60
769.62
746.80
737.28
737.88
755.07
800.86
882.20
946.35
978.69
983.92
969.05
956.30
946.53
965.85
958.02
960.54
988.57
1052.77
1062.45
1032.97
990.72
934.26
864.38
818.89
777.27
756.87
746.84
745.48
764.01
806.70
881.11
941.12
987.97
1013.07
1019.09
1026.63
1023.27
1007.58
981.75
950.91
964.14
1019.85
1021.73
993.46
951.13
906.47
845.09
801.91
758.59
733.51
719.70
715.81
722.71
745.48
788.69
828.61
869.20
879.63
876.78
876.56
867.09
855.73
852.84
857.69
901.23
978.20
987.92
963.98
925.37
885.37
834.76
779.94
748.93
725.55
712.56
707.36
711.36
731.81
761.25
785.33
842.17
894.68
940.54
984.65
1014.31
1016.75
1017.13
1015.55
1039.16
1087.15
1064.77
1002.37
962.59
912.61
862.96
820.97
779.77
760.18
753.96
759.10
786.74
835.10
910.63
975.84
1021.35
1038.45
1049.29
1050.96
1040.74
1032.89
1014.18
1005.53
1036.12
1115.15
1130.04
1103.75
1053.61
996.58
922.29
871.02
828.97
809.15
799.32
800.97
824.91
872.03
946.02
1013.50
1056.45
1070.44
1081.30
1097.31
1102.46
1097.60
1082.92
1070.16
1097.64
1148.31
1140.77
1102.54
1044.44
983.99
917.52
853.12
810.82
785.69
779.99
786.30
806.30
852.72
937.84
1007.61
1038.75
1039.57
1042.44
1037.20
1022.20
1011.00
994.53
987.44
1021.30
1101.38
1114.82
1088.86
1044.03
982.32
909.04
850.75
805.59
783.30
773.05
772.29
797.52
845.76
925.23
994.29
1035.80
1033.54
1024.88
1013.06
1002.06
993.06
978.01
977.28
1016.98
1095.08
1106.76
1086.20
1042.74
983.42
915.05
863.07
824.72
807.57
801.31
804.22
830.01
879.57
961.58
1028.84
1056.85
1060.48
1060.55
1045.40
1032.35
1015.15
1002.71
1003.03
1030.74
1082.78
1085.65
1057.50
1020.06
968.92
908.41
856.01
812.16
787.49
773.31
767.33
777.53
799.51
840.00
881.34
933.43
973.10
986.84
984.58
976.73
957.53
958.48
965.11
996.82
1047.43
1047.28
1020.04
978.24
936.04
879.09
825.92
788.48
762.18
745.02
736.64
740.57
757.26
783.11
815.34
866.24
912.19
942.14
950.60
949.93
937.48
922.04
918.03
945.53
1003.54
1005.72
970.68
927.46
880.48
828.83
780.74
743.61
721.33
709.83
718.41
738.47
777.27
836.72
895.48
948.73
990.62
1020.28
1035.38
1037.58
1041.03
1030.89
1018.53
1047.31
1098.11
1092.40
1054.36
1001.71
944.34
869.18
818.01
776.54
748.13
734.99
729.75
749.08
789.17
855.70
914.91
963.53
982.32
993.42
996.72
989.56
984.20
968.99
948.23
956.56
1012.04
1032.02
997.61
952.74
909.52
848.27
791.15
750.95
745.60
743.15
748.62
769.97
821.44
896.61
954.06
983.52
993.22
995.70
988.06
972.11
968.24
959.25
962.12
998.69
1069.47
1096.52
1069.07
1025.42
976.01
908.43
845.69
803.11
777.32
764.72
758.43
777.72
825.45
897.47
962.08
993.09
1025.16
1049.96
1066.33
1074.40
1086.92
1077.14
1067.70
1085.97
1127.03
1134.44
1097.31
1039.48
979.13
908.36
846.01
804.33
778.36
766.03
763.03
779.37
820.01
885.08
949.55
1004.34
1029.41
1054.48
1065.30
1066.83
1071.23
1057.16
1047.76
1051.38
1094.34
1094.34
1059.69
1013.56
968.37
910.36
854.22
808.97
781.63
767.25
760.11
763.91
783.06
820.13
865.07
907.78
920.64
928.38
928.30
927.80
921.29
918.29
922.69
958.78
1018.84
1040.81
1010.82
975.93
936.07
889.80
837.62
804.94
783.75
773.91
771.57
779.41
795.57
822.72
851.22
878.84
905.41
917.83
920.97
915.05
902.53
892.55
905.20
945.29
1014.03
1051.98
1032.86
996.69
946.39
887.10
835.23
806.48
786.47
779.95
783.09
798.00
843.51
921.34
993.56
1033.41
1033.17
1030.54
1034.52
1023.07
1025.77
1029.17
1029.20
1056.14
1105.71
1094.41
1046.21
986.21
926.10
857.56
799.14
758.17
740.13
731.23
734.09
751.34
801.08
880.74
944.66
969.67
963.08
945.04
935.11
927.72
930.82
945.53
954.03
987.79
1043.30
1054.30
1023.71
976.00
917.77
846.31
785.57
742.75
716.96
707.30
706.10
725.88
777.45
853.25
904.31
915.81
908.41
905.62
907.85
897.95
885.06
880.26
871.76
908.07
977.15
1011.64
987.98
942.19
882.22
810.78
749.45
707.31
679.90
669.78
668.28
688.32
736.77
823.44
875.45
896.46
894.05
898.05
894.66
889.13
880.54
880.17
878.95
913.11
978.33
1017.11
994.43
952.61
901.04
836.77
780.23
745.38
722.82
715.47
716.20
739.98
789.10
866.22
914.72
922.35
909.59
902.19
897.39
882.44
870.20
857.95
861.81
899.26
955.65
981.84
960.07
922.41
879.62
813.65
771.07
733.98
712.16
701.36
694.37
702.01
719.87
749.16
792.71
849.53
888.74
920.98
940.23
944.04
937.61
923.77
911.79
909.74
933.62
938.61
907.68
868.18
826.96
770.70
736.86
697.12
673.03
661.09
656.95
668.14
684.68
708.45
743.88
786.72
829.59
854.06
869.90
871.14
866.37
860.57
872.08
902.71
950.11
970.72
940.97
896.62
841.38
775.33
732.24
694.49
671.45
658.64
658.91
679.73
720.07
793.84
865.33
906.96
928.92
942.95
967.45
977.00
965.79
943.91
938.81
955.79
1014.46
1059.65
1034.30
986.34
933.50
862.23
828.59
793.69
781.43
782.91
791.07
822.58
882.24
962.93
1025.42
1050.36
1055.74
1061.89
1058.07
1050.51
1032.70
1022.30
1020.32
1050.19
1114.51
1152.66
1128.89
1079.90
1014.80
938.77
876.00
822.24
796.71
782.48
778.25
794.06
837.48
908.94
965.34
986.39
968.46
944.16
929.91
912.53
898.98
885.25
883.22
914.40
973.92
1016.12
993.47
950.57
894.37
826.57
768.52
728.27
706.64
697.72
701.26
725.38
776.19
850.25
905.45
925.22
936.08
956.72
956.01
936.51
926.63
917.59
917.93
943.29
1007.33
1051.98
1034.24
991.60
940.98
874.43
832.53
796.99
778.31
770.93
776.24
795.73
842.56
910.68
960.84
987.12
977.52
972.66
967.52
954.11
943.44
929.22
924.14
952.25
1003.48
1047.95
1027.88
988.41
941.12
873.99
834.74
792.05
766.97
754.91
751.03
763.50
786.78
818.56
849.29
876.58
888.46
895.22
893.03
879.70
863.99
852.28
858.85
898.28
959.00
1011.27
995.40
965.69
922.15
873.00
821.86
784.13
770.29
760.42
756.58
762.62
780.48
800.77
824.15
851.44
873.32
874.55
876.14
868.07
852.03
842.13
852.03
891.09
954.36
1007.22
989.88
950.25
893.80
839.83
792.85
755.30
744.45
738.36
745.07
768.57
822.79
895.97
949.62
969.20
962.52
954.34
943.82
930.78
914.35
893.20
887.72
917.62
979.45
1028.25
1006.19
958.28
898.96
826.87
776.45
732.06
708.83
697.32
695.23
716.13
758.67
826.18
883.55
889.80
879.05
871.06
865.25
855.21
843.71
831.38
827.92
844.82
892.49
941.27
920.76
876.57
826.48
769.75
718.19
693.91
674.87
672.41
674.05
691.91
743.87
824.28
873.27
876.90
871.05
868.88
863.94
854.00
847.43
837.79
838.00
866.14
926.60
978.41
959.22
914.67
860.59
798.20
742.83
704.73
682.63
673.90
672.55
691.05
742.34
807.33
863.73
899.44
907.26
895.39
877.97
856.57
844.28
825.85
820.34
840.33
881.56
929.00
910.00
864.01
812.67
751.38
693.68
656.93
630.52
619.24
615.74
630.56
674.39
742.16
806.25
825.20
812.12
815.49
814.78
808.49
804.87
795.17
787.71
803.99
837.82
877.72
862.43
821.97
783.04
734.10
690.87
653.63
637.70
634.60
635.92
650.12
680.42
713.55
750.71
783.42
799.91
805.31
802.56
786.72
772.66
768.97
769.92
803.26
852.76
902.03
887.99
856.89
816.87
774.16
724.34
692.80
679.76
666.71
654.08
650.99
659.86
684.26
707.49
728.79
752.40
767.02
778.95
798.41
811.44
814.87
830.28
853.59
871.40
907.55
952.60
935.20
895.25
844.57
790.86
755.65
739.14
733.37
739.92
758.63
803.04
886.77
965.04
996.68
1013.57
1025.18
1019.51
1010.48
999.24
967.80
949.79
961.94
996.16
1031.44
1066.83
1032.96
977.80
909.29
848.53
808.10
786.68
778.03
777.20
794.03
839.14
928.35
992.50
1017.39
1004.31
987.14
980.30
974.51
945.39
924.11
925.57
952.07
991.57
1011.96
1033.08
994.44
939.61
868.98
804.48
761.20
735.68
725.51
718.52
734.45
776.95
857.11
927.91
965.20
968.14
960.68
933.22
915.14
899.90
873.42
862.75
867.59
887.05
913.09
943.89
917.95
872.24
811.57
759.72
716.14
695.16
686.94
682.93
698.02
730.84
810.85
875.71
917.90
931.95
938.05
935.50
932.55
936.50
926.30
920.49
933.95
959.81
969.23
960.77
920.24
862.51
809.01
749.99
711.42
690.36
682.47
688.62
706.69
746.73
832.75
898.83
920.23
925.20
923.27
921.39
907.85
894.46
870.93
851.76
854.75
877.39
903.40
945.57
925.64
886.23
834.79
788.22
747.21
722.60
708.56
708.44
712.70
736.75
774.81
814.19
834.39
839.33
833.18
816.54
798.35
776.81
761.34
752.12
763.30
787.86
817.37
853.03
840.22
802.39
761.75
721.25
687.21
663.19
650.88
650.29
655.18
672.45
702.21
730.11
758.91
773.80
772.85
767.78
758.23
741.76
729.23
729.56
749.64
782.49
815.93
855.92
840.32
795.89
741.33
688.46
666.23
646.72
637.93
643.58
670.45
723.57
806.27
869.94
883.48
873.78
864.67
855.25
843.06
828.62
810.83
796.44
810.11
842.55
857.48
897.69
872.59
821.07
759.40
707.12
668.51
647.51
639.24
638.44
652.70
698.86
780.21
840.20
864.48
859.60
843.37
831.43
819.18
813.33
802.74
791.52
802.10
821.95
842.63
877.26
850.29
798.46
729.45
677.22
637.19
616.47
607.46
608.94
629.83
672.24
752.78
814.89
841.79
842.44
853.15
847.63
820.98
817.51
802.74
815.95
837.47
858.52
871.17
889.42
854.50
802.08
735.72
677.93
635.61
609.26
598.36
595.43
611.12
648.88
727.51
792.53
831.50
851.09
865.40
870.40
862.66
853.50
822.10
796.94
804.31
823.37
840.96
871.97
843.67
791.41
726.63
667.95
625.50
599.86
587.95
585.22
597.11
639.84
707.12
780.00
826.25
851.51
864.74
883.91
887.81
876.76
860.48
839.98
831.27
826.73
829.37
854.64
832.71
794.43
734.28
683.03
640.42
612.98
595.80
589.19
592.06
610.87
647.13
682.49
713.91
733.67
736.16
730.06
717.70
704.15
696.78
693.82
717.21
745.45
765.54
794.56
784.24
747.18
698.10
654.55
624.26
598.92
586.80
581.27
584.51
600.92
622.32
654.52
707.04
756.84
793.06
826.35
860.03
872.67
869.89
857.83
863.35
876.08
877.89
869.09
833.18
777.47
713.06
658.20
621.07
600.17
587.78
590.99
609.25
666.81
744.98
814.81
838.68
843.75
847.16
852.30
845.09
829.45
811.98
798.69
812.49
846.84
867.59
905.49
887.50
836.60
769.83
715.44
673.09
654.94
646.14
642.55
663.86
713.52
797.75
857.34
859.66
845.19
837.23
822.09
810.18
805.03
789.13
775.52
790.30
826.14
853.82
889.85
868.68
819.22
754.47
697.19
656.08
632.54
621.07
618.69
633.25
672.67
745.44
806.90
838.75
844.32
835.90
839.61
829.86
831.56
816.73
805.57
818.94
843.55
861.37
882.90
846.92
796.09
733.59
677.38
631.76
608.54
598.58
593.35
603.48
641.10
716.85
790.77
838.07
861.08
884.12
887.18
882.24
869.35
843.27
853.77
876.08
898.23
907.46
914.35
891.99
849.98
794.10
740.11
699.05
674.44
663.37
665.49
687.48
719.07
785.54
846.20
880.76
879.19
868.39
867.16
862.89
855.77
844.07
830.25
835.71
859.71
885.76
920.17
909.74
871.35
815.96
765.40
714.53
700.24
683.70
680.59
689.82
711.90
739.92
775.48
803.40
812.82
807.91
798.85
779.84
762.45
742.07
734.53
752.80
780.62
806.97
843.75
845.41
815.14
767.22
719.40
679.70
654.84
641.84
641.96
646.72
663.24
688.79
723.46
748.39
765.31
765.97
762.57
750.75
724.50
696.61
687.06
694.99
711.13
737.68
782.93
790.64
753.39
703.92
655.24
622.97
602.24
597.96
602.77
613.06
662.51
736.61
805.11
842.29
854.19
848.38
836.32
829.21
820.59
806.52
789.22
797.17
820.55
842.40
872.66
856.38
802.00
730.58
675.88
633.66
620.32
609.68
609.00
624.11
666.15
739.69
796.24
818.82
822.23
815.35
814.51
805.16
798.43
794.79
785.13
797.18
815.99
831.27
856.07
841.57
788.98
723.20
669.46
637.05
616.16
606.63
606.14
623.65
667.05
741.30
799.84
813.62
812.13
810.45
812.31
811.15
817.41
805.42
799.45
809.24
823.06
832.41
856.67
845.94
792.64
724.76
670.94
629.24
605.48
594.83
591.58
606.60
648.22
720.30
782.08
801.38
803.49
808.72
815.35
810.89
805.89
792.58
781.79
794.60
814.20
821.73
843.40
834.12
780.16
718.42
661.04
618.69
597.15
586.85
585.11
597.77
643.13
711.42
770.37
793.95
799.91
802.77
801.04
791.59
784.18
775.65
767.27
774.30
790.30
798.39
820.51
811.02
772.27
717.71
662.63
618.65
593.05
580.54
572.99
575.62
592.17
621.85
669.19
705.27
728.03
735.15
736.09
724.75
719.17
717.02
714.82
730.21
752.10
764.36
782.72
776.49
737.60
689.94
639.82
602.66
577.85
562.19
556.31
558.66
559.50
574.49
613.60
664.38
712.96
739.76
753.08
766.44
779.02
789.20
798.22
814.68
828.86
833.64
840.71
819.50
767.14
704.36
652.64
617.24
594.20
583.99
585.96
605.75
644.17
717.74
789.64
816.68
841.70
873.81
891.78
883.34
869.88
855.47
853.76
861.50
887.42
891.70
895.93
876.08
820.98
754.00
694.81
655.54
632.01
619.19
619.45
637.99
673.69
744.54
805.26
815.92
832.69
852.33
851.22
841.86
830.11
807.30
791.16
791.97
812.83
828.38
847.98
843.79
794.56
728.43
667.74
629.72
605.67
593.41
593.53
610.32
649.22
718.09
779.14
810.39
822.37
825.23
815.00
795.08
789.91
781.10
776.25
790.41
813.84
823.78
846.76
841.83
793.10
725.34
667.31
623.83
604.73
593.03
591.71
608.54
647.38
721.19
793.25
837.75
865.79
885.81
896.40
896.42
888.98
881.38
873.49
880.21
901.26
906.32
910.71
879.34
828.03
758.75
704.47
659.69
643.56
632.07
632.70
649.53
686.76
759.78
840.55
893.13
925.84
949.79
965.86
966.71
965.68
952.82
947.67
955.87
958.70
951.72
944.97
918.39
870.55
812.38
753.49
706.23
679.68
662.88
653.47
657.60
675.04
701.75
750.56
795.71
817.99
849.30
861.26
850.06
822.08
800.31
786.62
812.28
830.55
836.29
841.55
833.01
793.07
744.41
694.72
654.97
628.21
613.26
608.68
613.78
625.42
637.88
675.50
716.15
728.64
721.57
732.96
735.86
728.57
726.46
738.02
757.67
772.29
780.94
802.66
803.44
762.90
706.45
655.49
618.24
596.02
586.59
586.69
605.02
648.25
705.48
760.12
787.59
800.93
808.60
814.15
813.71
810.13
800.86
791.02
790.67
812.31
822.50
833.45
829.13
782.84
723.01
664.17
624.56
600.39
588.75
590.18
609.57
642.23
702.49
757.76
785.38
798.48
800.89
805.75
798.88
800.87
801.67
794.43
798.52
808.48
814.99
829.44
826.64
778.83
715.37
661.68
618.21
595.34
580.79
579.39
595.53
625.52
684.97
741.82
773.99
791.15
801.15
810.12
820.02
845.54
845.48
829.21
828.81
847.39
852.35
847.61
832.38
786.87
729.15
681.04
644.69
623.15
615.21
618.92
645.83
680.06
740.80
802.18
835.87
864.48
874.00
886.57
874.70
863.10
844.78
822.42
825.77
842.56
860.12
883.86
891.82
847.17
784.08
726.00
686.54
663.68
655.36
654.06
673.80
704.10
757.95
806.07
830.48
831.96
831.61
832.19
818.40
804.73
792.11
774.03
775.06
786.22
797.24
810.09
817.56
783.75
728.24
678.52
636.66
612.25
601.55
598.94
600.82
611.75
637.08
671.07
697.50
710.64
715.44
711.03
705.72
698.23
685.78
683.65
703.93
729.50
741.02
756.40
761.36
728.47
683.05
633.16
593.83
573.23
562.44
555.82
556.38
561.97
577.33
621.26
673.16
725.85
762.47
789.90
793.90
780.84
779.78
762.98
782.73
794.97
795.65
798.17
795.64
760.24
698.16
651.88
615.39
592.01
584.30
587.71
608.85
648.43
721.44
775.44
802.76
796.32
808.42
806.94
810.13
794.36
782.03
772.93
781.03
809.68
822.69
837.76
843.03
793.57
717.36
679.46
642.19
620.80
610.61
610.03
631.89
670.01
735.33
803.37
846.63
870.99
886.60
867.19
831.14
808.46
790.07
781.57
799.35
808.69
815.05
831.03
837.13
786.49
717.04
658.04
626.99
602.24
589.50
586.60
600.85
637.82
711.99
770.49
801.73
801.75
800.28
810.77
801.56
805.17
800.37
810.73
811.56
827.51
839.68
846.94
832.13
775.30
710.83
663.76
620.31
594.90
581.51
581.58
599.72
632.52
689.82
768.72
808.84
826.62
850.19
864.37
864.99
870.77
858.94
827.17
843.68
861.05
871.81
866.82
841.89
789.62
728.01
667.12
624.28
596.88
584.89
581.28
592.44
629.14
694.90
757.81
780.04
798.11
832.25
826.82
816.41
810.02
796.97
777.91
777.57
784.28
786.20
792.41
801.66
773.91
719.16
669.70
627.13
593.12
590.97
584.88
592.10
609.82
633.78
673.79
717.59
726.58
725.91
722.75
711.03
701.85
700.22
698.32
705.66
726.75
740.08
748.69
766.15
731.47
693.50
640.80
600.55
589.04
573.17
566.11
566.64
566.51
581.76
611.16
645.30
674.24
689.94
702.93
716.56
717.06
730.80
752.83
762.23
773.82
783.25
799.14
795.27
744.98
685.96
622.79
597.80
580.81
566.60
563.33
578.48
608.56
678.69
753.26
781.65
800.87
813.20
817.99
827.09
846.76
849.03
827.59
825.22
835.43
840.70
845.87
832.08
768.60
712.70
655.14
615.59
592.20
580.30
576.55
591.37
628.74
704.85
773.87
815.98
839.23
858.63
866.20
856.97
851.39
842.83
831.72
827.44
841.58
849.21
855.38
844.72
796.37
718.44
671.50
629.04
604.60
591.45
587.44
607.18
655.69
713.31
781.77
820.77
850.29
865.69
880.24
877.78
875.70
863.80
861.66
863.81
879.15
873.09
864.18
846.88
793.06
738.78
680.08
636.21
612.99
599.18
597.19
614.44
642.36
707.24
767.32
790.86
798.13
807.15
806.17
794.70
789.45
783.31
780.91
796.03
804.05
814.00
823.53
834.71
791.23
725.03
667.06
618.45
594.13
579.23
577.57
594.80
630.17
693.75
751.13
772.05
784.71
795.34
813.42
818.64
802.44
783.64
776.98
778.69
784.82
786.08
792.12
805.98
774.79
720.11
667.76
626.43
594.10
585.05
577.36
580.93
592.00
625.14
672.80
728.34
754.53
762.62
748.15
731.34
732.30
731.82
734.67
753.04
765.07
774.84
778.33
784.94
750.47
705.74
642.20
615.46
590.94
578.06
571.43
576.07
576.67
596.32
625.30
656.53
679.18
686.08
688.57
681.99
680.89
678.92
693.54
717.92
723.81
752.73
765.49
772.35
730.59
676.69
624.27
592.79
572.34
564.08
564.62
583.17
620.38
694.95
771.45
813.61
841.86
861.50
878.74
868.82
852.18
824.62
830.21
838.72
854.75
850.73
845.25
844.65
802.69
720.94
676.93
632.93
609.62
598.27
591.44
604.92
639.17
707.78
772.13
790.89
793.76
799.87
802.72
793.81
795.07
794.07
796.26
809.78
820.60
821.12
825.47
834.78
789.17
719.72
661.44
619.04
597.35
582.94
587.02
605.54
631.60
702.47
762.86
784.23
787.18
798.11
800.34
796.89
798.57
802.84
798.23
811.92
820.20
820.85
824.49
830.25
787.68
715.81
661.02
624.53
596.46
584.63
584.40
599.32
626.88
692.47
751.14
779.70
792.99
814.14
828.17
828.04
816.76
813.65
804.01
808.19
816.76
822.33
820.89
829.59
791.69
722.94
664.49
618.69
593.21
578.85
580.50
594.23
621.33
686.42
747.53
783.37
797.85
810.13
816.68
820.98
826.16
824.58
819.76
816.69
818.57
814.52
807.94
816.89
781.62
723.81
667.43
618.36
588.66
571.47
561.86
563.87
570.18
606.40
645.93
692.45
725.02
742.70
755.67
769.95
773.12
757.42
752.63
762.59
778.08
777.11
774.99
787.87
752.34
707.04
654.58
612.86
573.20
566.88
560.28
558.29
551.58
566.57
606.81
656.79
703.05
716.07
737.22
760.84
763.15
757.10
758.34
764.70
780.04
790.23
800.77
807.55
761.74
702.59
642.07
601.52
586.50
571.32
571.61
582.62
606.82
675.29
749.71
789.24
814.54
840.95
863.95
873.70
882.97
883.07
876.90
879.15
883.11
881.71
872.44
864.11
817.50
734.29
683.72
632.07
602.34
587.16
580.49
592.42
620.28
686.62
760.33
803.75
823.94
853.26
876.97
897.46
908.05
902.56
911.39
925.70
938.61
930.18
921.93
915.50
869.53
774.23
722.31
669.87
635.25
616.26
609.57
621.84
639.95
713.72
791.94
837.60
862.66
889.32
903.72
914.64
932.39
948.04
956.77
968.69
966.06
942.03
915.30
904.06
850.78
775.57
705.70
652.29
620.56
602.93
594.32
602.70
628.61
695.91
771.74
814.31
842.16
859.47
873.90
882.74
896.45
899.02
893.77
902.74
908.77
898.78
877.12
877.17
831.95
756.10
693.20
644.16
613.89
596.47
592.09
600.30
625.80
693.14
764.86
810.61
829.08
839.26
858.49
875.42
884.97
885.79
883.08
883.75
887.62
876.27
858.85
853.25
816.89
755.70
704.28
642.18
623.73
602.47
594.19
595.12
600.96
629.05
679.67
735.59
775.79
812.55
830.50
830.06
859.30
871.20
871.56
891.45
906.97
907.87
898.43
914.69
892.12
837.78
767.73
731.31
691.90
666.55
650.29
642.71
636.08
668.26
730.83
802.84
874.59
926.46
979.15
1021.51
1059.61
1095.84
1123.99
1140.54
1144.31
1112.33
1064.78
1020.59
944.67
843.15
747.04
703.26
661.62
643.11
628.00
631.17
654.25
723.90
792.58
833.26
860.98
873.98
890.90
900.24
904.05
887.39
885.50
887.64
899.54
891.26
869.15
857.52
815.23
740.12
674.42
629.95
606.97
592.04
588.92
596.57
622.66
694.36
765.50
800.19
823.83
836.60
850.99
857.63
857.46
867.27
869.48
887.66
903.31
899.63
883.32
880.40
837.17
762.60
698.53
631.06
619.33
605.63
604.27
617.64
648.95
721.24
800.98
863.14
912.38
937.00
975.85
1015.65
1064.36
1102.95
1125.44
1148.84
1160.93
1133.61
1091.68
1069.89
1014.57
913.92
814.54
787.10
744.43
718.54
712.34
721.60
749.01
826.67
895.02
949.43
987.94
1014.32
1038.59
1056.65
1076.95
1094.29
1118.85
1140.34
1145.44
1117.33
1072.48
1039.52
985.34
885.08
802.93
732.66
685.23
651.08
630.16
632.75
649.55
708.74
767.45
799.55
822.72
840.23
856.29
869.91
861.30
854.73
846.17
849.65
855.93
854.83
839.67
819.53
778.30
727.58
666.12
623.51
597.11
582.01
574.33
578.30
587.14
609.59
655.51
707.35
758.19
792.10
809.24
816.03
803.87
799.55
794.06
801.08
806.97
814.07
802.19
794.76
764.35
717.93
661.98
618.09
598.97
583.66
574.80
577.27
580.74
609.11
653.07
694.18
746.28
787.40
811.93
818.91
818.07
809.78
801.76
805.07
810.87
813.85
796.90
795.42
760.69
710.58
650.78
624.25
598.58
585.27
581.77
586.01
594.52
619.17
655.56
686.92
733.06
766.90
791.02
803.87
792.62
782.54
776.64
800.12
808.08
800.64
789.86
795.13
766.26
705.48
644.99
615.67
590.55
577.36
575.58
590.12
628.99
705.65
767.26
810.28
828.95
845.46
864.84
863.25
867.83
861.92
857.98
866.04
884.09
887.00
868.77
872.38
834.22
765.70
708.32
652.97
623.76
606.25
600.78
613.64
644.85
706.87
780.71
821.37
853.62
884.46
904.37
924.32
946.61
961.82
965.83
964.13
955.02
937.37
921.39
918.47
874.98
796.99
725.27
676.59
641.63
621.03
618.06
627.54
650.50
719.51
797.05
855.63
886.91
897.96
913.00
937.89
944.46
937.63
937.07
945.65
948.28
941.82
931.82
926.81
889.42
820.90
758.17
704.97
670.08
652.65
649.20
660.98
697.41
760.51
847.46
905.34
941.05
965.99
983.26
986.04
1008.41
1025.44
1002.27
986.60
973.77
961.62
936.69
916.68
889.95
826.98
744.52
706.50
673.40
654.43
631.39
631.67
637.98
672.05
739.53
810.82
885.36
949.22
1006.32
1052.25
1084.83
1121.73
1144.26
1181.17
1199.30
1187.28
1148.50
1123.75
1083.37
1010.36
931.32
853.87
805.13
755.89
743.09
728.43
703.84
737.01
812.62
913.19
1017.14
1110.95
1182.51
1236.44
1283.62
1314.99
1349.39
1389.11
1408.57
1382.32
1331.43
1286.92
1232.72
1117.00
1004.73
929.24
870.40
833.93
813.12
813.86
835.99
918.70
1033.56
1137.82
1236.30
1323.05
1388.47
1447.19
1491.65
1521.39
1539.14
1544.11
1537.76
1497.42
1415.83
1348.26
1261.26
1133.30
1024.62
949.89
895.64
862.42
846.24
852.55
881.33
965.40
1056.53
1142.19
1233.31
1336.76
1421.25
1491.76
1537.91
1580.78
1579.30
1557.94
1515.06
1469.21
1416.58
1376.47
1305.15
1185.41
1076.20
989.19
930.84
890.01
873.05
879.29
915.23
994.28
1100.17
1204.69
1279.72
1344.34
1416.09
1488.52
1551.43
1599.28
1626.31
1639.12
1621.96
1576.24
1516.43
1462.78
1386.86
1256.27
1122.03
1014.16
933.79
876.83
840.63
826.02
836.23
899.10
992.69
1047.32
1068.06
1100.44
1119.51
1130.00
1152.64
1167.41
1165.20
1159.16
1149.36
1110.79
1052.34
1001.39
955.19
866.22
781.07
725.24
687.27
661.93
653.38
659.80
671.09
738.27
812.22
853.70
882.83
904.60
926.06
938.57
955.66
973.95
985.85
987.01
967.27
942.22
917.40
911.51
888.98
829.31
767.63
714.93
679.44
655.15
643.74
640.18
644.90
671.44
717.72
760.94
794.08
824.88
845.65
852.43
855.46
853.57
848.91
878.38
898.80
896.64
879.29
866.47
844.86
791.45
730.89
681.21
647.32
622.17
611.20
608.42
602.15
622.24
675.86
736.32
794.90
834.92
879.73
917.61
944.57
965.92
989.57
1018.44
1035.09
1027.23
992.05
961.38
924.10
847.65
769.17
715.58
670.88
651.75
642.11
649.94
678.17
744.63
825.94
894.67
942.54
959.46
974.18
977.19
969.66
956.78
950.81
954.06
960.41
949.63
935.50
930.23
891.98
827.61
762.82
716.20
687.95
672.09
663.91
674.62
706.67
773.80
857.44
907.32
947.53
971.65
1004.01
1040.41
1077.55
1085.59
1101.19
1132.08
1161.10
1157.20
1119.74
1073.37
1027.13
935.66
844.85
773.70
729.45
703.38
686.79
690.60
714.90
775.12
853.40
897.49
927.92
956.31
974.27
988.44
1003.58
1025.49
1035.41
1056.17
1062.00
1046.78
1004.77
970.88
932.40
838.58
759.78
704.83
671.76
646.15
633.87
639.18
668.59
735.46
805.54
857.40
891.04
919.08
938.92
954.36
976.72
999.83
1021.35
1044.89
1053.08
1044.89
1011.54
978.51
939.24
859.13
764.40
718.62
678.62
651.70
639.39
644.03
661.55
731.51
816.05
883.25
931.48
960.67
989.76
1012.70
1046.98
1082.07
1105.20
1127.61
1132.07
1080.14
1030.38
1006.49
973.06
902.83
834.87
778.64
743.31
717.73
702.46
698.44
697.63
735.00
795.42
872.83
938.54
1006.76
1085.26
1158.08
1214.32
1258.01
1294.23
1282.51
1207.39
1143.98
1102.71
1087.44
1039.23
966.46
872.95
819.54
776.90
744.90
725.06
717.64
709.41
724.91
784.35
874.90
964.84
1025.12
1090.89
1146.78
1183.90
1209.60
1234.47
1264.94
1279.51
1265.65
1221.95
1183.35
1146.80
1057.48
961.68
871.77
847.19
807.60
788.27
794.07
822.42
894.96
985.01
1066.09
1128.06
1191.82
1258.56
1314.18
1333.93
1334.73
1300.25
1299.37
1286.36
1262.12
1225.73
1195.48
1144.99
1050.68
953.08
884.33
837.82
817.61
806.41
814.83
843.17
920.33
1021.21
1108.53
1188.19
1262.43
1338.75
1397.94
1402.44
1309.63
1210.60
1156.31
1129.04
1080.90
1043.29
1013.89
973.54
898.80
816.33
755.09
719.72
694.05
676.02
681.35
696.95
750.02
826.55
871.67
902.58
929.42
948.77
963.72
977.97
995.37
1007.03
1023.63
1032.26
1022.29
992.20
962.05
931.42
850.89
771.38
717.05
677.90
658.13
645.53
649.32
670.11
742.18
827.93
891.24
937.22
978.05
988.11
999.32
1010.71
1023.31
1028.02
1043.12
1045.35
1024.03
988.23
967.23
939.60
872.39
805.65
749.63
716.28
694.26
682.96
690.27
717.48
776.26
854.10
915.66
954.95
982.89
1005.17
1021.28
1039.55
1056.76
1069.59
1094.04
1104.45
1088.63
1042.17
1009.07
978.97
909.78
834.17
784.94
748.91
727.33
715.58
718.60
729.71
767.55
831.53
895.78
967.77
1033.76
1073.97
1113.73
1151.61
1159.59
1164.05
1185.45
1191.97
1171.11
1135.75
1116.02
1092.77
1033.31
962.27
899.96
861.17
836.66
816.36
809.70
800.44
824.76
896.07
955.79
1034.78
1113.51
1180.05
1237.74
1279.14
1295.00
1323.24
1356.35
1377.86
1358.62
1300.68
1257.02
1209.36
1112.33
1010.39
944.63
890.63
856.75
841.77
852.03
886.38
964.79
1096.97
1219.03
1322.29
1428.17
1514.01
1581.60
1649.09
1689.99
1711.09
1713.75
1704.85
1669.24
1608.73
1530.17
1457.39
1325.64
1197.83
1099.83
1038.03
991.48
965.18
965.89
991.25
1080.63
1217.66
1342.77
1464.65
1577.57
1665.51
1729.90
1785.49
1821.18
1836.78
1806.16
1799.88
1761.06
1698.10
1616.33
1532.00
1391.01
1257.73
1167.35
1099.88
1056.89
1027.10
1022.95
1041.42
1125.19
1259.10
1389.22
1507.22
1608.63
1687.91
1748.02
1799.69
1825.94
1840.79
1818.54
1802.00
1760.74
1688.07
1549.62
1435.43
1312.49
1190.61
1098.55
1043.93
998.89
972.58
968.86
985.41
1058.04
1170.43
1264.95
1308.34
1368.30
1428.68
1476.06
1519.12
1493.61
1407.45
1356.76
1325.23
1287.67
1257.13
1234.42
1186.48
1101.39
1013.95
959.13
905.05
869.24
842.04
843.31
868.39
909.15
977.31
1038.04
1068.82
1089.70
1082.46
1067.39
1038.14
1009.59
982.78
961.89
946.84
929.60
910.38
894.11
859.71
808.18
752.45
703.90
672.81
652.00
639.96
639.75
641.00
669.57
713.57
768.33
811.37
836.93
855.60
858.99
860.23
852.19
836.53
842.83
844.26
833.56
815.10
808.22
785.77
735.89
687.12
648.46
621.45
602.33
591.65
591.74
587.10
609.37
648.29
700.00
742.37
778.29
802.51
818.96
815.81
810.99
802.47
808.76
813.02
814.09
807.17
798.77
786.27
766.97
726.24
673.04
637.45
627.43
616.99
617.29
623.73
641.91
682.55
732.54
789.09
832.36
871.91
896.14
893.98
903.12
914.82
931.40
937.25
931.25
919.63
917.94
901.08
857.99
801.88
759.64
718.06
696.06
693.85
704.92
735.96
802.24
894.50
969.16
1035.22
1108.39
1194.41
1282.57
1358.58
1436.31
1476.97
1508.89
1496.05
1402.63
1287.60
1213.53
1156.44
1063.22
967.57
891.24
849.77
819.60
804.25
804.44
821.99
896.69
1004.63
1110.42
1209.72
1305.07
1384.83
1455.55
1525.60
1578.51
1613.07
1631.49
1637.91
1581.45
1452.22
1360.09
1277.64
1163.86
1058.70
969.76
916.65
875.37
853.05
843.85
855.75
901.20
974.01
1037.01
1088.04
1136.99
1170.98
1175.41
1182.61
1183.55
1166.60
1132.66
1129.27
1104.65
1070.71
1041.22
999.35
932.57
867.25
816.54
778.48
754.47
745.10
759.76
787.33
858.43
947.39
1015.29
1059.96
1077.59
1103.02
1105.80
1091.84
1074.14
1049.66
1090.30
1143.60
1160.16
1136.79
1105.35
1081.77
1016.96
945.52
874.79
822.13
789.29
768.13
762.72
761.48
795.10
841.32
901.90
961.12
1001.79
1017.01
1033.36
1064.41
1104.02
1123.57
1098.70
1069.56
1037.87
1001.10
975.42
950.19
890.85
824.39
762.49
728.59
698.05
678.89
671.03
661.27
686.38
735.89
794.62
851.09
902.39
950.93
995.41
1022.83
1056.25
1081.75
1104.70
1117.04
1098.20
1076.19
1063.54
1029.71
954.74
884.94
832.83
796.53
775.72
768.16
779.10
811.72
881.65
965.91
1031.92
1071.01
1086.86
1102.23
1117.85
1133.35
1143.44
1131.16
1124.54
1124.89
1099.37
1065.30
1045.11
1005.76
932.08
861.94
797.23
763.96
735.41
726.43
733.53
757.79
815.44
886.05
948.98
987.52
1015.40
1035.84
1057.76
1072.52
1071.01
1061.53
1067.31
1073.62
1066.31
1050.25
1038.87
1003.97
934.26
860.12
806.85
771.88
751.81
741.29
751.77
787.96
843.72
932.87
999.97
1042.12
1082.98
1109.89
1148.24
1192.74
1249.01
1303.27
1361.59
1399.78
1394.41
1344.92
1296.45
1245.46
1150.87
1056.26
977.26
926.20
889.56
863.29
861.52
885.05
957.70
1064.34
1169.96
1269.11
1361.36
1448.79
1501.69
1556.12
1589.06
1615.76
1631.78
1625.59
1584.02
1516.06
1444.18
1375.17
1254.44
1137.61
1047.84
992.69
954.52
938.39
943.62
972.77
1033.54
1141.46
1242.39
1350.07
1462.46
1551.40
1613.43
1660.89
1696.38
1711.24
1702.57
1686.85
1568.47
1467.86
1403.66
1347.65
1249.06
1147.11
1058.76
1004.55
962.34
931.92
921.77
916.93
947.30
1010.64
1108.14
1202.70
1284.94
1371.04
1451.52
1501.60
1493.44
1434.34
1437.19
1413.21
1349.35
1305.72
1266.38
1208.16
1130.88
1047.15
982.44
935.11
904.99
888.89
889.32
888.49
898.19
951.86
1029.08
1095.26
1146.26
1192.65
1232.02
1288.38
1341.82
1365.69
1390.58
1377.57
1336.02
1276.66
1242.31
1187.10
1090.13
1008.75
936.73
881.82
845.36
826.95
833.95
869.77
937.14
1015.28
1073.43
1125.84
1156.01
1189.95
1197.49
1207.13
1202.54
1193.31
1171.53
1183.25
1187.09
1163.48
1152.61
1120.52
1039.70
954.71
887.26
838.05
807.51
790.83
794.73
819.65
888.69
981.07
1063.06
1141.36
1226.25
1302.35
1367.30
1415.31
1475.63
1502.05
1509.37
1512.67
1484.67
1430.57
1379.87
1311.69
1199.88
1090.10
1006.66
951.68
912.09
877.36
867.23
880.45
940.91
1035.05
1130.16
1199.16
1269.31
1320.28
1380.70
1438.51
1482.30
1472.51
1420.02
1427.50
1396.66
1343.49
1300.43
1234.46
1123.19
1013.57
923.85
851.56
810.08
786.40
783.20
801.57
858.90
946.88
1015.06
1053.87
1106.73
1145.23
1189.41
1233.54
1280.61
1296.50
1288.76
1257.98
1218.54
1187.24
1160.97
1118.42
1035.52
953.58
883.60
833.47
801.22
780.36
781.15
801.04
852.48
936.21
1012.98
1085.49
1143.61
1192.81
1227.49
1259.44
1274.90
1277.33
1283.37
1246.43
1198.14
1141.45
1092.31
1046.21
973.63
889.30
821.53
771.77
744.78
721.38
711.84
712.38
743.34
809.91
880.43
942.63
1000.94
1049.69
1090.01
1119.75
1147.20
1171.18
1185.80
1191.76
1164.46
1107.48
1075.26
1037.24
972.27
897.31
838.82
801.49
771.46
756.62
750.80
751.46
771.45
809.68
867.84
913.78
943.79
960.33
971.28
967.23
964.00
970.68
996.98
1032.99
1051.87
1053.61
1063.07
1038.96
973.65
906.30
853.70
815.45
795.66
789.38
801.59
833.60
902.85
1014.08
1114.34
1212.90
1301.51
1376.63
1435.80
1497.60
1533.19
1549.00
1554.00
1551.72
1514.73
1442.56
1377.83
1298.27
1177.24
1057.44
969.79
912.45
869.58
842.69
835.60
850.67
918.42
1023.77
1124.68
1208.37
1301.63
1382.27
1451.66
1516.36
1558.66
1572.27
1591.34
1572.22
1506.75
1425.66
1319.61
1222.66
1114.33
1014.74
942.20
890.11
855.77
835.04
837.14
867.28
923.80
987.50
1040.12
1064.92
1085.90
1098.16
1105.14
1134.07
1147.62
1174.23
1207.92
1222.42
1201.34
1153.44
1115.55
1065.46
979.47
894.70
826.83
782.69
757.87
746.74
753.88
784.57
840.85
925.21
998.10
1059.05
1111.38
1134.08
1171.39
1166.14
1152.59
1126.14
1114.73
1110.58
1100.41
1071.41
1057.74
1031.42
966.12
893.79
853.40
824.90
806.74
794.91
800.89
814.01
863.79
953.05
1028.50
1083.38
1142.60
1183.54
1214.74
1244.98
1266.59
1282.65
1285.23
1271.55
1215.07
1139.62
1089.15
1034.09
945.71
860.02
788.11
734.80
699.01
674.03
664.84
664.29
687.55
741.70
789.71
832.74
865.90
890.88
910.68
926.03
946.82
967.39
994.68
1009.53
992.01
953.96
941.16
906.12
845.58
785.65
729.27
690.22
665.64
648.62
641.42
638.88
648.99
696.88
763.04
818.75
870.00
905.79
941.20
965.41
988.06
1015.38
1039.87
1044.64
1025.62
1002.31
1004.81
965.82
899.86
837.33
785.64
747.59
723.36
709.82
715.28
745.85
800.07
892.41
966.22
1022.13
1076.24
1114.32
1141.57
1168.66
1198.42
1215.28
1230.97
1244.73
1227.17
1173.26
1133.90
1074.11
976.80
887.17
818.75
769.21
736.93
717.81
717.74
737.42
792.20
871.84
942.06
990.36
1037.83
1070.42
1096.51
1117.33
1128.50
1125.65
1132.10
1143.33
1124.39
1097.84
1086.61
1037.95
952.88
872.59
813.64
778.38
749.40
734.68
736.33
767.13
824.48
892.35
955.33
997.24
1038.75
1070.77
1084.43
1100.57
1105.77
1084.61
1068.10
1063.51
1043.86
1020.56
999.29
950.01
881.26
820.23
766.35
733.74
714.08
705.02
717.53
749.59
813.79
891.44
948.68
981.21
1008.69
1015.83
1036.93
1042.57
1043.77
1031.63
1031.68
1040.36
1025.18
1012.01
1007.38
969.83
906.76
841.47
782.25
742.69
721.95
714.32
720.73
750.74
807.63
893.68
964.77
1033.82
1110.52
1181.13
1247.43
1298.13
1341.17
1362.84
1380.47
1380.26
1358.85
1287.13
1237.68
1177.26
1079.40
990.71
912.69
859.06
816.01
792.42
778.98
780.19
805.44
870.79
949.82
1045.25
1147.06
1235.74
1311.18
1373.01
1401.30
1388.50
1383.39
1383.91
1326.20
1271.76
1241.63
1171.35
1089.44
1000.78
934.61
883.12
851.91
834.88
825.04
830.54
841.02
878.72
928.11
997.92
1066.76
1109.24
1133.46
1152.93
1173.43
1178.76
1198.91
1216.55
1210.68
1183.83
1178.26
1122.61
1033.58
949.70
884.49
839.44
810.58
798.55
805.57
831.18
872.63
931.86
982.00
1040.75
1102.75
1137.75
1143.54
1147.49
1163.52
1165.66
1182.45
1186.48
1172.70
1155.45
1134.69
1078.84
1000.61
921.54
864.09
821.32
793.47
778.59
787.57
826.75
889.95
970.92
1020.22
1072.22
1128.37
1178.31
1235.28
1296.44
1308.90
1299.95
1292.51
1283.31
1272.89
1253.02
1240.51
1193.16
1115.54
1036.15
971.44
930.97
901.62
883.82
892.71
937.25
1005.54
1090.95
1177.52
1287.27
1384.51
1468.88
1545.05
1611.93
1665.74
1696.51
1676.98
1668.46
1617.66
1560.21
1503.04
1418.30
1304.05
1192.20
1107.35
1046.01
1004.19
978.33
977.12
1004.72
1071.03
1158.20
1230.82
1326.74
1441.16
1528.41
1615.19
1695.27
1747.73
1786.03
1765.90
1757.42
1714.76
1621.72
1516.15
1422.43
1304.59
1185.20
1099.89
1040.45
1006.63
989.59
987.01
1010.61
1066.70
1182.73
1305.64
1423.26
1534.06
1627.43
1696.63
1750.27
1788.09
1802.44
1787.40
1775.29
1719.92
1653.54
1584.09
1491.07
1375.51
1264.18
1169.47
1097.51
1046.95
1012.85
995.43
997.32
1028.46
1111.91
1229.56
1365.52
1456.29
1474.19
1483.51
1485.69
1553.32
1606.96
1612.25
1623.25
1579.54
1516.65
1459.60
1360.07
1240.70
1120.82
1025.60
974.13
929.73
897.89
869.97
849.75
840.61
889.15
951.21
1007.34
1059.67
1099.88
1135.97
1172.43
1193.96
1223.11
1263.88
1272.54
1248.53
1192.04
1161.66
1095.85
1009.23
929.63
866.30
818.63
786.99
768.17
773.17
803.99
854.68
935.20
990.02
1035.30
1090.70
1144.96
1202.93
1252.89
1279.99
1302.40
1313.14
1309.32
1269.09
1233.10
1203.82
1128.86
1020.74
940.15
874.91
827.62
793.12
775.09
779.77
808.83
860.01
951.19
1037.69
1106.96
1174.49
1223.36
1264.46
1301.88
1330.74
1317.63
1319.97
1314.46
1277.13
1230.03
1204.52
1138.68
1051.14
960.57
892.24
849.32
821.54
808.32
815.55
852.21
910.20
1004.58
1106.07
1179.95
1258.79
1328.71
1379.54
1421.47
1411.63
1397.69
1375.61
1360.47
1333.28
1298.24
1273.82
1209.98
1118.35
1030.30
959.14
912.81
888.73
874.75
887.84
935.27
1012.37
1097.41
1176.26
1237.80
1273.92
1303.41
1325.16
1370.77
1412.42
1439.84
1441.75
1424.43
1387.96
1365.62
1347.72
1289.61
1203.38
1112.30
1033.25
980.86
945.83
923.47
921.94
946.89
998.56
1091.19
1177.71
1239.85
1292.77
1340.48
1365.44
1393.31
1425.54
1429.08
1408.61
1409.21
1392.52
1363.08
1335.48
1267.70
1177.07
1084.71
1005.13
954.59
915.17
892.96
881.64
888.05
907.95
976.00
1083.28
1191.26
1282.59
1353.99
1413.36
1456.42
1485.04
1494.89
1507.86
1506.91
1455.07
1411.04
1392.30
1327.78
1240.09
1148.00
1070.45
1011.66
973.89
947.79
934.88
935.99
949.55
971.87
1017.91
1051.77
1055.77
996.68
974.26
957.23
940.80
943.00
950.32
965.06
965.40
972.88
966.71
931.57
885.63
837.86
799.57
775.26
765.96
754.62
763.32
809.64
872.24
952.88
1032.91
1107.16
1182.55
1254.75
1318.25
1367.85
1384.25
1329.24
1291.81
1279.30
1254.10
1229.77
1198.55
1147.12
1079.47
1005.72
949.75
907.76
880.93
863.57
863.89
902.93
954.73
1042.05
1109.68
1178.18
1279.64
1363.70
1441.72
1507.85
1563.02
1597.12
1640.26
1647.29
1610.34
1551.08
1499.94
1402.39
1284.87
1166.93
1075.41
1012.14
963.14
932.89
926.75
949.22
1001.97
1109.81
1222.76
1332.22
1439.41
1526.53
1595.30
1655.35
1695.14
1712.24
1699.46
1682.01
1634.43
1573.40
1506.26
1405.25
1281.35
1165.90
1076.31
1011.58
963.16
933.66
930.40
962.57
1019.84
1122.98
1235.63
1353.55
1480.07
1588.15
1672.81
1743.76
1788.41
1809.95
1791.65
1774.51
1726.44
1684.43
1626.37
1516.61
1392.15
1271.50
1179.09
1111.77
1065.24
1033.57
1024.26
1050.34
1103.35
1206.39
1325.47
1441.07
1551.35
1639.55
1715.33
1756.90
1770.23
1766.04
1753.13
1691.88
1598.64
1543.81
1488.66
1411.91
1308.44
1205.11
1116.71
1041.58
985.78
940.16
910.79
904.48
909.55
940.08
983.89
1027.61
1061.97
1068.03
1064.56
1078.41
1081.49
1059.34
1041.07
1026.60
1000.61
986.24
972.65
928.42
881.76
821.24
777.75
740.95
717.18
699.52
693.68
697.55
709.11
742.60
796.16
849.10
893.36
918.43
942.90
963.65
980.61
995.81
1014.92
1032.06
1036.74
1047.15
1043.28
993.08
926.13
858.66
815.14
781.05
767.56
761.02
777.83
831.76
903.22
986.97
1064.42
1156.52
1228.98
1294.35
1354.44
1404.50
1451.58
1473.55
1494.81
1497.13
1465.32
1424.33
1375.89
1291.64
1188.77
1092.08
1016.75
962.00
929.28
909.26
911.15
937.86
950.39
1053.88
1128.08
1192.76
1240.48
1289.28
1335.21
1359.42
1415.23
1405.09
1392.48
1384.10
1342.51
1290.22
1242.42
1152.86
1056.01
967.20
893.91
850.58
818.56
803.88
809.87
851.74
915.33
983.13
1032.62
1066.86
1085.91
1102.11
1104.66
1105.85
1106.67
1092.94
1088.97
1090.00
1085.04
1080.39
1040.47
973.41
895.62
821.20
769.34
734.32
715.42
706.25
713.54
743.33
800.87
859.06
911.08
933.79
958.30
982.55
1004.18
1026.65
1038.84
1057.57
1077.28
1079.30
1055.63
1033.25
1000.64
931.42
853.49
790.46
735.54
697.43
675.66
666.58
677.79
703.96
762.45
825.09
873.83
904.91
932.82
960.06
977.62
990.18
1000.49
1011.57
1020.91
1022.89
1002.99
987.78
960.50
909.45
841.98
776.06
719.79
688.08
663.07
647.90
642.83
656.58
673.96
720.71
777.87
830.06
867.68
898.37
919.12
938.38
959.70
977.66
1002.62
1019.11
994.14
975.94
950.14
899.90
845.33
785.94
739.55
703.79
680.37
664.68
660.40
668.23
682.98
716.82
779.09
839.02
880.63
912.99
929.50
920.18
923.95
920.89
924.50
937.47
935.77
941.27
925.74
894.61
853.36
805.84
766.32
738.27
719.41
715.27
722.21
736.77
760.37
798.25
858.06
926.86
999.91
1050.66
1087.60
1119.70
1146.88
1173.17
1200.07
1207.05
1166.19
1141.63
1097.87
1016.59
925.49
835.39
779.49
730.61
701.41
687.04
690.03
725.90
785.52
861.17
925.41
977.99
1021.72
1067.09
1089.55
1122.03
1140.94
1161.42
1180.62
1177.71
1147.08
1128.68
1082.25
1008.50
929.41
849.80
786.95
745.04
720.98
710.25
722.31
766.18
846.97
926.94
990.64
1057.71
1107.38
1158.21
1206.13
1244.29
1275.22
1285.30
1275.40
1263.91
1232.47
1228.32
1197.86
1137.01
1056.91
975.78
911.69
878.27
857.18
846.25
854.70
900.97
978.08
1046.73
1095.42
1121.76
1148.77
1160.23
1158.93
1153.51
1140.29
1129.22
1128.82
1132.03
1121.28
1119.71
1076.96
1017.40
951.23
878.46
825.81
784.88
759.48
744.56
747.95
781.85
846.06
908.57
958.83
1000.53
1035.66
1061.57
1083.26
1099.06
1112.17
1101.21
1090.47
1074.33
1029.84
1013.74
973.31
914.11
848.83
784.46
722.38
684.60
657.50
641.15
636.80
646.28
670.54
717.49
766.94
817.39
851.92
879.27
901.82
916.47
929.42
944.24
967.14
976.62
954.27
950.56
919.02
876.53
832.00
776.17
725.27
704.87
682.89
671.38
668.23
675.04
690.81
732.16
791.52
855.40
910.48
959.56
1006.40
1044.22
1071.09
1101.73
1122.43
1128.85
1119.71
1123.91
1102.67
1040.26
964.49
894.31
845.61
808.89
786.41
776.73
785.10
834.99
909.15
978.67
1034.36
1070.52
1122.38
1147.03
1172.79
1200.83
1224.72
1245.42
1260.05
1251.24
1197.78
1165.77
1099.42
1014.73
921.59
836.47
779.27
748.23
725.86
709.83
718.79
754.30
814.05
879.81
932.31
968.91
1005.19
1037.72
1071.99
1088.47
1109.65
1104.20
1107.52
1096.55
1090.03
1105.03
1069.60
1009.60
939.11
866.52
821.09
792.16
775.41
773.64
794.45
848.99
928.33
1006.36
1069.47
1116.45
1174.44
1237.03
1291.79
1349.78
1388.51
1389.92
1399.55
1376.23
1335.42
1323.83
1265.28
1188.08
1095.41
1006.57
940.45
895.78
867.30
852.59
855.95
892.19
950.88
1001.70
1042.33
1068.66
1083.97
1103.17
1106.67
1110.27
1117.48
1118.77
1129.38
1125.95
1112.12
1113.72
1066.58
1003.65
930.04
852.16
794.28
759.23
736.74
726.78
735.83
776.27
856.41
920.26
968.06
1001.82
1025.19
1036.36
1038.75
1041.31
1042.38
1032.66
1030.26
1029.52
1024.25
1025.83
986.17
938.92
880.27
818.30
765.95
739.77
716.86
704.56
703.35
717.87
751.20
789.12
844.59
891.26
926.01
950.96
964.26
976.69
1001.33
1041.00
1079.08
1094.34
1067.10
1060.04
1020.07
965.24
910.70
851.80
796.49
758.79
733.20
717.18
707.53
705.77
706.91
734.65
778.80
823.56
861.66
887.82
912.40
931.30
944.02
962.52
989.44
995.96
984.48
979.49
939.92
872.56
800.33
731.70
687.77
655.12
633.29
627.10
637.43
678.83
748.47
808.74
856.03
891.45
917.06
943.36
961.74
981.37
1004.57
1017.33
1032.05
1037.18
1024.84
1020.21
964.46
895.53
818.60
747.48
692.63
657.64
646.77
636.07
643.17
683.82
754.02
812.72
850.00
881.01
917.35
944.47
969.12
985.57
1001.45
1020.65
1035.62
1039.44
1045.33
1053.05
1011.26
959.46
896.68
834.64
785.43
754.94
734.12
723.67
735.08
781.72
870.30
940.40
994.86
1040.91
1074.76
1095.56
1094.29
1096.18
1099.61
1093.20
1100.66
1111.05
1119.77
1128.91
1087.34
1027.28
951.15
876.57
818.44
779.90
768.88
763.67
774.59
818.85
910.55
984.13
1025.55
1086.26
1128.13
1143.41
1163.79
1206.25
1228.46
1236.56
1239.57
1229.94
1217.88
1220.44
1172.63
1109.15
1034.04
959.25
898.57
860.13
833.53
824.17
840.39
885.94
966.31
1040.21
1097.57
1136.34
1153.71
1166.84
1161.91
1144.67
1151.02
1128.84
1131.88
1111.75
1094.89
1087.01
1030.86
975.33
904.96
835.49
779.54
740.85
709.79
688.41
684.34
696.68
722.68
758.18
810.93
847.32
886.23
917.52
939.90
967.37
982.41
985.20
989.33
993.49
996.60
1000.51
967.33
925.76
872.24
815.87
772.66
731.84
703.10
690.97
684.90
688.17
702.93
722.27
767.48
818.21
858.40
890.42
921.42
943.31
944.87
935.15
945.25
938.85
932.25
930.26
890.28
824.83
755.01
694.29
652.86
628.59
612.00
606.25
618.70
659.74
738.23
794.01
833.89
871.22
891.06
928.39
929.83
941.79
961.88
981.52
998.08
1003.87
1013.03
1015.10
965.85
908.62
844.76
783.21
734.41
703.78
684.62
676.97
688.08
734.62
810.63
871.40
918.88
951.35
984.14
1003.72
1017.92
1020.49
1011.61
990.31
995.76
1011.48
1015.04
1000.33
953.04
894.32
823.22
749.09
693.96
658.48
633.42
621.03
630.28
668.96
737.81
788.72
818.05
831.09
850.13
858.77
864.02
871.90
878.76
874.30
886.85
900.56
920.56
920.86
877.47
821.85
757.83
692.29
650.11
622.82
609.30
604.20
617.02
658.74
738.94
794.01
821.15
832.92
845.76
854.75
861.57
864.85
862.88
856.72
861.65
872.55
896.82
902.61
858.91
804.86
740.25
677.71
635.02
607.62
593.39
590.67
609.72
643.51
723.14
782.53
808.40
821.36
837.01
840.34
843.64
845.31
846.66
840.70
852.44
861.22
875.35
876.22
837.90
793.41
736.18
676.69
636.14
605.87
588.66
581.41
585.81
602.42
634.68
677.61
721.45
750.95
763.74
773.51
778.46
783.45
793.77
807.10
826.95
842.94
858.92
858.54
827.15
785.13
736.58
684.83
647.96
619.25
602.82
589.05
587.81
597.03
619.38
647.50
697.99
744.96
775.18
802.07
828.83
844.75
855.30
864.59
881.80
908.51
935.83
925.16
878.69
820.87
766.04
710.36
668.71
636.16
620.04
616.50
630.37
671.63
762.46
827.83
869.81
902.94
926.36
933.56
932.08
927.77
919.16
910.35
926.58
943.59
950.10
925.34
874.50
819.98
752.46
689.32
648.07
619.94
605.25
600.35
612.07
655.00
740.84
801.26
837.72
862.35
879.93
889.45
886.20
888.20
885.16
877.56
885.15
904.26
932.63
922.49
873.62
821.69
753.77
690.38
643.62
615.29
600.84
596.79
608.48
650.31
735.41
794.94
829.92
845.05
846.82
868.53
871.66
883.88
886.46
891.79
909.47
919.85
940.88
936.00
888.50
830.74
758.28
692.02
647.12
618.21
602.61
597.50
610.34
652.09
733.66
790.98
826.30
852.07
879.35
899.80
908.69
922.64
921.15
920.21
930.74
939.41
956.55
951.81
903.53
849.13
777.96
711.77
661.60
631.10
615.96
608.95
618.78
660.19
737.89
793.71
832.03
857.92
880.73
900.24
900.87
913.56
921.94
921.82
922.97
916.70
921.80
908.12
864.58
821.58
766.21
711.29
666.18
635.35
618.82
608.40
610.54
622.81
656.49
693.36
738.86
773.15
796.12
804.24
805.58
800.56
790.68
786.14
797.60
817.48
845.01
829.85
799.14
758.80
714.14
665.68
628.32
606.45
591.16
580.79
582.62
591.61
612.82
640.25
691.32
737.97
772.11
795.63
810.66
815.01
810.28
807.08
823.92
839.11
852.61
839.78
804.70
766.75
717.76
671.44
633.11
606.50
592.65
588.37
598.58
622.05
664.04
699.94
748.70
790.60
816.52
832.76
845.08
848.94
859.31
859.44
880.65
903.23
933.22
919.10
871.43
815.09
747.36
685.98
639.64
612.34
597.72
592.72
603.61
647.21
730.02
786.58
820.15
846.29
871.20
884.57
895.08
910.83
924.63
931.38
944.50
951.33
969.66
955.04
903.51
846.94
774.32
706.93
655.19
629.94
612.54
606.26
618.00
654.73
738.17
795.95
832.70
858.78
885.23
902.03
912.01
928.86
942.89
947.82
962.25
969.43
986.95
968.02
914.03
858.10
781.19
718.28
668.60
636.49
618.05
612.07
624.06
665.80
747.35
813.55
854.15
886.05
916.67
939.18
953.25
972.39
979.51
985.79
997.32
992.06
1011.00
989.78
941.55
884.49
812.97
744.33
693.72
661.41
639.77
633.34
642.11
677.95
759.60
811.79
852.33
888.12
919.98
938.37
949.15
960.12
957.87
943.72
946.23
939.17
967.15
948.53
908.50
864.89
811.14
758.79
711.53
681.51
663.38
653.62
656.48
670.94
707.26
746.01
801.39
848.29
881.60
894.54
902.19
902.95
900.98
900.05
907.22
924.25
957.75
941.64
912.85
877.42
829.64
760.00
692.08
649.24
625.14
608.96
601.39
603.35
618.04
637.74
680.37
716.17
736.24
751.15
761.11
772.80
774.94
783.95
803.46
827.27
861.61
840.30
810.70
758.35
696.24
642.08
606.31
581.13
571.35
566.66
581.80
630.23
711.91
771.70
799.25
813.20
821.86
826.02
825.85
829.53
833.31
832.58
849.62
878.95
917.51
896.64
848.57
792.33
726.41
667.70
623.92
599.12
586.63
581.60
602.83
645.00
735.20
799.00
823.79
825.83
828.32
830.39
823.98
823.61
823.99
824.86
847.42
877.17
919.31
904.35
857.28
805.91
737.21
675.37
629.98
607.13
592.79
590.22
604.91
644.89
734.44
794.97
820.60
830.55
846.82
854.99
850.62
860.50
870.86
876.88
893.95
908.84
943.89
921.81
873.69
817.66
751.86
691.30
648.72
621.51
606.63
601.20
614.33
652.67
734.81
792.54
823.95
848.22
864.43
879.17
878.41
890.73
897.92
902.61
911.18
921.22
948.83
930.10
888.38
834.63
771.27
704.84
658.10
636.25
618.87
618.08
629.11
669.83
751.78
811.78
850.31
868.15
882.04
886.97
891.81
892.06
893.84
887.27
892.32
896.27
918.13
892.23
850.61
805.35
744.63
686.82
641.07
609.18
589.94
581.74
584.95
596.92
633.82
674.17
714.83
738.60
751.26
755.87
754.34
757.88
758.83
755.56
773.26
807.94
831.82
810.57
776.73
738.01
695.35
646.35
613.65
585.12
572.43
563.91
564.40
571.11
601.56
635.71
676.91
709.21
721.18
728.38
733.44
737.48
737.12
750.67
776.48
814.69
860.43
843.37
806.79
756.37
698.97
639.94
608.03
584.90
574.27
571.36
590.15
632.16
722.17
798.69
842.73
874.73
893.63
895.02
892.75
893.69
885.71
882.63
896.86
929.65
950.31
915.46
866.76
810.62
742.38
681.68
642.15
615.58
601.55
599.00
614.58
654.04
743.46
813.07
851.69
880.59
896.58
908.83
911.20
907.32
896.53
890.60
908.62
935.97
947.89
910.64
860.55
805.07
739.95
678.85
633.83
613.60
601.27
594.39
604.78
632.18
669.98
704.99
737.05
764.05
796.09
812.41
809.88
817.02
830.97
834.59
843.99
875.62
905.29
879.22
848.60
800.39
738.01
677.86
637.68
618.78
606.72
602.41
617.27
655.04
742.36
807.48
847.14
873.04
882.46
886.50
879.84
879.71
874.66
875.11
889.74
925.20
950.72
927.02
887.23
837.45
767.47
709.81
662.82
637.32
623.53
618.58
636.56
674.65
763.28
829.04
859.46
876.96
890.69
891.32
882.22
881.39
871.17
858.49
868.48
897.14
917.29
892.16
853.01
811.67
753.07
707.22
664.02
635.88
619.60
611.43
613.17
630.33
660.19
703.31
755.37
802.79
836.71
846.13
848.74
851.06
851.04
845.47
859.64
884.40
883.57
848.88
813.06
770.09
725.58
677.17
644.53
619.49
598.87
589.46
587.35
596.49
612.30
645.31
687.94
726.45
748.92
759.78
773.40
779.97
778.30
787.21
805.02
816.02
826.84
802.46
790.02
753.62
703.99
647.46
620.20
594.50
587.32
586.44
603.51
641.66
731.56
797.50
824.30
842.26
839.13
833.04
829.24
825.85
825.90
826.81
848.34
891.63
933.54
911.79
865.86
817.33
759.75
697.55
656.45
634.60
622.64
622.23
637.93
681.26
775.61
845.22
868.17
859.28
860.86
867.85
865.30
869.69
872.54
862.16
884.16
927.00
957.48
927.97
884.90
829.91
761.55
700.06
667.75
651.17
637.43
636.44
643.41
676.89
740.73
807.97
801.15
766.71
726.22
706.53
706.68
719.29
734.51
779.97
843.90
912.85
959.98
936.01
900.13
847.07
774.47
720.00
687.55
666.09
658.94
643.40
662.32
713.70
810.89
881.06
884.91
842.30
812.02
780.62
760.16
768.59
771.64
810.66
865.39
921.57
954.67
931.64
894.73
844.28
775.84
712.13
680.17
661.22
645.98
641.41
654.99
702.36
797.19
866.26
888.55
887.49
871.91
858.52
845.28
829.23
827.98
828.07
856.09
904.97
938.13
918.78
891.66
851.85
796.66
749.05
701.57
677.21
663.75
660.42
667.77
690.67
736.98
787.39
820.62
827.08
823.71
805.25
788.29
775.80
771.16
772.95
801.68
849.96
884.84
865.92
838.86
805.11
761.08
714.44
676.93
649.65
636.38
635.60
645.25
668.92
706.04
747.66
775.65
787.89
785.71
780.45
782.03
782.15
788.75
806.70
867.94
915.41
904.73
873.49
833.07
780.24
549.69
751.38
646.69
627.38
616.93
615.15
638.01
690.36
782.83
809.56
789.22
770.93
831.86
847.39
859.14
878.20
903.61
921.56
923.16
937.33
921.56
890.14
843.99
788.67
728.41
668.68
648.62
625.72
617.12
611.70
626.77
679.50
762.27
788.18
768.36
794.50
781.70
754.51
754.78
775.41
794.89
844.38
881.80
915.25
899.86
865.74
819.45
767.38
703.51
652.10
626.38
603.19
592.13
620.41
631.93
682.39
767.45
830.68
850.45
855.87
856.62
861.67
860.37
858.43
858.48
864.69
901.35
948.64
935.87
904.23
861.79
813.53
756.43
700.71
664.35
644.01
632.70
631.85
648.31
690.04
750.89
797.51
820.91
829.67
833.51
831.03
826.45
824.71
834.40
848.75
906.25
952.41
938.04
904.96
863.72
814.69
752.43
696.58
626.95
607.83
599.86
595.68
614.87
654.33
733.21
800.00
841.25
862.91
887.91
901.75
901.91
909.82
902.19
899.62
913.10
929.92
903.95
865.40
820.08
776.26
726.06
676.99
634.08
609.18
597.85
595.53
604.45
627.33
658.77
682.18
686.98
720.57
746.80
763.06
773.37
788.13
817.50
832.44
845.86
825.92
808.37
783.76
760.57
729.61
691.24
654.20
618.96
596.51
585.65
585.54
590.85
611.42
632.44
648.30
658.26
674.83
749.80
814.45
818.86
810.66
851.96
833.40
860.09
883.22
869.19
844.20
803.42
752.18
700.86
647.88
627.59
600.94
590.88
585.63
596.06
651.72
746.34
802.23
817.65
825.40
836.89
843.59
843.97
848.73
855.28
862.42
908.86
959.16
947.22
918.03
874.69
818.12
751.77
698.28
682.91
661.52
652.88
652.12
672.66
721.54
812.81
866.00
881.35
879.98
877.51
872.24
863.01
863.47
867.05
881.26
939.48
990.95
978.03
950.68
908.85
851.43
787.08
727.64
681.45
662.13
653.48
658.10
678.04
723.99
821.42
868.23
854.29
859.00
884.75
930.76
920.30
932.32
912.08
894.90
936.05
981.99
967.77
933.96
887.76
828.24
763.40
704.89
658.29
632.19
616.99
613.71
630.18
672.73
752.29
808.94
826.08
829.99
839.19
842.94
840.23
839.48
843.35
842.96
888.11
927.07
915.62
886.37
845.17
800.00
735.89
674.84
629.13
606.43
594.83
597.30
614.61
661.58
748.82
806.03
828.56
838.49
852.93
854.88
846.72
850.03
847.12
860.00
910.57
953.47
940.74
912.89
877.54
838.14
787.57
736.12
698.40
674.73
665.15
663.39
671.95
695.54
736.51
779.55
808.05
821.19
826.11
819.75
810.96
805.24
808.10
821.41
881.58
925.77
909.43
886.43
847.96
816.15
768.74
722.33
680.67
653.62
639.08
632.10
633.67
648.62
672.89
707.84
756.21
788.16
808.45
816.64
805.46
795.96
797.02
812.09
882.61
919.20
904.04
870.85
836.14
784.62
725.22
672.55
635.58
606.92
591.98
588.13
605.81
651.09
746.29
826.95
909.44
950.18
952.28
947.60
937.05
891.48
900.88
897.10
929.52
964.61
946.90
928.08
893.35
841.39
784.07
724.55
692.65
671.80
664.07
668.41
686.26
737.05
831.78
891.63
922.24
924.58
924.69
910.58
903.67
906.73
901.24
926.77
984.69
1030.96
1023.49
1001.26
963.74
921.81
855.83
796.75
763.52
738.36
727.61
726.33
746.40
794.77
873.12
927.73
955.23
959.26
957.98
949.21
934.06
932.61
928.34
931.64
988.85
1029.78
1017.53
991.21
958.02
907.96
844.53
781.67
734.26
704.49
689.70
680.54
687.14
714.85
748.17
783.68
833.54
861.14
884.48
913.01
882.11
842.13
822.99
797.39
809.46
813.74
800.02
789.81
777.45
758.01
722.85
680.15
643.51
621.71
609.59
609.54
623.17
649.07
692.20
733.35
783.28
825.49
856.35
872.16
867.90
876.54
881.10
872.55
915.32
950.84
938.57
916.58
888.40
850.97
807.10
758.94
716.63
691.33
676.95
672.56
677.39
697.63
738.59
773.17
799.22
820.98
829.94
833.14
829.20
829.45
840.12
855.00
923.93
969.32
958.54
938.40
912.45
873.85
829.48
777.18
738.50
712.88
696.33
687.89
692.64
707.31
737.04
766.59
800.78
840.24
871.94
897.04
913.30
928.46
936.76
940.13
993.61
1014.01
995.83
963.46
924.14
863.42
800.96
747.21
710.69
692.62
686.67
689.07
711.90
768.01
861.72
922.26
955.07
967.49
982.57
971.79
951.74
949.90
947.36
957.64
1031.52
1080.57
1074.34
1044.51
1000.52
945.16
879.42
809.33
764.73
740.58
730.25
734.67
759.90
812.86
909.58
965.44
969.28
952.50
945.55
941.57
945.81
967.18
962.03
979.51
1039.08
1081.93
1069.50
1036.22
989.10
927.66
851.19
782.11
738.45
717.27
704.83
704.20
725.12
774.94
866.71
921.24
926.25
920.57
923.30
921.70
897.38
893.86
901.78
921.90
991.50
1044.44
1037.21
1013.61
970.63
913.92
836.63
768.49
721.98
694.00
681.24
677.91
693.25
743.25
830.22
886.53
914.15
927.41
919.94
892.06
884.30
896.70
901.89
908.79
965.45
1000.43
986.17
955.27
911.88
858.44
785.58
723.16
675.39
654.23
644.09
645.23
665.37
721.83
816.59
877.58
900.66
901.26
904.82
899.31
890.01
887.40
893.05
913.29
982.94
1026.92
1015.75
993.10
963.67
921.64
858.75
803.72
758.21
726.41
709.36
704.30
706.90
731.72
777.99
824.35
872.79
904.62
914.95
907.92
906.37
909.46
896.93
905.88
969.68
1004.97
990.58
964.25
931.86
884.20
824.79
767.62
728.98
704.20
688.10
679.47
675.19
693.30
722.15
749.78
778.69
803.33
811.81
819.96
829.46
827.62
834.72
864.80
952.23
1007.48
1001.16
977.04
940.84
885.89
805.58
740.85
694.62
667.07
651.29
644.74
662.73
709.63
800.79
865.41
900.79
918.74
934.57
922.35
894.91
897.05
895.68
904.47
978.37
1020.79
1005.39
973.13
921.97
857.75
785.01
717.06
668.49
650.27
646.63
648.67
671.28
717.35
816.97
880.51
896.46
897.16
899.72
904.51
901.50
897.38
903.67
913.19
994.26
1048.91
1043.43
1015.97
977.23
919.95
844.72
779.94
730.18
711.25
701.65
700.68
723.56
769.82
864.51
928.77
958.73
979.36
1000.49
1009.98
1008.78
1011.54
1008.55
1003.93
1061.74
1088.11
1075.03
1044.98
983.91
939.59
867.57
802.12
762.88
739.27
730.07
730.57
751.61
807.28
899.36
960.93
976.99
966.09
959.48
957.08
956.90
975.04
986.24
1005.86
1070.21
1106.79
1091.90
1065.52
1022.42
965.00
885.31
820.63
769.07
739.51
724.27
723.08
743.30
773.27
862.85
923.14
959.66
979.79
992.59
989.48
967.38
957.32
943.58
934.68
989.59
1022.05
1008.27
983.20
949.16
903.69
847.40
785.29
735.21
703.43
685.75
675.52
682.11
703.81
738.78
779.03
832.67
874.85
902.27
911.29
912.56
907.88
891.77
890.15
931.95
948.98
922.59
892.62
857.97
815.71
763.95
708.67
662.47
630.95
614.65
613.22
621.30
632.16
666.54
701.83
753.37
801.11
798.73
805.30
825.97
821.82
830.44
860.30
941.08
996.44
992.19
975.36
938.19
886.54
815.24
752.83
709.06
690.99
675.92
680.04
701.85
742.84
836.86
900.63
932.07
947.50
960.56
962.80
927.58
899.83
898.15
915.36
993.85
1055.99
1046.82
1019.17
973.58
912.81
841.33
766.59
722.18
695.33
681.84
681.48
695.10
748.87
836.97
894.45
901.65
893.50
896.46
888.59
879.54
878.03
881.75
901.30
976.18
1040.99
1039.03
1015.82
981.11
928.62
849.29
781.97
735.09
711.87
705.35
710.08
732.96
781.12
875.71
935.55
948.70
932.66
934.39
912.38
903.56
911.92
911.26
936.75
1011.75
1053.56
1039.88
1013.54
966.51
908.70
824.29
745.39
694.05
656.57
648.20
643.18
655.83
704.01
786.12
847.36
871.26
891.76
902.84
903.79
886.80
873.30
866.71
875.98
947.36
995.39
981.33
963.99
918.42
867.85
800.92
727.22
675.35
647.51
631.83
627.59
641.70
692.50
770.79
822.84
842.78
842.74
850.73
846.35
832.21
830.59
829.51
851.38
915.61
962.83
951.47
929.92
897.06
862.77
806.59
744.39
698.29
671.61
656.55
650.43
655.86
683.69
720.91
768.86
826.08
869.05
898.96
914.94
917.71
921.87
921.28
931.17
982.80
990.54
981.14
957.23
926.82
882.91
822.98
764.59
710.69
678.96
660.13
653.79
655.15
669.91
705.06
741.09
790.24
845.37
872.13
888.17
906.93
900.58
898.36
922.39
1004.32
1058.37
1059.65
1037.52
1011.78
958.05
890.35
827.56
787.04
764.62
752.92
750.83
775.38
828.64
924.28
988.95
1004.58
995.87
986.05
986.40
974.92
966.35
969.78
983.97
1061.78
1128.96
1123.71
1098.42
1060.24
1002.86
924.26
843.55
788.56
758.59
747.34
739.59
757.94
806.97
893.63
955.35
970.03
965.31
963.30
957.57
945.14
943.52
950.67
952.77
1026.92
1077.78
1071.32
1049.12
1012.89
962.43
886.67
809.55
753.64
721.11
705.16
698.76
714.86
759.10
842.59
906.04
939.47
959.01
975.75
987.24
969.06
931.60
925.58
936.15
1010.88
1063.01
1063.55
1040.46
1006.19
952.98
880.07
818.29
763.14
734.37
722.16
722.33
747.47
795.21
869.63
927.06
955.85
962.37
963.07
956.38
940.12
946.02
971.83
984.06
1053.85
1103.56
1097.21
1073.56
1046.18
1000.06
934.16
865.67
808.50
772.54
757.76
753.51
762.77
792.97
838.76
890.02
954.83
999.46
1033.70
1046.19
1045.75
1040.44
1031.79
1031.18
1071.15
1074.46
1031.66
986.29
953.20
924.18
885.39
837.43
787.23
754.95
734.32
724.39
728.98
734.05
762.43
806.80
861.75
910.32
937.30
953.44
964.83
958.26
933.00
910.36
932.30
946.53
932.18
915.40
897.31
865.60
825.68
773.54
730.45
703.39
689.35
686.10
689.01
701.83
729.27
757.21
790.91
821.06
835.99
878.80
906.81
898.16
878.50
885.45
952.72
1001.87
996.13
973.19
942.05
895.95
839.53
784.19
747.47
722.97
712.89
709.12
723.72
762.83
823.44
868.78
907.94
945.25
981.00
997.43
989.58
981.26
966.02
977.20
1036.61
1073.82
1062.88
1027.49
982.84
929.95
861.62
792.78
745.54
718.66
705.28
700.44
714.23
750.93
811.73
865.76
911.00
940.44
946.40
916.61
893.32
892.03
906.52
913.13
980.13
1027.75
1013.80
983.58
941.90
888.94
826.67
763.47
717.28
688.75
675.55
675.43
691.52
720.72
786.35
842.01
881.58
790.19
934.28
945.42
937.77
939.41
943.15
949.19
1001.27
1032.68
1015.40
982.77
941.10
886.55
826.77
759.67
713.41
684.10
669.92
664.03
675.63
717.76
774.00
827.63
874.86
903.86
930.76
942.05
943.54
943.78
939.59
936.01
979.85
1014.89
997.57
967.37
927.94
879.03
812.24
748.58
702.63
675.66
657.63
650.49
656.64
685.47
720.79
755.84
793.37
818.19
845.63
864.87
872.09
876.86
882.49
898.17
948.36
976.46
951.13
910.54
866.65
826.34
780.41
737.75