610.16
588.62
573.33
567.42
570.78
584.91
607.45
637.51
643.11
607.89
558.78
556.28
590.42
610.82
653.76
700.83
756.79
775.19
759.59
737.35
705.40
686.63
648.88
592.03
560.10
540.00
529.42
526.35
527.98
539.90
566.10
604.59
648.08
680.87
699.81
701.71
684.63
683.06
688.31
701.35
743.79
775.23
767.90
742.42
709.17
686.31
646.08
596.40
565.67
549.97
540.57
538.19
542.04
557.36
585.40
623.46
662.12
691.28
705.33
713.65
717.11
721.33
720.02
727.93
769.40
789.13
774.02
748.34
711.52
680.72
636.65
588.05
559.65
546.31
538.76
538.75
555.47
594.85
658.16
715.14
733.65
732.69
722.33
707.90
679.88
666.13
680.16
703.55
746.37
789.26
776.55
744.75
706.66
678.66
639.70
592.63
564.73
550.29
542.94
545.03
561.57
599.81
667.84
724.02
748.49
747.39
743.76
748.01
741.85
737.84
734.94
739.74
770.81
802.44
794.20
770.72
734.61
707.65
663.59
617.16
589.25
575.64
570.00
570.16
583.67
622.32
688.42
749.77
769.99
768.84
763.33
755.34
746.62
735.50
738.60
760.37
802.38
829.93
824.49
802.88
768.86
747.07
707.59
652.92
624.36
606.94
601.11
602.13
615.16
655.24
723.81
778.48
780.89
770.46
756.08
729.54
697.84
691.33
704.94
746.70
795.48
831.05
824.39
803.70
767.21
744.37
696.24
653.29
624.08
608.30
601.21
603.87
616.30
653.52
716.81
775.44
786.49
762.01
736.30
699.74
655.13
630.27
651.48
727.60
800.82
831.40
825.01
809.54
784.24
766.11
731.83
677.18
649.10
629.95
619.01
614.53
616.44
632.15
660.88
701.24
722.66
716.50
692.62
657.26
625.26
611.24
655.49
713.06
778.49
822.53
816.89
785.55
751.35
720.93
684.69
642.16
610.74
591.18
583.92
581.07
584.97
597.56
623.35
662.22
699.69
704.62
685.86
660.13
629.04
593.24
600.54
672.84
756.98
813.41
804.04
773.87
737.81
710.59
673.07
638.17
613.03
599.34
594.15
599.98
611.79
654.28
726.28
778.95
778.14
764.76
756.35
760.00
755.84
757.34
752.75
757.87
787.05
818.77
803.81
771.01
730.95
698.81
655.02
618.92
590.39
571.43
561.67
563.28
576.02
615.73
686.34
736.21
744.39
733.29
722.77
709.54
699.98
704.31
715.19
730.78
759.74
792.16
775.57
740.77
702.07
676.31
632.46
590.83
567.15
553.38
544.29
544.90
558.56
598.89
662.88
718.13
735.66
727.67
715.54
703.27
717.68
715.74
717.09
717.98
744.48
775.91
762.04
730.09
693.55
663.43
621.41
581.30
554.50
540.36
531.95
528.41
538.88
579.47
644.38
700.83
718.98
717.90
718.69
715.82
711.07
705.38
702.23
710.75
736.08
768.30
756.80
725.58
689.39
655.44
611.41
568.83
542.93
526.55
519.87
520.67
536.59
577.27
644.95
701.80
700.57
662.12
622.98
596.66
599.48
621.90
650.25
673.29
714.29
753.84
745.16
715.29
684.06
659.99
622.70
577.48
550.00
530.26
519.74
513.91
519.10
533.27
562.83
599.68
641.74
670.32
680.05
679.05
666.67
662.31
660.71
669.43
702.89
740.86
729.90
694.69
662.19
632.07
596.42
553.95
525.24
508.76
499.76
497.51
500.96
515.92
542.06
584.00
630.19
656.80
666.66
671.47
675.05
669.10
667.68
688.11
723.85
766.99
750.68
711.19
673.77
643.00
604.80
561.55
535.94
518.25
509.89
510.53
524.96
560.09
617.21
674.67
707.33
717.52
722.92
726.31
715.75
706.65
704.20
712.07
742.92
792.62
780.66
754.78
719.85
687.26
645.94
605.23
579.41
570.06
567.35
570.66
584.08
627.22
697.71
755.86
754.97
720.54
715.10
710.35
707.47
713.14
713.20
725.82
756.40
798.00
789.71
764.28
725.73
690.78
651.73
610.32
585.75
571.77
566.37
566.96
579.28
615.85
676.37
733.14
745.26
729.60
695.08
685.43
692.72
710.97
711.56
731.19
769.67
819.29
814.89
796.30
763.24
732.68
696.26
659.32
637.30
624.90
619.37
620.49
632.65
669.14
736.51
791.26
808.48
813.21
818.10
817.55
811.84
801.72
785.78
785.05
802.05
825.17
813.91
790.17
751.44
719.61
665.45
616.97
586.40
569.03
559.94
556.17
568.68
606.43
667.76
720.70
736.28
735.62
736.71
735.81
729.28
723.68
710.42
711.30
735.33
775.46
770.55
745.16
716.45
690.26
653.23
612.42
584.37
569.61
562.10
563.37
572.26
592.69
631.61
678.23
715.02
730.38
723.01
708.52
695.09
688.21
693.67
723.77
764.82
816.72
809.71
789.80
760.64
729.60
699.53
658.45
634.13
619.42
611.34
609.03
615.70
631.87
659.41
697.37
707.82
689.89
674.55
658.65
643.69
629.01
640.37
695.94
763.17
813.93
808.42
783.76
756.65
724.22
690.59
654.67
631.52
620.06
616.79
619.97
637.48
681.41
744.81
797.41
778.40
738.99
695.87
677.94
660.15
644.29
647.70
703.34
772.94
834.44
824.87
806.00
768.44
738.66
690.39
649.29
627.07
614.24
606.00
606.87
620.80
660.17
729.69
774.59
754.97
701.55
672.37
668.67
684.06
710.87
734.14
751.04
773.38
815.24
804.57
768.68
731.42
696.51
653.76
611.12
584.77
568.59
560.12
563.22
577.11
616.40
678.63
731.20
754.18
759.50
758.43
752.45
747.22
745.54
739.99
739.41
756.81
794.81
785.64
757.01
720.77
687.82
646.86
605.75
580.59
569.38
564.06
564.36
580.19
621.18
690.67
750.07
770.89
774.27
767.20
751.32
738.40
738.26
742.36
754.48
780.66
832.48
824.39
810.30
777.55
755.91
710.96
669.53
645.10
634.57
631.80
637.35
654.94
695.64
759.79
812.57
822.02
802.43
782.55
764.87
752.93
739.02
725.75
748.67
784.74
825.19
820.39
808.50
779.22
765.69
721.41
678.35
651.03
637.72
633.06
630.50
636.82
655.74
685.37
727.26
749.89
747.38
742.85
730.80
706.07
683.56
679.79
717.56
774.44
831.40
832.04
806.25
779.20
751.51
718.57
680.57
654.05
639.96
634.73
635.14
643.60
659.31
691.77
731.78
744.24
726.54
695.86
674.14
648.33
635.64
645.54
696.80
765.42
824.56
824.08
796.29
759.99
731.44
692.41
655.81
633.90
622.76
620.85
625.52
642.45
685.23
757.32
804.62
797.04
765.71
731.08
709.92
706.30
722.53
747.84
772.30
791.59
829.74
822.44
789.14
751.08
718.27
673.08
631.14
602.94
587.99
579.17
578.11
589.90
623.29
676.59
724.84
752.18
764.33
768.90
774.51
771.84
764.43
756.64
756.51
761.51
800.68
794.75
758.30
721.40
685.32
645.11
605.02
579.57
563.48
558.30
559.77
572.02
607.82
666.31
716.88
742.82
750.32
751.29
750.63
745.03
740.74
730.88
730.20
743.70
785.22
783.77
752.06
715.03
681.37
636.74
595.34
566.39
553.92
546.08
547.01
557.26
593.23
660.99
711.01
729.33
734.68
718.10
682.03
640.52
595.81
580.98
616.07
686.92
758.05
772.09
749.47
717.67
691.17
652.60
613.25
589.02
573.92
567.05
568.09
579.93
617.20
682.79
737.63
764.27
776.94
780.50
770.63
737.74
694.14
685.80
679.25
706.16
757.58
763.00
734.01
701.55
675.16
634.04
591.49
560.69
542.05
533.08
532.85
539.34
560.07
598.00
641.41
666.75
669.24
666.65
658.93
633.00
615.56
604.91
645.95
699.99
766.99
773.76
743.16
710.68
680.58
644.79
607.28
583.45
570.00
564.85
564.77
571.36
588.84
620.89
661.86
696.23
719.59
726.91
731.84
727.88
716.96
721.49
733.65
751.89
790.39
772.29
722.37
696.50
677.68
650.22
612.26
586.97
573.86
572.15
578.57
596.80
637.81
708.37
756.81
739.95
703.97
670.83
622.18
596.68
585.90
583.05
630.06
712.91
787.97
796.14
785.37
754.34
727.30
684.29
644.35
619.69
604.92
597.35
597.82
610.82
649.73
718.75
772.47
790.72
794.87
799.75
792.19
792.84
779.75
756.18
748.11
753.98
807.11
804.76
788.19
751.31
726.35
677.82
634.50
611.35
596.34
589.27
588.87
603.57
646.74
713.00
762.64
776.14
764.45
736.47
724.79
714.52
708.90
710.93
721.10
749.01
803.01
807.73
788.53
759.70
737.77
695.29
641.31
612.19
597.75
590.14
589.32
603.35
647.50
716.96
768.60
769.84
751.68
720.40
702.36
685.65
675.62
669.71
694.49
739.26
802.20
806.81
796.11
768.12
747.35
708.86
656.75
632.77
621.67
616.60
618.91
635.77
675.64
742.94
789.93
769.69
760.95
760.97
743.44
753.69
734.32
722.22
716.81
752.89
806.11
805.97
793.72
780.09
769.11
730.39
680.83
652.63
634.58
625.78
624.83
631.27
651.25
688.14
725.90
730.53
714.65
705.03
698.67
671.68
653.33
672.00
704.09
748.35
807.21
807.70
790.59
756.09
729.18
690.40
640.69
609.22
590.92
581.01
577.10
581.34
594.05
624.23
668.10
713.00
736.91
741.79
734.92
707.32
684.01
689.66
705.83
739.60
794.33
797.78
770.76
732.29
693.75
653.08
611.77
585.37
571.84
566.13
567.14
583.47
619.81
685.63
734.26
764.35
768.95
766.49
764.97
744.00
749.66
746.06
752.60
773.57
807.77
807.32
776.16
738.48
700.70
651.67
606.08
577.70
561.05
554.32
556.45
568.44
599.37
650.67
702.01
734.10
742.85
741.77
729.97
717.98
716.86
709.47
713.52
735.12
779.57
779.99
748.98
715.21
689.04
648.13
607.52
583.79
571.14
568.09
573.93
588.15
632.32
699.73
735.95
697.07
647.01
612.45
590.28
572.74
564.47
569.33
612.90
693.15
782.03
806.83
786.18
746.32
715.89
674.31
630.48
603.42
586.06
581.11
581.21
595.77
635.93
704.62
754.60
753.54
728.58
731.35
732.29
735.54
723.83
726.42
730.75
744.36
795.42
801.52
773.07
738.36
703.51
659.25
614.40
587.16
571.55
563.59
565.09
576.72
615.29
680.07
730.60
749.98
748.46
737.55
724.60
707.92
705.40
707.03
709.30
722.79
762.45
772.63
742.95
711.88
682.10
641.29
600.12
570.92
556.24
546.70
546.29
554.05
574.10
613.86
655.07
677.42
676.14
649.15
636.71
633.67
632.15
639.81
668.53
706.73
759.51
773.00
742.62
709.16
680.84
645.77
606.26
579.74
564.98
556.15
553.55
558.58
576.30
607.36
629.70
604.90
575.60
559.05
542.38
534.69
508.92
510.89
559.47
653.80
749.92
776.99
752.21
721.98
692.18
660.90
626.42
604.97
592.90
585.02
586.00
597.97
636.99
703.88
759.20
778.40
765.23
753.54
762.32
768.01
770.46
756.13
751.78
759.87
790.55
791.13
755.90
717.80
682.01
636.90
593.87
566.65
553.93
543.66
544.15
557.00
595.41
658.96
711.32
731.60
712.74
682.91
665.17
660.79
663.76
679.49
691.58
711.06
757.96
771.78
741.53
705.64
673.03
627.43
583.87
556.79
541.27
531.59
532.47
544.45
582.07
647.57
677.64
624.54
577.20
518.34
525.76
612.11
633.64
634.94
650.44
679.52
733.04
748.17
720.95
689.46
651.89
609.50
565.79
539.71
527.99
522.94
525.89
541.46
584.34
649.45
686.73
684.87
668.18
646.45
610.19
566.70
546.84
535.16
558.34
644.55
742.30
772.49
748.95
720.04
690.85
650.34
608.47
583.23
571.62
564.89
567.14
580.80
620.99
683.15
691.60
622.82
536.66
484.58
472.50
449.89
441.66
453.61
526.32
636.55
729.26
760.90
740.03
714.33
689.22
653.42
612.56
584.68
568.79
560.69
556.70
561.32
580.26
617.04
653.75
683.79
703.44
701.45
690.55
695.45
699.15
680.45
686.96
695.21
731.21
741.40
708.62
678.12
651.42
613.50
570.95
541.82
525.39
517.16
515.21
521.30
539.11
569.94
593.48
603.44
583.05
572.30
555.75
535.52
546.47
581.73
620.06
656.57
710.36
721.56
694.08
658.22
623.49
589.38
554.07
528.65
515.84
507.23
509.40
522.77
562.27
625.54
676.67
694.32
695.84
695.92
684.38
667.64
638.64
606.75
626.46
667.18
743.41
768.84
741.20
709.40
685.23
649.38
618.03
600.61
593.69
595.42
602.41
620.16
661.29
725.66
728.18
658.80
579.09
520.99
491.83
469.88
462.04
469.14
532.01
649.64
760.26
777.83
772.01
748.24
719.18
667.57
626.59
599.34
584.83
574.53
573.49
587.32
624.18
686.02
718.00
718.15
702.33
700.63
707.05
688.21
667.01
667.08
695.17
723.43
757.32
765.42
738.34
699.39
663.89
621.63
578.70
552.25
537.43
531.50
535.09
551.53
594.36
665.45
697.47
662.62
584.19
534.98
492.78
451.69
433.57
456.61
527.83
648.33
742.42
769.39
759.89
743.74
706.83
665.14
622.90
599.89
587.14
581.43
582.32
597.99
638.06
704.59
720.48
692.92
640.51
578.98
549.95
544.83
575.77
615.76
666.21
714.29
757.90
769.30
766.12
733.62
713.33
674.81
637.49
612.06
595.80
588.76
586.71
596.14
615.96
650.79
656.76
628.74
567.48
535.80
520.62
521.88
541.50
566.59
619.13
672.76
749.26
769.48
757.08
716.13
693.08
658.63
618.86
595.12
579.77
573.11
573.23
580.72
598.41
624.36
600.53
533.73
470.71
431.48
407.51
388.59
378.08
392.55
464.55
588.90
715.66
756.13
737.64
705.72
673.33
639.03
603.42
586.01
575.51
574.28
579.02
598.72
645.96
710.11
669.43
561.69
482.17
448.43
428.98
414.65
410.84
424.84
499.71
624.40
731.44
761.18
731.10
692.32
662.96
620.12
581.38
554.99
537.02
527.90
529.04
543.61
585.40
651.46
669.19
631.91
582.43
538.19
517.66
480.70
476.22
507.14
548.49
619.25
704.82
742.95
720.28
684.26
653.30
614.74
577.56
558.01
547.53
541.26
543.30
560.61
603.97
663.17
622.83
516.81
438.44
399.31
380.18
367.17
363.62
382.09
449.43
559.38
676.68
724.20
707.32
672.84
644.59
602.64
562.66
537.13
522.91
515.35
515.94
530.24
573.96
643.25
665.00
606.23
537.76
485.20
463.11
423.84
415.08
445.99
514.92
599.16
678.75
713.04
693.14
658.25
629.44
582.80
534.57
506.84
489.96
483.93
483.61
500.11
543.71
601.68
564.72
468.37
390.99
355.66
339.01
326.23
322.42
348.47
431.15
563.37
666.49
700.72
680.97
645.68
627.10
597.55
562.52
542.76
533.66
528.89
529.28
537.63
558.79
589.58
575.99
505.14
427.75
375.65
344.94
314.88
307.01
339.99
422.58
553.03
663.04
706.79
688.09
660.25
632.72
596.08
556.94
530.40
523.04
515.69
510.35
511.18
521.38
543.08
573.35
585.63
574.54
563.83
556.58
551.43
550.24
542.76
557.45
587.58
661.49
716.27
739.90
716.72
687.98
650.41
610.56
584.71
574.42
573.94
579.06
593.85
637.59
709.26
763.78
738.25
650.68
558.96
478.71
439.17
419.93
405.33
417.04
491.87
627.91
738.93
769.16
746.56
715.84
672.28
627.17
600.17
587.54
581.43
583.34
594.27
635.54
704.29
736.30
667.81
589.76
517.00
494.67
466.67
440.73
412.67
408.63
485.10
625.54
694.86
716.00
690.53
658.47
617.27
573.39
547.28
534.50
525.76
530.65
548.68
586.55
654.36
693.06
617.01
503.28
423.71
374.10
343.51
334.43
333.26
350.84
422.56
557.14
650.43
685.23
669.11
640.84
599.17
560.81
535.24
517.78
509.27
508.31
521.21
564.53
633.54
690.71
705.58
702.58
690.00
679.17
667.38
656.04
644.82
645.81
670.02
693.08
714.90
720.26
695.12
663.35
622.76
580.35
555.16
544.10
538.92
543.07
559.79
601.99
676.27
713.03
629.12
508.05
428.67
397.11
375.18
362.32
352.61
366.96
438.83
566.49
677.02
712.55
700.02
678.67
643.41
605.35
576.53
559.46
553.64
553.47
557.43
573.38
607.89
627.68
551.75
449.67
370.21
332.61
319.43
299.59
291.16
316.67
393.76
523.16
629.09
667.98
653.93
631.69
600.51
557.41
530.14
515.54
507.53
507.48
515.53
531.29
560.33
578.43
510.16
419.42
349.54
317.05
295.01
276.78
271.17
299.05
376.22
509.07
623.70
666.63
650.73
614.74
574.50
535.72
511.84
499.31
492.73
496.45
515.10
556.65
633.73
661.50
553.44
443.46
369.86
340.23
328.14
321.20
315.99
339.20
412.08
533.68
637.03
673.83
655.96
622.45
579.19
534.92
510.29
496.24
491.26
493.50
509.04
551.53
626.09
651.74
575.30
472.98
397.97
350.46
327.64
320.91
317.41
346.10
439.16
548.74
623.94
658.43
639.41
603.70
557.58
517.41
493.87
478.50
473.85
476.30
495.61
536.81
605.44
646.61
625.43
580.20
586.56
587.83
570.19
588.14
597.90
595.27
612.32
651.00
674.60
677.33
648.33
612.09
567.84
525.78
497.00
482.15
472.17
473.93
485.56
524.44
594.86
632.86
607.14
526.78
461.58
423.51
369.86
334.34
337.61
382.34
453.22
560.05
630.19
660.24
640.92
604.37
559.60
516.54
490.31
472.95
464.66
464.56
476.00
514.47
580.56
637.51
651.05
659.86
674.55
631.60
497.83
569.50
595.58
604.86
612.18
640.27
656.72
649.10
623.66
599.63
563.70
523.49
496.25
483.71
473.83
471.31
477.29
494.46
529.93
557.27
551.53
529.80
491.22
431.42
379.23
343.55
332.66
337.47
397.20
506.48
596.17
626.03
613.72
590.48
558.34
518.75
491.35
477.25
470.05
465.30
470.83
488.09
515.20
549.11
587.45
619.66
646.38
657.09
665.29
646.93
630.85
642.26
657.93
677.94
681.47
674.74
640.84
602.12
562.76
522.40
498.55
486.83
482.25
482.51
499.19
546.24
622.67
672.40
666.33
589.15
540.49
463.73
386.09
346.68
327.37
342.19
410.74
537.30
650.14
687.66
677.13
647.15
603.67
558.67
533.82
519.19
513.05
514.98
530.17
572.09
640.77
651.84
556.49
445.52
370.09
336.05
314.96
304.83
308.29
328.98
394.64
525.47
629.87
663.84
650.02
618.32
575.76
532.80
503.61
489.42
481.28
480.76
494.13
534.48
596.95
633.92
618.81
553.38
509.22
535.65
519.84
549.20
567.06
584.37
600.61
639.98
658.32
655.22
624.86
592.29
549.21
508.63
483.74
468.65
462.09
465.45
480.08
520.25
589.70
642.90
660.04
668.66
667.01
653.43
635.07
646.66
642.55
618.88
615.13
637.20
656.27
662.96
653.01
643.86
600.72
554.94
526.35
509.13
502.77
506.63
519.17
555.37
622.62
663.74
660.46
642.94
604.40
574.52
532.28
508.21
505.09
523.79
564.32
613.92
647.73
660.14
663.42
632.91
596.40
558.17
531.71
517.66
510.05
510.06
518.22
538.42
572.78
565.62
488.31
408.45
340.17
297.10
268.86
247.77
235.86
256.78
328.67
453.26
568.48
616.84
617.07
595.14
565.11
527.88
501.17
485.65
479.60
480.01
486.43
500.18
525.79
523.08
468.44
397.23
373.06
389.49
308.03
249.39
232.13
257.13
336.14
453.37
558.29
602.61
602.58
573.85
536.15
496.79
473.77
463.65
458.64
460.26
475.36
518.47
589.01
611.00
528.44
423.56
364.27
343.69
321.59
314.20
307.01
341.82
411.02
521.19
603.42
633.14
622.57
591.44
549.14
507.35
481.13
462.77
457.44
463.18
478.00
518.58
586.06
588.41
499.08
401.82
350.18
309.45
305.62
313.33
310.19
312.84
376.55
486.91
587.61
628.20
621.29
587.74
544.04
501.36
476.16
462.38
455.61
455.93
471.39
512.10
577.95
597.50
527.33
455.01
421.66
383.94
349.44
327.86
319.23
330.98
375.94
475.00
575.80
617.34
609.13
574.50
530.70
486.93
462.45
447.64
442.28
444.46
458.21
501.46
569.70
569.04
468.84
373.60
315.30
295.77
278.17
274.76
276.93
302.38
369.34
478.13
577.53
616.88
615.07
581.59
536.57
492.65
463.97
447.26
440.11
440.05
452.73
491.09
551.71
546.40
456.69
366.33
305.68
281.87
267.09
270.89
277.90
305.16
377.16
472.11
558.17
590.39
588.51
560.42
524.11
480.47
450.84
433.78
425.37
421.78
425.17
440.80
466.66
477.02
458.93
399.34
318.33
247.70
219.26
215.41
231.17
277.22
351.29
446.88
539.06
570.02
568.25
540.24
504.76
465.34
438.05
422.69
413.94
411.67
413.37
426.48
440.48
430.97
400.55
360.31
293.24
256.60
244.68
262.96
282.61
348.27
453.38
525.39
562.28
581.53
567.76
533.98
494.17
452.72
428.47
416.29
408.91
409.47
422.58
462.21
515.10
526.15
479.49
427.21
411.16
416.29
438.99
465.77
487.19
503.48
530.65
568.97
592.69
604.75
592.66
562.35
519.77
480.19
455.18
442.58
434.72
436.95
449.34
488.09
544.96
534.82
438.98
341.17
291.58
286.62
298.61
303.46
319.57
348.46
406.25
497.32
569.38
597.30
589.85
561.19
518.68
477.37
451.17
439.89
432.19
429.97
442.60
478.24
535.68
558.08
521.38
414.47
309.17
275.57
271.82
309.83
357.68
388.85
466.26
535.49
571.57
594.38
588.02
556.49
515.17
474.23
449.13
434.49
426.86
427.69
440.81
476.95
537.26
579.37
582.76
597.19
610.50
608.49
594.18
587.52
573.08
576.13
599.97
620.31
631.79
629.49
608.89
577.07
534.97
498.54
475.73
462.03
452.66
452.28
464.35
497.79
561.30
611.07
630.44
624.63
622.42
627.55
627.77
616.43
613.74
611.45
618.53
631.25
639.94
633.63
615.27
593.13
555.21
513.76
486.95
469.77
461.83
458.83
462.56
479.93
508.39
527.71
542.98
531.11
523.24
522.86
487.92
427.47
408.18
436.60
497.59
547.35
569.11
585.09
579.84
558.21
527.13
491.13
466.73
454.12
448.02
445.28
449.83
462.25
481.95
483.33
468.17
449.99
431.31
393.56
367.46
353.26
341.56
337.77
394.66
475.44
554.91
591.68
591.41
565.39
529.21
488.89
467.27
456.07
449.76
451.94
467.82
508.28
560.37
570.88
511.85
403.49
345.69
367.04
418.70
410.13
387.37
385.39
419.58
487.46
560.39
597.46
599.03
570.49
530.10
488.60
463.51
451.36
446.02
448.52
463.52
501.09
554.79
585.64
597.70
582.86
563.56
571.47
524.51
501.70
454.75
442.85
472.71
557.68
604.21
619.39
612.11
587.32
547.73
506.64
470.16
458.52
450.52
451.84
465.78
502.29
555.58
598.12
609.84
618.24
618.63
613.04
627.58
625.70
623.97
638.96
652.85
655.78
653.62
658.73
642.61
609.72
570.40
530.87
509.87
498.15
492.31
489.51
503.47
540.89
596.98
638.39
646.65
641.10
625.76
608.24
591.42
582.35
556.60
546.66
566.91
613.35
645.32
652.90
642.98
625.79
577.12
535.62
511.07
497.35
488.39
489.01
503.24
538.41
588.10
603.86
546.94
469.98
417.46
386.66
363.15
334.50
310.71
327.83
384.24
458.23
539.55
583.54
589.95
571.50
538.95
500.35
469.24
452.33
444.95
442.32
447.38
464.94
478.66
443.17
387.00
341.10
261.67
209.72
193.58
213.49
296.53
356.24
405.98
455.87
500.21
531.47
539.79
519.88
493.80
458.54
436.14
423.37
416.03
413.93
417.95
430.56
447.51
459.61
467.85
443.64
422.20
443.02
471.37
508.66
533.43
549.99
574.54
595.08
594.94
582.54
572.93
543.13
506.46
470.77
448.78
438.28
436.36
440.81
456.91
503.27
569.77
599.69
573.86
530.93
467.48
436.93
415.04
403.60
376.59
370.61
397.42
470.61
563.94
609.39
617.36
593.74
553.33
511.54
486.30
477.87
475.16
477.06
490.97
531.21
573.73
545.56
451.48
359.74
314.67
320.05
339.62
309.33
273.27
283.04
349.38
446.65
547.75
594.75
601.15
580.54
540.18
495.24
468.88
456.25
449.11
448.12
462.32
501.97
562.50
601.50
594.26
524.27
437.61
415.95
383.42
447.55
527.72
577.47
606.90
636.62
640.11
628.81
605.53
571.40
530.76
489.54
462.74
449.64
442.23
440.97
452.25
491.76
553.61
595.38
592.72
581.49
568.46
570.21
577.69
587.16
594.71
600.50
616.11
635.45
641.52
632.94
613.03
582.12
540.61
499.15
472.92
457.61
449.46
449.77
459.82
500.15
557.83
589.08
593.00
597.11
576.77
571.31
565.60
560.07
548.44
547.44
565.62
592.74
609.04
610.59
599.66
577.31
542.24
502.04
474.63
460.02
451.95
450.70
457.13
474.12
501.38
522.30
525.64
491.85
417.28
333.78
262.73
219.54
206.96
229.07
317.92
416.10
517.25
563.76
579.91
562.23
530.66
490.74
463.43
448.44
439.96
436.99
440.23
453.98
463.70
430.64
367.17
388.86
409.87
410.59
443.28
411.88
332.12
282.07
325.85
423.21
520.73
570.90
579.81
552.06
510.63
470.19
446.85
432.34
428.10
431.16
445.45
484.52
547.33
583.16
563.77
543.14
555.60
554.34
552.95
539.23
531.30
542.22
552.94
562.51
589.70
603.55
605.98
576.92
533.16
491.81
465.75
449.12
441.65
441.98
455.66
496.75
555.69
606.06
614.58
606.67
589.96
553.40
514.34
508.75
527.88
537.56
549.93
586.81
610.38
614.77
605.28
574.90
533.26
491.24
461.88
448.54
445.38
445.54
457.62
496.00
554.21
595.26
597.30
581.10
573.63
557.30
569.82
598.81
591.06
586.16
599.11
622.07
629.37
617.19
607.65
581.55
535.94
493.08
467.79
454.52
448.25
449.61
464.02
506.37
554.58
557.78
490.33
426.73
368.24
322.64
288.88
278.90
267.42
280.84
338.06
437.27
540.18
587.36
605.63
587.51
544.75
499.85
474.22
460.65
455.83
457.45
472.81
511.70
554.13
517.21
417.83
329.05
291.10
291.79
293.43
308.26
325.35
380.43
422.22
488.27
553.96
577.61
582.18
563.82
524.95
481.52
456.01
442.34
433.42
430.93
434.48
449.02
465.85
478.17
478.12
434.30
392.31
353.95
355.68
372.11
371.17
380.80
420.49
474.89
519.87
550.71
561.14
543.14
512.55
473.69
449.94
437.57
430.52
430.49
436.83
449.53
455.32
426.04
395.66
367.35
326.75
315.72
284.04
267.38
277.79
329.60
414.77
483.14
532.30
561.96
572.12
548.40
510.53
471.53
447.24
434.80
429.17
431.37
445.38
483.89
541.17
578.56
540.69
431.85
370.30
365.07
392.72
409.83
400.43
374.73
418.50
495.64
551.36
579.44
588.22
560.52
521.03
478.43
454.31
441.67
435.61
436.13
451.60
490.83
534.59
545.61
511.95
443.98
397.32
401.95
422.57
413.24
408.57
412.83
431.63
506.22
563.99
594.20
599.11
570.81
532.45
488.12
461.52
447.39
441.91
442.53
455.58
492.61
543.81
542.67
489.14
417.57
371.97
366.65
369.23
409.18
390.40
398.97
430.61
491.65
548.39
581.92
589.56
568.05
526.42
480.69
454.37
440.80
436.37
437.61
452.77
491.73
534.86
500.68
402.66
315.96
292.78
285.07
271.03
274.35
275.69
283.24
336.45
429.32
525.94
573.22
585.89
567.52
526.16
480.14
452.12
437.40
431.27
432.69
445.55
479.96
518.49
492.97
411.26
332.98
297.73
342.90
367.86
368.11
359.37
367.72
395.73
473.76
529.59
561.36
575.00
561.60
524.54
479.65
451.04
433.73
425.60
423.73
429.14
444.86
450.44
412.51
348.96
280.60
233.00
215.33
218.46
232.07
256.82
300.40
348.54
437.17
513.64
537.83
549.29
536.87
504.67
465.03
436.64
420.49
411.98
409.41
413.07
420.98
418.29
389.41
334.09
291.63
248.22
262.17
291.84
321.61
316.59
340.60
403.03
477.33
541.80
578.64
587.27
565.13
522.09
477.29
451.61
439.02
428.47
430.52
442.38
478.61
515.72
495.40
416.74
346.67
306.25
293.02
295.81
324.79
340.81
360.78
409.88
497.11
570.95
611.57
618.78
598.27
546.04
495.01
467.30
452.02
443.93
442.91
455.42
491.68
530.76
532.15
484.04
432.05
386.52
355.53
339.62
352.05
361.78
386.34
442.57
537.50
585.24
611.21
621.87
608.97
554.19
505.98
474.84
455.29
445.02
443.02
452.10
485.50
524.07
515.59
472.28
396.70
337.37
319.05
312.24
318.58
348.33
372.89
461.49
526.74
597.33
620.99
623.44
624.49
579.80
524.11
485.73
464.67
452.38
448.40
459.64
490.38
530.69
525.65
468.86
403.21
362.78
352.12
353.68
373.44
392.28
433.71
513.97
591.11
632.42
653.23
658.61
659.83
623.77
571.18
535.56
509.16
488.37
484.25
492.60
522.94
563.91
566.00
531.68
466.73
420.22
407.36
401.73
419.39
442.97
487.58
559.08
633.03
659.10
673.84
684.31
689.00
658.63
601.56
568.16
540.39
517.22
506.16
505.30
513.09
522.07
532.47
528.03
507.84
469.27
461.75
451.99
479.67
521.40
570.01
608.10
634.58
650.74
665.99
669.91
659.64
624.03
576.11
541.54
521.15
508.49
502.18
501.35
506.62
514.66
502.55
505.38
515.70
548.29
571.40
563.61
537.25
510.63
478.09
454.09
487.49
551.70
592.75
601.10
583.73
538.85
491.00
462.99
447.81
440.44
439.86
450.75
485.32
519.88
497.79
423.23
347.84
308.35
301.85
298.33
302.68
308.10
326.40
391.73
475.18
569.45
615.91
621.47
605.47
555.80
506.90
476.49
460.46
454.00
453.12
465.64
498.53
530.41
520.36
464.30
400.51
370.68
391.28
386.58
375.34
424.33
497.50
530.99
566.44
629.51
663.58
674.21
661.50
615.99
563.44
531.95
515.08
503.70
500.21
509.47
540.97
577.36
585.12
535.88
483.98
465.02
465.76
536.80
583.61
556.46
645.69
700.59
693.00
676.18
679.23
679.26
661.05
627.19
572.55
537.71
510.95
496.76
490.57
501.95
530.67
575.05
591.52
557.46
522.77
466.46
386.26
338.53
325.09
322.18
332.65
377.36
469.47
555.27
598.83
608.86
596.73
549.71
498.67
467.46
452.49
443.16
443.99
456.49
487.00
522.54
541.75
542.86
511.02
441.61
457.09
410.20
402.73
432.48
480.98
525.56
564.01
594.95
609.74
607.64
591.93
550.06
500.96
471.50
457.47
448.68
444.88
447.47
457.43
467.67
479.33
450.68
441.48
420.65
390.15
367.84
332.05
330.09
340.92
384.34
437.56
503.29
551.22
569.59
566.10
532.31
488.55
460.16
442.42
434.60
430.71
435.12
442.14
440.87
430.43
437.32
470.68
493.89
498.40
506.58
506.00
513.74
521.90
552.53
578.82
594.56
595.07
584.27
564.31
529.45
487.87
460.63
446.00
438.39
436.38
440.43
453.14
465.00
489.01
517.26
536.06
529.10
516.92
519.08
510.58
491.00
482.96
488.49
505.11
531.12
571.65
584.36
573.37
532.25
487.40
464.01
447.53
441.44
444.12
457.63
495.73
537.99
569.24
570.52
523.84
468.32
425.20
382.50
362.56
358.28
375.29
411.88
484.16
560.65
599.46
598.95
602.56
556.63
505.94
472.89
458.77
449.90
448.59
461.47
491.36
525.08
506.48
442.08
378.84
347.50
349.39
356.15
375.87
396.37
431.38
492.27
570.52
625.76
645.44
648.83
633.25
586.75
538.25
504.84
487.02
476.27
474.03
484.30
516.01
559.94
583.23
585.10
559.88
568.32
578.27
591.03
580.37
544.17
566.23
603.93
636.13
653.17
658.31
652.53
632.71
590.01
541.53
509.94
494.18
485.13
482.09
492.96
522.51
562.42
598.20
559.26
480.77
435.62
438.85
441.97
448.07
441.66
479.22
522.30
581.41
639.44
671.21
666.51
663.17
625.67
563.29
526.75
508.53
493.47
485.29
484.96
491.67
499.13
477.19
448.39
409.81
380.38
375.36
403.44
452.76
536.93
598.34
617.35
652.51
663.17
670.93
673.96
676.18
639.63
587.42
545.57
525.39
514.14
504.67
504.23
505.01
500.27
481.76
451.81
416.94
402.87
401.59
395.20
414.61
457.51
518.32
575.71
649.94
707.84
742.06
752.19
751.04
703.31
643.03
607.28
567.72
549.98
539.19
543.12
566.92
607.04
609.98
573.55
535.58
525.24
534.39
545.00
567.58
583.73
625.86
681.10
727.78
778.13
821.83
819.52
805.68
765.33
702.18
657.66
618.47
598.53
590.55
599.28
631.01
679.86
707.39
693.73
667.49
647.89
643.85
654.84
671.60
667.89
691.24
778.13
807.36
801.45
793.96
785.51
767.34
719.90
660.22
621.72
599.20
589.67
578.38
587.38
616.43
661.28
679.88
639.26
582.63
534.28
513.33
500.62
492.84
502.08
524.68
585.18
648.92
714.48
746.21
739.79
716.04
658.95
592.64
552.68
524.55
509.15
502.21
503.01
532.10
556.62
543.61
495.88
405.91
364.93
353.79
355.98
356.93
357.47
377.68
427.27
508.81
591.58
636.23
641.99
631.67
583.76
532.82
499.42
479.48
469.03
467.37
474.58
502.92
539.27
565.02
579.48
580.90
572.15
553.93
502.78
487.98
490.26
503.05
529.29
550.59
577.67
592.20
597.75
592.29
555.62
509.99
479.12
461.85
451.97
446.34
449.18
456.36
457.83
441.65
398.78
351.21
301.41
287.82
293.08
285.78
303.57
338.50
390.61
472.10
557.68
599.92
604.55
595.57
560.58
514.24
483.35
462.32
450.58
441.33
442.07
441.42
434.55
413.58
366.38
321.97
298.18
295.88
311.55
318.02
352.17
399.25
454.27
539.27
626.98
669.67
673.97
660.54
611.90
558.67
525.03
508.44
498.92
497.39
507.09
536.22
583.82
623.37
610.49
611.73
594.25
609.62
613.23
613.69
623.55
625.66
638.28
662.10
674.70
664.23
649.51
626.03
579.54
534.94
505.39
490.73
482.99
480.99
491.05
520.46
557.56
567.43
515.99
469.56
454.07
470.61
475.80
489.27
471.01
492.38
579.59
614.20
652.10
662.51
653.12
634.59
589.28
537.83
505.40
486.21
475.73
471.30
480.42
504.79
531.10
509.02
453.49
387.29
370.54
375.11
381.36
386.81
379.05
387.78
430.92
502.78
567.94
607.82
622.55
617.91
576.44
525.42
491.98
470.65
461.52
457.67
466.33
492.42
523.17
504.73
442.70
374.73
338.56
328.09
318.07
318.48
327.23
348.48
409.15
493.33
582.64
619.74
627.11
619.61
579.45
526.84
491.89
473.12
462.85
459.55
469.22
492.34
519.74
505.98
449.56
397.75
369.60
378.63
405.07
429.03
478.64
507.73
546.34
619.68
654.34
655.28
654.05
644.80
608.80
560.33
529.56
513.94
502.24
492.75
495.96
504.95
508.21
494.44
464.47
426.40
385.68
407.57
450.82
465.54
489.50
509.13
524.21
578.21
629.86
656.74
654.74
652.68
620.59
568.24
529.74
505.50
491.34
482.55
478.22
476.91
479.04
460.36
421.42
380.58
347.70
350.47
371.85
393.28
412.00
436.87
501.07
583.95
662.11
708.45
714.83
705.26
654.06
597.05
557.56
536.97
526.36
521.71
530.29
556.74
594.90
638.20
620.38
580.86
590.03
569.59
559.63
579.73
627.37
686.78
769.91
791.08
782.78
773.29
761.70
734.69
696.61
642.01
605.75
585.04
568.79
562.58
567.13
587.86
625.63
652.39
653.52
636.65
635.79
599.63
587.24
603.43
578.39
596.10
616.82
637.44
643.33
628.44
611.91
603.42
564.16
517.47
488.77
470.07
458.55
455.54
464.31
489.42
513.57
495.60
434.11
378.49
370.87
353.01
360.42
368.89
360.65
369.55
428.79
499.61
570.01
611.57
617.77
611.64
574.01
521.97
489.83
471.13
461.00
457.11
467.35
493.32
519.03
506.94
444.56
382.01
344.49
338.04
337.01
349.91
369.91
385.07
441.13
528.07
616.04
660.38
664.69
653.65
609.69
557.37
531.44
512.00
500.89
495.28
502.46
526.24
545.77
559.90
520.12
468.87
422.20
401.63
404.61
425.75
436.47
461.49
540.93
618.47
654.75
674.49
680.56
674.24
635.05
588.02
552.66
529.54
517.39
510.23
511.59
521.66
530.35
542.52
537.96
524.14
525.42
556.25
575.96
589.15
590.77
598.39
608.89
635.00
660.82
675.58
684.17
684.55
656.57
616.08
584.91
566.23
554.43
547.87
547.63
551.60
553.44
546.92
533.19
516.31
510.05
511.49
512.11
518.89
544.72
578.43
638.64
718.81
783.55
816.51
822.23
815.08
764.21
704.94
669.05
643.36
630.66
623.64
631.04
657.48
698.27
728.34
720.77
672.28
681.54
683.08
704.28
719.87
733.60
738.90
767.77
807.90
855.18
885.26
881.57
883.52
832.93
767.20
717.89
678.63
656.93
642.38
647.23
671.60
707.74
731.08
706.06
674.97
654.49
652.70
665.95
694.62
716.26
780.17
795.68
800.37
819.55
858.59
864.70
855.26
799.60
726.52
683.35
657.87
645.19
638.92
646.19
671.20
712.37
745.36
754.24
720.28
705.81
696.37
715.73
754.03
774.79
763.01
715.02
771.25
797.22
791.26
783.32
772.06
725.90
665.51
624.83
599.09
582.16
571.70
573.76
600.04
634.82
657.24
658.33
631.79
616.28
587.00
571.42
555.44
584.92
609.26
624.25
672.02
707.08
714.88
710.40
696.68
653.49
598.83
562.82
540.30
527.07
521.66
527.90
552.76
591.40
635.34
660.19
668.69
672.21
668.97
641.58
620.94
607.08
600.70
606.43
622.47
634.53
637.66
631.67
616.21
578.82
532.27
498.81
478.08
468.90
461.63
462.65
469.59
486.22
506.00
518.12
531.07
546.45
534.07
521.38
520.72
528.26
527.19
529.79
552.39
581.40
590.86
587.05
573.61
547.39
508.16
478.40
459.02
447.98
441.79
443.27
447.35
449.27
453.00
464.94
467.42
456.96
450.59
422.27
395.91
392.17
426.96
474.50
514.44
537.76
554.31
559.87
556.83
540.11
504.86
472.40
452.15
441.02
438.58
440.69
449.42
453.56
440.42
415.83
388.01
352.88
338.85
335.02
330.57
334.66
369.80
445.08
549.23
625.26
661.03
675.89
671.76
631.96
581.87
550.93
532.59
520.06
514.68
522.01
549.69
592.35
627.53
636.97
600.11
595.65
608.64
571.33
571.23
581.22
619.71
670.35
706.96
762.56
784.48
792.63
785.73
726.99
655.58
610.45
584.17
563.29
548.57
549.16
565.54
590.93
594.14
545.91
510.81
561.35
608.58
614.67
606.96
599.63
617.92
635.42
636.25
647.13
658.97
658.89
646.14
600.62
547.91
514.95
493.29
480.57
476.03
483.69
512.71
554.96
602.40
613.04
600.14
583.13
570.98
567.74
588.90
593.99
604.78
629.89
651.86
666.49
657.89
645.90
629.80
591.75
546.84
516.85
497.58
489.37
487.47
496.37
523.98
563.69
603.11
617.75
595.91
586.18
587.81
549.58
540.91
549.43
538.77
567.89
616.40
655.70
668.89
664.45
653.59
613.28
564.70
527.83
503.04
489.17
479.69
479.63
484.56
483.32
468.21
424.41
370.00
328.34
310.03
303.67
306.18
317.61
348.25
414.57
506.45
594.55
636.34
638.99
631.59
595.74
547.15
512.83
489.46
472.21
463.74
463.98
464.88
459.67
444.58
428.56
424.37
403.73
379.85
407.46
444.53
470.56
509.96
578.13
621.43
655.09
670.92
671.17
654.44
612.79
565.71
534.51
514.97
504.99
499.28
507.26
538.85
587.13
628.48
641.16
627.59
576.53
531.80
523.16
535.81
554.58
549.05
575.35
637.64
695.19
719.74
722.05
706.49
655.01
599.63
563.51
541.31
528.22
526.05
532.96
563.62
611.36
658.66
674.97
670.93
650.47
632.64
605.84
608.28
632.83
640.49
650.33
668.25
692.75
701.98
693.86
679.16
635.96
588.45
558.22
540.26
528.91
523.07
533.34
562.67
604.58
634.10
605.13
582.62
593.68
565.66
562.24
631.17
592.10
589.29
646.58
707.15
744.25
766.90
765.01
749.78
700.77
639.96
599.10
571.66
555.25
546.81
551.62
578.55
615.45
639.58
617.24
553.24
504.40
500.01
510.49
527.32
542.54
578.39
640.76
715.88
779.60
789.95
792.26
786.57
750.92
683.03
645.21
619.76
602.00
594.56
600.54
626.14
661.09
687.22
689.57
676.78
657.24
647.44
612.26
598.56
568.92
582.66
621.44
684.21
726.65
742.21
742.97
723.80
677.73
620.08
582.64
556.10
538.73
528.90
525.56
534.33
545.32
562.12
572.07
574.77
570.36
574.05
571.83
557.25
564.41
584.73
598.64
616.08
653.18
666.89
664.32
651.75
617.65
573.01
539.35
517.34
503.93
494.81
496.24
502.09
515.12
534.29
560.77
583.56
589.87
566.64
545.30
541.00
551.00
562.18
593.86
631.59
642.24
639.41
636.02
622.49
586.17
540.95
515.28
497.18
488.15
484.18
493.56
524.45
571.66
612.17
622.15
607.53
589.03
572.65
566.55
543.55
519.46
522.07
548.35
611.62
664.56
692.99
700.35
681.62
636.75
584.26
551.12
525.45
510.49
503.34
510.13
539.33
578.56
602.62
610.39
597.29
579.74
528.27
502.25
499.03
511.22
555.05
597.35
673.91
745.12
728.62
712.92
680.14
628.97
575.39
542.76
526.12
510.46
506.56
513.76
541.52
583.30
613.45
621.72
617.46
602.97
589.60
580.25
568.08
554.35
563.06
585.55
610.77
619.02
629.19
633.19
619.79
575.91
526.31
494.36
473.93
459.17
457.97
462.38
489.89
522.52
538.76
505.14
458.47
420.47
403.20
399.15
423.56
435.38
451.50
491.68
543.84
606.93
637.84
653.82
642.65
599.52
546.72
511.87
492.44
478.70
472.42
478.05
502.08
529.69
543.38
506.54
450.32
410.19
398.19
400.53
408.56
407.80
425.38
474.46
543.38
611.59
647.61
650.88
644.88
601.02
546.11
509.47
486.39
470.63
463.64
464.66
473.77
482.66
468.19
425.10
370.39
334.38
320.37
321.47
332.18
348.75
384.21
454.85
563.96
630.12
647.21
657.36
647.51
612.93
565.38
531.51
512.70
500.63
490.69
488.80
499.01
513.29
537.76
559.43
552.71
516.45
461.83
439.05
420.92
436.66
475.90
551.37
639.28
697.94
725.24
723.51
700.86
650.53
591.63
555.40
533.32
523.11
517.68
524.76
552.69
589.33
617.23
603.59
564.73
528.67
507.80
497.73
515.39
541.55
574.79
636.40
696.34
757.78
765.60
754.93
721.99
661.76
604.64
565.02
538.64
523.05
513.34
519.39
544.82
576.77
589.32
559.15
518.93
485.74
464.46
496.93
570.30
641.42
667.88
680.54
679.34
677.73
666.30
656.58
636.38
593.22
547.95
516.77
498.89
488.03
485.80
494.49
522.69
554.98
566.58
530.21
470.98
428.73
424.68
417.73
426.42
425.50
419.81
455.54
533.88
617.51
655.14
662.69
643.56
596.09
546.32
512.91
486.14
471.71
468.87
478.50
506.81
543.21
546.81
508.47
456.08
440.50
478.68
556.74
625.68
653.51
648.88
654.16
668.85
666.01
660.70
649.48
626.57
587.15
540.38
505.88
487.16
477.39
473.95
482.64
514.36
560.23
603.09
595.26
582.21
573.19
533.78
490.47
457.38
432.56
420.25
433.19
495.80
560.07
591.65
600.29
592.48
551.44
506.54
476.49
455.90
446.20
440.57
442.33
453.82
462.48
457.39
403.66
336.47
287.44
267.33
262.31
281.01
319.45
335.46
400.85
475.71
543.42
569.36
582.79
573.50
542.43
501.46
473.20
456.23
447.03
441.09
441.95
448.26
449.74
451.46
479.16
487.96
498.47
487.19
454.53
480.06
507.65
544.49
570.95
609.30
621.42
611.69
604.46
580.21
544.17
504.82
478.78
463.77
454.20
451.85
461.04
492.91
538.01
568.37
564.10
544.75
494.69
461.49
407.28
397.14
404.55
418.84
453.91
525.75
598.51
637.90
642.39
622.57
575.13
522.15
489.52
469.54
458.32
453.07
459.49
490.93
529.67
527.12
468.10
395.64
361.32
354.96
355.40
373.26
392.34
422.71
473.75
544.64
618.78
655.05
663.23
641.45
594.59
539.44
505.82
483.79
471.03
465.42
472.85
501.66
538.55
549.61
520.56
465.92
442.09
416.78
402.30
442.89
471.47
498.88
552.83
616.91
647.90
677.73
685.75
668.69
617.58
560.68
526.51
503.45
492.65
488.68
495.77
526.65
569.17
592.54
582.68
540.76
532.47
501.84
486.50
478.15
474.15
496.45
550.27
618.39
680.30
709.79
709.89
692.02
638.17
582.26
544.55
521.33
505.79
499.96
504.83
531.68
564.18
575.62
542.74
483.19
444.47
437.00
446.23
467.52
492.21
529.28
586.84
661.90
724.54
727.65
731.19
725.56
672.20
607.75
565.20
539.40
521.83
512.32
509.47
522.97
540.48
540.63
505.60
468.96
448.86
454.68
473.45
492.97
526.55
586.04
638.41
684.47
729.92
722.36
715.72
708.23
668.41
612.68
572.27
550.48
535.86
526.34
522.31
526.15
532.97
537.08
533.43
503.00
458.32
450.96
452.18
464.83
494.04
545.57
641.83
734.78
754.36
762.79
759.64
745.59
692.59
636.81
598.75
569.50
556.96
552.51
559.50
589.53
629.29
641.61
628.55
587.78
574.04
589.19
606.80
602.65
593.83
620.16
681.92
757.26
796.01
812.01
810.45
797.13
734.72
672.99
636.05
596.14
580.10
571.06
577.13
605.36
646.26
669.43
653.50
604.24
572.17
553.83
548.33
570.01
594.86
638.25
703.60
794.06
830.25
850.20
848.50
834.52
778.40
718.12
682.79
649.12
630.72
620.45
628.42
661.12
706.80
752.14
759.30
736.20
707.06
639.06
669.43
650.51
664.48
704.81
785.83
851.87
838.94
854.44
848.59
847.18
799.94
737.54
684.63
658.76
640.86
632.83
637.51
669.42
714.75
742.97
732.93
694.54
644.51
638.34
664.72
712.06
780.52
817.62
840.95
841.40
843.31
847.73
864.52
844.42
794.33
725.61
680.22
651.14
628.50
617.11
620.38
647.51
685.17
706.69
680.95
632.46
608.34
604.78
608.11
623.21
646.56
689.37
756.68
852.16
879.64
885.20
881.15
865.44
807.29
752.74
700.83
667.71
645.54
632.80
628.36
635.54
646.08
663.21
687.43
686.23
634.88
571.98
555.40
519.88
481.37
482.51
539.69
626.34
695.60
713.88
703.95
674.00
628.93
578.13
543.58
517.21
500.66
489.54
484.59
486.17
489.09
470.31
417.55
368.12
342.22
328.31
312.97
300.29
309.90
347.50
430.36
528.81
609.50
639.80
640.51
613.31
570.71
526.93
497.57
480.05
470.71
465.79
473.33
503.23
541.23
544.16
486.75
416.14
380.55
377.02
385.15
407.03
431.66
454.04
502.60
593.30
667.51
690.48
687.65
654.79
604.14
554.59
521.58
498.97
486.79
481.99
490.31
524.31
558.73
590.77
597.93
594.27
571.71
557.06
593.05
603.21
608.43
618.61
644.95
689.48
711.88
712.32
701.17
673.05
632.16
587.76
559.83
546.05
536.80
533.18
544.31
577.12
627.44
666.08
683.11
685.13
684.32
674.56
653.14
667.73
683.57
689.85
707.49
733.62
761.62
776.80
771.36
740.88
692.15
640.26
604.74
585.72
572.58
567.65
575.17
606.80
658.41
706.93
732.66
741.93
744.17
719.47
706.66
707.51
714.15
718.90
738.43
755.59
759.79
750.19
731.41
701.08
658.03
611.14
582.97
562.05
552.02
548.57
555.51
585.55
631.15
657.87
666.26
633.57
592.83
561.03
557.27
565.16
584.20
632.03
685.14
749.09
799.91
813.07
806.71
776.55
722.53
667.92
626.82
601.19
583.46
571.88
569.89
576.45
592.91
602.32
586.88
550.18
521.34
531.29
549.66
573.08
605.86
643.12
707.98
785.95
816.95
822.49
810.81
778.50
733.69
680.08
641.12
614.24
597.39
586.15
583.10
586.94
597.80
617.95
632.93
609.46
556.01
542.69
580.76
632.85
672.18
678.47
729.39
786.65
803.99
800.33
783.60
745.34
694.01
642.74
611.01
589.60
575.80
569.54
576.34
606.26
653.22
681.14
685.80
673.64
667.00
658.79
667.53
695.39
706.35
738.04
769.03
797.57
817.34
822.96
811.74
774.11
717.09
659.51
624.43
597.97
582.26
574.44
582.00
613.59
662.24
684.38
672.81
644.63
658.61
633.32
608.61
609.79
614.12
640.00
709.86
799.27
863.75
868.84
854.08
811.82
741.60
678.89
636.47
604.75
587.73
576.94
582.50
611.94
662.51
673.63
635.69
580.92
548.15
551.07
571.02
594.70
618.86
659.87
734.75
822.94
867.67
872.92
857.08
821.94
769.15
707.26
665.46
638.99
624.02
616.27
623.54
656.21
709.76
733.35
715.92
670.78
650.08
638.97
654.55
687.33
722.69
753.07
796.99
844.33
884.83
886.03
875.74
864.20
799.11
729.49
680.48
643.55
623.30
610.51
612.42
635.83
679.25
687.00
640.82
572.48
528.41
505.46
510.35
523.49
507.25
522.08
587.23
663.30
720.46
730.62
713.69
677.81
631.32
580.48
547.53
524.93
510.63
502.54
503.51
514.13
531.82
544.68
554.64
543.32
529.88
539.56
533.74
535.50
531.99
558.27
586.63
615.60
628.42
631.19
619.62
597.18
567.39
532.24
507.40
491.90
483.25
480.27
482.06
491.84
510.90
537.08
565.45
579.29
556.72
533.89
497.74
476.63
505.20
569.85
585.29
611.97
662.91
685.83
675.65
647.67
607.23
568.61
540.82
525.91
519.29
515.78
528.47
565.83
626.92
673.84
692.85
684.61
669.94
638.20
605.10
578.26
582.58
607.83
666.09
738.27
763.16
776.81
755.27
712.95
653.47
595.72
559.76
539.95
524.64
516.94
521.98
554.12
607.13
615.37
564.21
514.06
496.43
503.51
480.67
488.12
502.22
517.85
580.65
658.52
714.01
728.27
713.30
678.06
618.07
563.91
531.02
507.46
492.11
487.99
495.33
528.08
582.97
596.50
575.60
558.27
529.16
513.68
514.97
532.12
553.62
582.89
612.24
651.08
673.21
678.47
657.56
625.42
579.32
532.92
502.83
486.97
477.97
473.64
481.00
516.02
577.15
574.75
518.24
461.53
423.93
389.88
375.10
382.66
413.15
468.69
526.25
590.34
628.58
646.63
633.96
603.47
559.12
513.69
485.75
469.01
461.59
459.21
467.30
499.66
558.49
586.37
564.16
535.21
526.46
496.72
462.15
446.18
434.23
450.31
494.07
554.55
612.66
631.69
621.86
598.90
561.97
518.86
489.12
472.96
463.38
456.98
458.23
468.38
488.68
482.57
429.09
361.59
313.58
305.11
305.38
298.27
296.64
334.08
411.97
518.57
602.48
621.88
609.45
584.13
548.38
506.98
479.22
462.52
451.19
446.48
450.79
457.28
476.83
492.23
513.07
511.28
523.13
505.59
484.17
467.87
524.10
547.12
576.39
617.77
631.25
633.65
613.66
587.89
554.96
519.81
491.39
475.56
463.19
456.19
462.06
475.89
493.57
492.40
469.18
473.86
462.59
437.87
510.65
541.14
428.85
412.43
511.84
579.69
629.43
646.77
626.17
590.32
548.03
504.81
477.99
459.44
450.17
446.79
454.43
493.38
561.86
568.31
489.40
420.74
397.48
399.92
401.78
405.58
422.96
431.01
485.21
582.54
661.06
677.61
655.75
622.32
573.23
525.98
498.92
481.77
473.08
469.62
481.52
521.31
584.59
602.42
555.19
491.88
451.55
441.96
429.43
461.07
510.94
564.97
607.70
669.35
702.18
693.47
663.34
636.74
597.20
551.26
518.26
503.12
493.70
491.47
500.71
537.58
600.85
628.57
618.20
620.99
605.33
591.18
588.71
598.16
610.88
621.73
641.49
668.61
683.26
686.39
664.41
630.67
585.76
541.03
512.85
490.74
480.33
477.03
485.24
519.94
580.33
608.10
596.64
576.10
546.21
507.57
485.40
468.29
441.89
430.46
462.94
543.40
604.83
621.14
605.55
578.09
540.61
497.67
466.85
452.04
446.20
440.42
443.11
457.22
484.55
487.93
426.88
333.92
280.33
286.73
295.88
280.73
318.80
350.50
436.06
526.10
593.54
613.47
598.85
572.19
538.13
501.69
474.60
457.81
448.89
446.69
449.91
460.52
478.41
494.36
473.36
461.08
444.99
454.97
460.84
495.23
530.08
488.52
522.14
597.76
639.54
649.29
629.64
593.46
551.38
506.93
480.48
466.04
459.14
455.15
465.90
502.08
566.16
579.03
512.14
456.80
416.03
406.37
394.45
376.14
384.00
414.65
477.58
580.93
651.32
665.58
639.05
600.05
553.80
507.21
478.07
461.31
450.06
446.49
456.18
491.81
558.34
571.16
502.50
407.81
345.95
327.71
343.28
361.03
428.17
526.03
590.10
635.29
666.06
675.63
648.96
616.51
577.87
536.52
512.70
499.76
492.99
488.60
500.41
537.39
605.02
644.70
628.29
605.06
561.50
542.87
561.69
628.14
673.23
691.69
687.09
689.56
697.59
688.33
657.58
620.82
575.65
526.11
498.65
478.14
468.52
465.57
474.07
507.63
573.43
602.07
538.72
431.63
360.50
338.48
332.98
345.38
368.57
411.88
494.93
594.15
662.80
677.65
655.88
621.35
576.45
526.17
497.11
480.86
472.68
469.21
477.67
513.49
580.17
618.69
605.01
563.93
532.61
511.40
514.24
553.91
548.32
554.58
580.30
632.72
667.35
675.66
654.39
630.17
592.35
549.60
518.90
502.01
492.16
486.10
488.94
500.57
526.30
548.32
557.18
526.72
477.39
434.51
431.18
446.22
451.11
489.29
558.75
610.48
629.23
634.88
614.10
583.67
546.83
507.21
477.34
457.64
447.28
441.15
440.31
449.00
467.79
472.02
436.10
364.21
281.08
249.89
241.07
236.51
251.49
299.92
401.29
529.96
611.64
623.95
600.90
561.83
519.72
478.41
447.01
439.61
432.29
431.85
447.06
484.65
554.76
571.53
499.96
415.75
344.16
320.58
318.56
330.30
344.68
388.27
480.12
592.25
665.66
672.94
642.76
607.43
559.03
513.96
486.86
469.86
461.24
458.18
470.66
507.49
572.53
593.55
522.23
425.02
358.09
334.12
326.60
337.19
368.18
447.32
507.98
600.08
659.93
669.65
642.08
608.12
560.82
519.16
491.76
475.19
468.06
464.45
477.56
514.73
585.40
621.80
597.48
594.64
585.81
569.56
536.07
520.05
545.52
561.35
617.89
673.81
707.65
705.99
699.63
662.13
609.73
559.25
532.92
518.31
512.82
511.35
521.99
561.26
625.69
650.90
597.32
560.22
528.73
513.64
510.96
531.89
542.35
596.92
643.81
693.00
714.52
715.03
705.49
694.56
653.69
599.93
570.12
549.52
535.97
526.12
529.03
561.61
621.36
669.16
680.52
665.13
628.80
550.34
475.49
461.84
427.58
431.42
513.23
604.18
652.33
654.18
624.74
592.81
553.36
508.88
481.97
465.54
455.24
449.85
451.58
466.39
494.52
509.33
463.28
390.72
319.25
295.11
298.26
276.18
292.23
371.97
481.39
575.66
614.82
620.96
596.04
569.82
536.89
496.84
470.51
453.86
442.89
438.59
441.19
451.71
474.91
500.31
482.39
462.54
400.96
330.38
304.22
343.97
340.78
419.97
513.89
590.81
638.78
645.42
613.20
577.06
536.97
493.78
468.05
453.23
444.88
445.24
458.35
498.10
570.51
609.38
611.90
614.12
628.10
635.32
618.85
625.14
612.61
626.58
647.44
676.95
701.12
687.11
647.69
611.98
565.42
520.77
494.61
476.04
469.71
468.23
478.39
517.11
587.46
631.35
622.62
585.66
535.13
489.59
454.18
436.43
428.18
455.96
509.69
600.94
665.50
673.31
641.14
603.18
556.46
511.95
484.68
467.84
459.02
459.96
472.40
509.66
590.06
624.33
596.86
540.36
488.81
490.44
517.81
553.46
560.04
580.63
622.47
659.87
685.20
680.32
644.61
607.24
561.88
513.68
485.04
471.17
463.37
463.97
475.18
517.97
589.93
639.61
629.43
601.23
609.02
607.26
572.76
510.12
485.36
500.19
565.75
627.99
676.35
682.70
651.63
615.60
567.78
520.16
492.74
475.75
469.65
469.06
479.31
518.57
589.28
627.80
587.03
511.51
436.79
414.80
456.35
449.74
447.37
469.03
514.44
576.83
630.22
631.95
618.30
589.60
546.78
502.55
474.43
461.51
452.42
448.11
450.56
467.38
498.14
536.26
565.46
577.54
573.16
568.25
572.02
565.38
571.19
560.13
580.88
616.99
630.12
624.42
594.36
565.68
529.93
490.45
464.01
448.80
437.61
433.28
435.73
446.01
471.75
505.50
535.89
552.44
564.77
554.51
553.81
534.73
538.80
560.34
596.83
634.28
642.89
631.86
603.16
569.30
533.42
490.68
460.76
443.06
438.69
438.81
452.38
488.56
558.67
607.70
613.25
614.20
619.26
602.49
581.20
593.57
608.12
609.18
624.83
651.48
657.39
647.51
626.03
589.08
542.04
497.72
470.28
453.07
446.28
444.54
456.28
493.88
565.67
614.16
605.06
568.67
522.85
493.38
486.43
507.01
522.90
545.26
584.46
631.02
659.73
656.04
637.70
605.90
556.08
509.81
480.57
459.67
450.01
452.29
463.09
500.55
571.05
616.26
605.79
569.42
522.22
457.84
407.00
378.84
380.89
414.35
497.63
600.94
661.20
651.63
639.41
604.34
555.95
507.63
477.18
461.40
452.07
451.19
459.53
500.64
571.05
613.74
575.47
511.39
437.28
365.79
327.40
336.71
360.38
415.03
510.74
620.50
665.15
660.00
648.20
616.14
569.20
522.59
490.11
467.91
459.01
453.38
464.08
498.94
565.67
607.06
570.42
490.33
411.66
345.78
326.34
333.77
354.01
406.57
503.42
604.74
653.31
643.54
624.53
596.69
555.50
509.87
480.05
461.54
449.13
444.19
445.41
459.89
492.37
522.54
498.34
431.46
392.24
374.28
380.04
419.88
462.78
499.08
530.98
598.13
632.70
625.25
597.02
572.00
538.22
496.52
467.81
451.06
442.24
437.75
439.85
452.88
477.75
513.25
532.57
524.44
504.53
499.07
468.97
449.37
399.29
413.27
501.21
603.79
648.84
636.59
614.36
579.23
539.18
495.30
466.95
452.55
441.52
439.40
449.71
483.08
542.01
583.98
556.14
520.31
515.14
473.66
417.34
438.92
474.08
498.28
524.37
621.20
666.35
657.55
638.07
607.71
559.18
511.40
479.59
458.77
448.73
446.35
456.42
493.76
562.83
606.77
568.72
530.86
463.65
445.87
402.01
369.60
370.04
424.47
526.21
616.20
664.48
653.45
630.82
595.15
547.13
502.65
474.26
457.54
449.14
447.65
459.58
497.52
567.05
608.39
558.37
493.51
438.28
377.14
340.76
356.91
413.70
491.34
582.39
650.52
672.15
664.77
644.73
611.00
566.39
520.77
492.37
475.45
465.42
462.55
473.26
511.39
580.65
630.78
622.52
588.66
550.07
532.36
533.76
571.28
580.24
594.44
621.24
652.49
677.30
664.12
648.37
616.51
570.80
525.25
496.53
477.98
466.99
464.76
474.32
508.77
572.33
617.88
597.60
557.14
530.02
566.49
581.14
551.75
512.95
568.95
614.45
641.60
660.51
647.85
618.17
598.05
560.49
521.00
492.26
475.90
465.07
462.78
464.34
480.20
511.52
550.03
568.07
567.80
539.21
503.28
502.51
518.21
557.63
581.12
615.10
641.15
645.39
621.86
588.64
565.07
529.44
492.40
466.39
447.66
435.41
429.83
431.84
441.69
458.17
488.85
472.08
440.73
425.03
447.35
421.43
405.39
409.02
446.88
532.51
592.18
626.06
610.58
583.17
551.72
513.58
476.82
451.60
440.42
432.48
433.52
444.52
479.75
555.21
608.80
577.95
522.17
514.22
532.80
532.10
554.46
558.48
555.44
586.28
627.40
659.92
645.58
615.77
586.30
543.80
502.80
479.71
466.34
458.87
459.90
471.13
504.49
577.65
634.00
602.10
503.99
469.60
445.38
433.50
469.99
520.65
549.55
595.86
636.51
658.41
642.06
612.72
581.07
537.98
493.77
471.61
457.39
451.32
451.73
464.65
506.38
580.19
623.20
544.95
427.50
356.10
321.20
303.59
310.94
368.38
472.00
519.66
598.29
645.21
632.17
598.45
566.44
526.91
486.42
457.83
442.46
436.10
437.70
449.81
488.21
561.97
609.69
605.06
567.82
574.86
580.96
578.43
603.58
580.28
571.61
602.38
634.24
658.86
642.73
608.10
580.23
541.18
498.19
470.88
453.31
445.94
444.82
455.81
491.71
561.91
608.77
603.56
576.36
561.16
542.12
483.54
440.46
455.93
484.74
527.31
599.88
631.73
616.78
591.34
565.05
535.21
493.86
467.86
452.26
444.99
443.76
448.03
466.45
504.36
541.07
540.48
493.18
430.18
353.91
309.79
317.38
341.69
383.43
510.55
590.62
621.52
606.57
580.37
563.20
534.23
496.73
472.45
459.94
453.52
454.18
461.32
475.61
500.88
532.86
493.49
387.72
303.38
261.45
246.05
240.29
260.67
334.49
485.64
599.08
639.05
627.05
595.23
559.91
522.70
481.11
460.74
449.42
443.81
445.77
458.24
503.02
575.94
632.56
655.48
665.53
672.73
668.41
655.64
644.80
636.38
632.06
647.86
674.02
679.69
653.80
622.10
596.71
554.72
507.38
481.88
463.73
453.61
456.18
465.48
504.70
580.08
640.11
655.61
654.60
650.73
635.08
626.49
621.15
613.09
631.36
652.54
673.58
673.53
646.45
614.07
577.20
535.67
496.93
474.06
455.55
447.94
448.72
463.82
504.43
577.51
634.21
626.83
600.85
575.61
526.65
470.95
444.73
442.26
469.00
565.09
634.60
663.07
642.10
612.65
582.63
539.94
497.67
471.81
461.29
457.17
458.06
472.66
514.79
589.96
644.02
608.36
491.61
395.81
349.76
317.11
303.48
322.36
387.04
507.17
614.83
651.72
637.55
618.59
592.65
553.51
510.62
487.09
471.48
465.72
467.07
481.26
521.76
595.69
648.12
613.00
510.06
415.78
337.17
297.17
293.85
317.95
391.01
507.57
607.96
639.25
622.11
596.32
574.93
546.50
505.50
479.58
466.05
455.65
451.59
456.26
471.99
501.46
544.44
572.61
575.28
547.85
549.62
572.68
556.04
573.64
592.57
611.61
631.26
626.06
598.00
573.06
549.83
520.22
484.41
462.19
446.52
438.82
432.96
436.65
445.60
467.45
502.57
542.65
564.81
559.16
540.67
552.61
570.48
579.96
589.88
597.92
606.46
604.45
590.37
571.65
547.37
509.43
470.64
446.46
434.16
428.19
427.69
443.16
482.35
553.73
604.68
567.30
461.22
372.52
319.30
316.56
335.21
377.34
446.44
546.36
630.72
660.76
642.05
611.36
577.74
536.36
495.39
474.88
459.49
451.25
451.73
467.88
509.32
581.14
637.06
636.15
617.16
577.73
537.48
486.60
507.99
536.50
540.91
592.09
659.78
683.51
664.09
633.20
601.79
563.57
523.49
498.55
482.72
475.30
477.25
492.08
533.48
602.34
655.97
645.51
604.10
583.44
563.71
546.11
523.98
505.44
544.92
603.26
672.63
699.19
679.07
652.17
622.24
579.86
543.18
523.70
509.48
505.20
504.92
518.69
559.31
636.05
688.54
675.40
619.33
548.56
519.21
512.11
490.36
491.45
559.60
627.39
678.26
698.80
690.19
659.87
632.30
589.97
554.12
532.79
519.00
514.83
516.30
529.18
568.22
644.39
694.63
672.15
556.00
431.99
367.48
344.68
384.36
461.61
520.59
588.61
659.39
681.22
662.37
638.95
617.55
588.16
547.63
524.84
510.02
503.46
500.64
508.16
529.18
565.37
603.22
587.74
471.77
366.60
307.18
279.07
266.44
295.82
371.90
512.13
614.19
639.76
620.71
597.49
576.99
555.22
520.30
496.95
478.65
471.27
475.81
485.10
505.38
540.40
528.21
432.37
339.94
286.39
266.55
267.13
295.34
378.05
512.77
617.47
661.33
645.46
619.47
586.53
554.97
526.38
493.65
477.98
466.05
463.50
465.73
484.94
532.12
609.58
629.93
558.98
488.68
439.25
367.69
344.69
362.33
433.39
545.97
629.67
672.03
662.45
635.82
603.13
572.73
533.79
501.41
481.76
468.77
464.14
468.12
481.75
525.96
601.66
613.86
553.89
480.91
408.32
401.98
422.73
476.81
537.80
587.53
641.41
676.07
662.49
631.88
601.38
567.65
533.59
496.96
473.83
460.32
453.59
453.72
471.42
514.23
585.55
630.08
631.28
557.78
454.79
398.66
370.65
373.81
434.91
548.73
635.21
674.75
662.30
639.34
609.44
582.30
550.34
517.42
497.71
484.27
479.38
482.15
497.98
538.92
608.50
624.05
530.43
418.54
368.24
355.16
368.56
500.22
566.26
603.99
656.26
690.99
677.67
648.48
616.76
585.09
549.67
507.22
479.66
463.92
455.05
455.03
467.55
506.87
579.17
624.47
642.01
647.70
642.82
654.79
660.35
654.66
639.29
627.43
654.29
673.23
654.52
627.47
601.25
579.22
548.75
514.07
490.54
474.61
467.09
466.66
476.03
496.85
523.66
538.86
529.59
516.59
490.13
458.38
512.16
550.02
585.33
612.82
640.86
659.44
643.59
616.37
591.26
573.45
546.44
520.63
501.79
486.37
482.57
479.58
480.11
496.04
522.42
525.00
461.30
406.16
408.80
418.25
441.86
508.30
559.17
599.79
656.31
688.97
669.88
640.39
610.32
577.14
540.90
505.54
484.66
472.98
466.86
471.16
486.70
529.23
603.29
649.49
642.28
622.30
598.33
600.15
628.74
631.46
650.65
660.95
703.27
721.16
711.67
695.94
662.25
630.62
588.85
552.10
532.07
521.17
515.87
518.04
534.43
581.60
654.69
694.81
670.52
624.84
594.10
588.68
605.49
643.47
662.55
681.35
723.88
738.91
735.19
718.19
693.41
660.57
625.31
589.13
568.14
552.17
547.30
549.28
567.91
610.56
688.78
700.27
644.72
643.00
636.72
631.69
614.84
625.20
656.74
672.39
697.71
712.73
698.93
668.14
631.63
595.63
559.56
519.30
491.67
475.38
469.70
462.11
477.95
520.19
592.94
623.89
598.87
547.03
509.42
531.16
531.96
565.32
609.33
631.36
665.14
679.58
664.26
634.33
607.73
578.85
541.21
506.65
483.58
474.50
470.77
473.52
490.43
535.47
609.64
646.94
636.04
637.94
626.40
611.05
567.96
548.29
598.81
662.26
718.25
727.39
724.32
707.56
685.84
659.07
626.19
587.54
563.04
548.08
541.13
540.58
549.89
572.10
609.28
619.83
537.93
427.35
357.25
327.28
339.78
414.85
477.46
584.74
656.69
686.85
669.52
644.13
619.39
595.99
565.39
529.51
506.75
489.34
480.17
477.92
480.79
495.89
521.41
548.57
553.70
510.78
437.71
374.71
322.79
370.11
483.28
572.40
640.10
673.17
654.20
627.30
597.03
566.69
529.96
495.74
474.62
461.88
452.99
450.59
463.73
507.64
569.33
615.31
597.45
594.51
601.36
590.13
593.72
586.45
588.51
634.19
692.67
721.57
718.25
709.70
692.69
667.99
631.11
600.23
581.44
566.93
558.98
562.84
580.03
623.12
694.08
719.70
690.40
627.79
611.57
613.51
614.32
633.82
669.20
731.24
751.71
773.86
770.94
759.76
747.10
718.38
679.55
642.36
620.49
598.82
590.06
590.27
603.44
638.37
698.07
712.99
639.00
543.48
489.16
454.88
436.99
465.95
547.70
662.11
728.34
743.15
731.41
706.82
695.83
666.95
625.04
579.23
551.99
530.83
520.06
511.37
510.42
533.54
563.41
581.36
613.48
640.79
651.00
663.37
625.67
596.72
600.83
600.97
624.90
618.21
601.97
587.37
572.96
562.07
536.18
502.97
481.03
466.17
461.11
460.33
469.16
487.15
521.76
558.81
588.98
608.89
619.02
630.08
631.23
635.76
645.71
659.61
689.14
704.80
691.99
666.16
639.89
617.54
589.63
555.61
535.91
529.76
525.06
526.74
520.87
531.61
564.38
604.64
643.12
664.53
666.24
651.17
638.99
638.50
645.69
670.11
722.88
755.33
743.69
720.95
701.24
676.16
644.43
608.92
593.56
582.34
577.67
575.64
575.15
592.01
620.98
657.18
676.12
671.66
667.24
653.73
666.21
672.75
675.07
690.94
740.23
758.26
754.80
728.03
693.26
656.13
623.52
588.40
569.02
559.21
550.32
550.50
565.85
610.21
687.37
731.69
729.71
704.16
655.00
619.71
614.71
625.18
660.09
716.60
762.06
779.58
780.06
772.02
758.05
732.34
692.48
652.32
625.21
613.70
609.16
607.76
620.23
663.23
735.39
776.97
757.86
731.27
718.36
714.01
701.42
702.56
714.30
736.90
775.53
788.50
778.05
758.81
728.15
692.82
652.90
609.27
582.68
557.55
547.88
543.09
552.71
593.67
661.46
706.45
715.08
696.71
673.74
626.75
577.16
558.97
588.54
662.21
725.90
748.60
750.92
731.56
702.13
668.20
627.13
544.85
559.19
542.58
533.34
531.62
542.01
582.41
650.87
698.20
708.34
702.89
702.71
703.33
695.51
688.50
691.87
698.82
722.00
736.02
720.84
695.51
664.07
637.12
591.36
546.78
523.38
510.52
505.47
505.39
526.89
574.04
648.77
700.83
703.07
649.44
577.56
500.48
448.59
476.21
560.42
676.23
751.66
777.76
778.91
757.35
735.98
713.37
676.02
639.73
616.22
603.77
596.21
593.63
604.29
624.19
663.09
685.48
639.17
544.69
468.87
446.09
465.70
536.10
625.59
688.83
741.59
758.23
738.41
709.64
685.85
661.80
629.83
593.72
570.58
556.97
550.10
548.90
552.87
569.60
603.40
635.24
659.25
653.84
617.90
562.46
551.90
568.83
602.43
662.29
732.10
755.29
733.37
702.81
672.20
633.93
593.99
557.39
530.38
515.12
505.77
503.49
517.14
559.24
631.19
679.03
686.35
673.22
653.98
657.06
664.53
670.70
678.26
688.56
714.26
722.00
705.87
675.30
646.32
612.58
573.52
538.58
510.17
501.79
502.47
507.50
530.20
578.10
661.67
711.07
643.89
540.13
496.78
534.88
600.96
658.67
700.49
727.74
764.34
776.55
764.37
726.63
701.38
678.53
636.94
604.50
590.27
582.51
578.20
582.43
597.54
642.87
717.50
768.40
778.81
772.29
767.12
747.37
725.25
752.23
762.29
769.06
799.41
815.75
814.60
799.95
768.25
731.01
679.97
635.84
613.38
598.94
591.01
589.09
604.00
648.75
723.01
773.79
781.38
771.89
762.85
753.50
731.61
741.54
757.75
768.68
795.42
820.45
811.44
790.61
772.29
739.39
699.63
657.60
631.40
609.61
598.04
596.62
608.00
647.21
712.64
762.31
777.82
779.53
773.53
749.10
719.66
707.71
700.77
707.25
734.62
743.58
725.42
702.25
678.45
651.32
619.14
574.90
542.97
527.10
511.30
505.68
512.40
531.19
564.15
609.56
649.86
677.32
680.14
671.31
654.47
648.50
655.72
667.98
695.98
703.42
679.44
648.59
618.39
587.68
548.21
509.53
486.42
475.03
472.59
474.11
483.79
507.57
535.83
573.61
540.35
454.76
385.93
358.24
381.13
421.95
503.56
619.28
704.86
744.42
733.02
706.71
677.77
642.82
600.56
558.37
534.84
518.18
512.19
512.89
525.69
570.70
648.12
695.81
682.64
640.94
627.83
583.57
508.82
467.66
531.84
639.67
710.02
750.78
740.58
713.92
680.90
646.73
600.49
553.51
525.66
512.58
506.09
507.61
522.80
567.69
644.89
687.18
635.83
540.24
452.17
409.05
401.78
444.48
541.38
665.60
728.08
770.20
767.04
751.61
734.12
703.17
658.52
617.63
592.52
579.03
573.88
577.80
594.03
638.28
711.51
756.70
731.04
624.77
568.64
555.86
592.53
643.76
694.52
726.59
766.31
785.78
771.33
745.47
704.75
663.32
615.80
570.26
540.68
514.88
501.78
497.61
512.56
553.49
622.50
674.56
686.99
675.79
621.36
535.99
519.71
510.35
577.82
640.72
694.89
722.20
711.72
688.45
656.44
622.86
573.98
522.36
491.06
470.98
459.34
461.53
477.70
520.87
597.18
646.14
612.35
520.81
450.66
401.56
388.88
428.55
502.33
607.56
674.76
708.04
699.70
680.31
657.48
639.03
607.67
566.40
540.06
526.08
520.68
520.21
526.68
549.15
586.87
634.17
660.13
674.07
682.52
685.31
702.72
712.07
720.97
731.79
760.90
779.59
760.58
731.70
697.39
668.57
628.22
585.94
554.93
535.88
529.68
524.35
530.89
550.77
582.72
629.29
681.59
716.89
726.49
731.65
731.40
728.03
733.46
751.60
795.98
830.80
817.18
798.43
768.66
736.71
692.29
649.66
632.43
622.92
620.55
624.39
643.18
683.16
759.89
800.79
816.55
824.72
808.85
804.81
784.91
778.54
771.68
782.93
799.77
829.52
816.90
796.84
770.51
742.58
693.36
640.87
618.03
602.46
593.85
596.76
606.35
646.92
712.87
759.70
759.90
734.52
680.06
631.73
594.72
588.87
627.78
695.07
745.42
785.50
782.43
767.23
750.31
722.32
682.33
634.43
606.38
586.67
569.86
564.05
573.29
611.15
673.03
726.24
730.54
716.06
683.45
658.70
681.19
719.23
715.62
736.48
779.77
809.83
799.29
779.62
751.34
726.94
690.74
649.64
621.35
606.75
600.93
604.98
619.93
659.16
723.37
777.71
761.32
683.52
621.76
584.83
608.90
657.13
702.14
759.17
806.14
823.91
811.73
817.09
803.04
790.66
748.74
698.49
667.35
639.40
626.31
624.19
630.75
651.86
685.76
728.27
758.28
755.52
722.29
674.12
647.97
641.32
688.75
733.17
766.04
771.40
744.21
722.37
702.01
684.52
651.27
609.91
574.78
550.15
534.47
526.83
526.62
542.45
566.13
610.70
643.77
661.09
667.19
667.80
658.62
645.00
655.36
670.94
690.46
697.03
679.20
660.76
638.21
615.66
586.68
546.95
518.76
503.29
497.50
496.64
500.32
516.60
544.85
587.82
637.96
676.92
697.48
704.48
700.78
685.68
686.28
704.48
741.78
771.83
759.60
742.43
712.74
687.83
648.53
610.44
584.43
569.48
564.61
566.91
582.97
617.39
666.88
721.85
763.23
779.09
783.77
774.69
769.94
763.60
764.25
767.13
800.18
833.88
817.41
789.75
757.22
729.65
683.48
630.82
596.55
579.38
568.65
567.12
573.66
602.70
655.47
708.83
740.65
745.65
737.35
734.46
737.14
737.19
744.82
755.47
783.61
811.93
795.23
766.81
731.26
702.57
655.28
606.62
575.82
559.21
550.03
550.26
562.83
592.11
647.39
703.59
730.81
725.97
713.91
706.02
694.64
698.20
706.91
726.92
767.64
796.20
777.72
749.97
714.07
681.24
636.43
584.19
551.67
529.12
514.88
514.92
523.26
555.14
610.63
666.13
688.38
693.84
678.15
633.31
621.26
645.86
656.07
684.83
730.83
760.90
745.68
718.82
686.16
659.09
618.46
569.82
536.51
514.85
503.96
502.84
509.95
529.95
563.50
610.89
646.59
646.66
642.39
628.71
628.54
644.10
666.08
688.48
721.21
737.60
708.68
673.94
637.94
622.63
593.22
559.49