2882.10
2774.89
2704.18
2679.71
2704.30
2789.00
2904.81
2989.88
3035.70
3050.80
3101.41
3209.28
3281.78
3306.82
3354.06
3445.63
3670.84
3831.15
3759.98
3633.37
3503.29
3340.57
3143.80
2939.40
2762.73
2645.33
2578.56
2542.16
2546.42
2609.61
2718.46
2856.53
3008.93
3095.92
3066.08
3001.79
2950.41
2994.30
3020.59
3111.47
3393.37
3678.87
3649.01
3551.95
3429.94
3287.92
3110.23
2920.79
2765.49
2665.25
2615.85
2608.98
2631.67
2707.88
2814.07
2932.76
3094.23
3276.72
3448.92
3566.84
3638.09
3660.62
3682.50
3735.55
3918.07
4074.98
3990.79
3845.38
3671.81
3452.10
3190.29
2955.29
2790.19
2700.04
2663.27
2667.65
2745.52
2941.89
3257.00
3535.06
3676.03
3686.73
3632.34
3578.67
3493.58
3434.79
3459.03
3541.24
3775.15
4077.80
4053.32
3926.63
3770.07
3548.79
3282.18
3028.56
2857.57
2770.01
2731.93
2728.85
2790.63
2981.11
3287.39
3558.27
3656.78
3614.22
3572.20
3546.83
3529.41
3562.69
3600.03
3652.30
3848.31
4056.78
4002.20
3896.61
3685.71
3450.34
3174.37
2922.70
2745.83
2655.61
2618.00
2615.13
2680.40
2877.80
3192.98
3471.94
3585.43
3563.64
3511.02
3469.88
3433.09
3447.50
3462.56
3544.97
3796.57
4107.38
4075.89
3946.35
3779.12
3549.58
3275.48
3023.75
2855.29
2758.80
2718.99
2725.76
2803.77
3001.10
3321.43
3597.29
3679.93
3609.67
3502.64
3431.99
3419.66
3398.67
3409.70
3515.69
3771.83
4090.32
4078.69
3955.44
3808.21
3583.21
3322.24
3078.99
2918.43
2834.10
2798.93
2805.12
2879.72
3078.27
3397.17
3673.58
3746.05
3659.60
3535.64
3450.12
3391.74
3409.49
3508.20
3589.96
3789.24
4037.81
4002.17
3879.81
3752.73
3558.41
3345.10
3132.45
2968.78
2872.72
2816.46
2812.59
2843.96
2946.30
3107.66
3270.14
3360.90
3374.21
3325.90
3290.10
3251.33
3285.16
3361.99
3467.60
3691.11
3909.12
3857.97
3721.91
3588.16
3426.44
3220.93
3017.15
2863.76
2751.53
2698.13
2671.37
2694.68
2773.14
2897.06
3025.75
3130.39
3148.53
3121.35
3118.19
3129.59
3103.42
3155.53
3263.49
3555.52
3880.01
3868.74
3759.00
3625.98
3437.08
3213.28
3007.92
2871.87
2801.61
2787.94
2813.77
2903.25
3129.31
3476.82
3771.12
3916.12
3929.26
3932.28
3908.63
3886.67
3847.64
3806.18
3828.52
3982.68
4183.27
4121.78
4012.14
3843.34
3611.39
3351.14
3116.61
2961.44
2886.40
2854.47
2870.43
2955.89
3156.28
3499.10
3764.36
3811.31
3694.62
3568.32
3492.76
3490.24
3513.69
3526.13
3575.26
3773.99
4064.46
4039.90
3897.80
3723.18
3481.78
3202.70
2948.13
2780.74
2689.75
2652.27
2662.18
2754.09
2965.77
3308.70
3587.01
3665.84
3624.14
3601.22
3638.57
3645.02
3635.90
3637.95
3655.47
3794.48
4035.68
3983.64
3847.20
3682.59
3443.19
3173.28
2929.30
2766.28
2676.09
2628.72
2624.65
2687.38
2879.58
3190.98
3473.79
3587.29
3556.87
3536.11
3505.87
3464.45
3499.32
3492.45
3492.38
3631.33
3878.73
3852.71
3715.74
3556.10
3333.55
3071.32
2831.47
2665.89
2574.11
2542.29
2559.62
2644.19
2834.72
3147.41
3437.41
3588.98
3643.51
3663.71
3669.87
3651.96
3621.85
3573.74
3569.68
3708.36
3856.51
3789.20
3645.55
3495.43
3299.89
3072.57
2853.73
2688.53
2582.27
2533.49
2509.85
2533.18
2613.45
2740.97
2918.70
3102.76
3259.59
3316.09
3333.16
3329.55
3295.34
3225.74
3275.82
3434.01
3620.66
3589.44
3463.68
3348.41
3193.20
3023.78
2840.35
2698.43
2614.78
2554.45
2543.96
2559.50
2624.45
2739.01
2856.70
2952.41
2982.02
3003.57
3048.36
3085.84
3139.34
3171.51
3224.47
3425.32
3688.62
3643.98
3498.63
3360.50
3174.15
2956.84
2746.65
2600.88
2506.13
2470.04
2479.41
2549.99
2725.48
2979.14
3194.11
3274.17
3265.05
3241.48
3285.04
3352.06
3345.93
3340.10
3421.51
3619.68
3906.82
3879.39
3751.13
3592.19
3374.07
3123.28
2895.04
2748.61
2675.02
2649.54
2667.91
2753.12
2968.78
3319.76
3590.06
3654.19
3604.45
3514.66
3459.82
3502.79
3541.63
3549.88
3617.28
3762.93
4016.14
4009.98
3868.89
3704.50
3476.10
3208.52
2973.01
2810.16
2727.10
2677.98
2666.83
2729.77
2926.82
3250.90
3543.29
3672.24
3652.17
3571.83
3531.52
3467.93
3538.48
3562.70
3613.79
3813.98
4095.34
4149.44
4027.16
3879.23
3662.14
3401.83
3163.46
3011.32
2929.85
2907.99
2914.98
2992.42
3220.68
3569.58
3847.68
3890.90
3881.35
3928.60
3939.84
3838.36
3815.51
3685.05
3677.55
3806.11
4063.74
4066.76
3977.94
3809.76
3576.69
3285.21
3024.10
2852.58
2767.31
2723.89
2719.29
2790.62
3000.71
3332.95
3582.85
3599.53
3476.56
3363.16
3351.70
3446.76
3514.81
3480.17
3459.64
3584.44
3844.27
3844.70
3730.06
3588.20
3404.16
3184.84
2968.13
2813.92
2724.13
2686.69
2684.36
2728.36
2840.00
3013.81
3193.79
3310.73
3340.48
3352.73
3317.01
3281.30
3276.45
3327.50
3472.66
3725.06
4040.96
4066.64
3961.21
3842.78
3682.31
3489.42
3302.26
3161.29
3073.13
3020.56
3003.99
3036.92
3099.90
3212.14
3340.38
3430.48
3438.27
3414.78
3402.25
3397.76
3390.20
3432.91
3574.00
3820.32
4097.32
4134.55
4016.49
3853.36
3652.40
3407.51
3184.99
3045.57
2972.66
2947.93
2957.44
3044.43
3268.93
3638.45
3925.16
3960.11
3821.31
3676.01
3592.92
3530.33
3523.76
3598.26
3654.85
3894.19
4202.48
4195.80
4054.88
3871.01
3625.31
3346.41
3087.07
2928.58
2835.03
2795.82
2798.84
2879.46
3086.28
3419.23
3692.04
3784.54
3787.55
3801.80
3872.15
3936.54
3971.35
3976.28
3964.93
4064.96
4252.99
4201.77
4061.25
3865.68
3612.04
3322.25
3068.64
2904.19
2822.11
2778.02
2767.06
2834.09
3035.60
3326.20
3592.36
3765.19
3831.19
3857.55
3844.98
3802.52
3786.56
3780.33
3775.34
3877.51
4135.01
4125.96
3980.07
3810.98
3573.57
3303.75
3053.91
2903.85
2829.33
2796.76
2801.46
2887.07
3098.15
3442.26
3741.39
3880.37
3943.08
3952.29
3896.62
3774.50
3689.55
3673.84
3734.13
3941.51
4314.01
4397.50
4302.43
4169.20
3957.90
3696.90
3468.06
3326.65
3251.38
3217.89
3218.86
3311.25
3567.58
3946.77
4235.84
4351.13
4337.56
4285.24
4230.21
4164.69
4125.00
4094.17
4138.99
4300.73
4551.63
4577.05
4490.67
4334.94
4130.13
3889.76
3670.49
3519.22
3432.37
3388.61
3377.85
3410.42
3500.33
3659.19
3824.61
3936.25
3950.22
3905.77
3834.16
3759.06
3688.71
3661.87
3728.26
3907.59
4204.76
4249.54
4132.80
4005.81
3843.25
3658.81
3474.88
3341.28
3262.02
3224.71
3224.85
3253.19
3340.79
3466.07
3611.38
3783.94
3909.60
3929.55
3971.12
3994.81
3954.04
3919.00
3970.77
4106.07
4359.56
4347.21
4205.21
4034.00
3831.81
3593.53
3375.57
3215.80
3131.59
3094.47
3092.00
3149.25
3295.42
3510.03
3734.11
3940.34
4061.63
4138.33
4198.97
4212.42
4170.78
4093.91
4050.40
4138.30
4331.78
4283.72
4125.94
3916.94
3686.03
3414.11
3175.37
3000.81
2910.23
2858.90
2848.17
2891.92
3036.92
3256.85
3494.76
3691.48
3801.08
3868.81
3917.54
3930.42
3893.73
3859.19
3856.04
3964.16
4216.59
4198.14
4031.34
3844.05
3613.03
3344.15
3123.91
2968.38
2887.39
2844.59
2845.92
2908.32
3112.00
3438.25
3695.37
3837.85
3838.98
3792.06
3789.62
3783.85
3770.88
3736.63
3745.34
3871.76
4136.18
4156.52
4010.21
3847.76
3615.98
3346.37
3108.08
2943.82
2859.81
2818.21
2812.00
2883.49
3085.55
3426.02
3688.16
3743.95
3660.59
3592.59
3570.32
3533.46
3476.31
3395.79
3410.48
3571.40
3896.33
3993.82
3899.47
3757.39
3551.79
3299.63
3072.24
2927.44
2844.45
2806.48
2799.71
2863.66
3055.58
3372.49
3631.55
3772.66
3830.97
3860.02
3816.92
3723.92
3666.70
3570.45
3494.52
3558.43
3805.95
3875.46
3764.32
3631.91
3453.36
3223.09
3011.27
2857.37
2757.95
2712.09
2704.28
2739.58
2855.39
3040.08
3214.07
3296.21
3261.53
3210.43
3155.79
3128.05
3071.73
3049.25
3126.09
3312.70
3612.69
3703.14
3604.96
3483.92
3336.43
3160.31
2973.90
2837.71
2745.04
2700.40
2682.97
2703.55
2766.34
2879.98
3015.67
3198.72
3422.21
3621.01
3786.38
3895.69
3896.01
3876.77
3844.82
3908.50
4086.92
4067.79
3824.45
3655.58
3495.37
3325.38
3134.36
2976.27
2911.72
2905.35
2937.70
3031.78
3248.90
3575.12
3873.76
4008.05
4016.33
4003.36
3965.26
3908.41
3836.86
3761.07
3747.33
3880.40
4191.72
4305.45
4186.84
4037.52
3818.12
3552.97
3324.92
3171.09
3100.72
3069.49
3077.45
3142.70
3318.79
3604.54
3873.80
4059.33
4121.03
4154.15
4182.01
4177.10
4140.90
4084.33
4058.32
4112.59
4275.56
4283.93
4169.41
3982.37
3744.49
3478.96
3248.67
3097.48
3025.95
2998.63
3020.55
3113.17
3340.34
3695.10
3975.19
4072.07
4037.71
3980.05
3903.06
3798.92
3682.08
3601.45
3587.63
3752.57
4045.24
4129.42
4000.24
3835.22
3593.33
3316.13
3095.55
3016.92
2934.67
2910.35
2918.14
3004.88
3215.79
3532.60
3792.26
3941.85
3960.80
3904.41
3818.03
3735.83
3673.30
3615.83
3664.20
3833.11
4119.57
4208.36
4094.28
3942.60
3730.56
3473.34
3244.13
3107.79
3042.93
3021.65
3038.58
3132.89
3355.88
3682.62
3930.02
4001.25
3970.21
3919.08
3895.96
3826.26
3819.37
3826.80
3837.56
3925.89
4113.29
4148.31
4027.34
3875.04
3684.98
3448.64
3236.84
3077.00
2978.88
2927.28
2910.55
2937.81
3044.34
3216.38
3406.86
3605.06
3722.57
3747.63
3716.97
3663.94
3650.73
3666.45
3692.39
3793.46
3986.55
4001.33
3875.68
3731.61
3559.05
3362.02
3152.17
3007.05
2908.74
2843.55
2812.31
2824.47
2874.58
2972.37
3104.10
3300.76
3459.58
3537.58
3537.75
3484.35
3419.43
3389.42
3427.43
3535.45
3771.37
3824.62
3682.30
3524.65
3350.17
3143.25
2956.99
2814.12
2727.79
2691.04
2693.61
2759.84
2920.32
3168.79
3391.63
3594.38
3737.34
3828.31
3864.71
3863.46
3832.98
3805.50
3818.26
3913.74
4121.72
4116.42
3953.81
3771.84
3537.35
3274.36
3045.72
2883.58
2796.81
2745.75
2734.66
2788.11
2958.69
3235.28
3489.55
3660.93
3697.62
3682.08
3671.70
3566.53
3433.80
3390.61
3346.45
3488.00
3772.88
3875.73
3750.51
3592.77
3380.72
3140.71
2941.34
2821.35
2779.92
2777.95
2803.82
2897.65
3128.48
3473.75
3712.49
3747.93
3685.48
3633.45
3526.33
3491.45
3455.69
3507.04
3614.45
3731.52
4046.34
4182.90
4093.98
3951.77
3732.91
3463.21
3220.25
3054.34
2961.04
2919.18
2925.31
3002.44
3204.02
3519.07
3762.11
3869.45
3975.98
4061.97
4104.63
4152.22
4116.35
4064.76
4047.96
4089.40
4275.58
4300.06
4174.07
3976.26
3735.52
3469.62
3229.74
3068.91
2984.12
2940.13
2939.73
2997.53
3168.65
3433.43
3680.84
3886.67
3972.05
4028.72
4043.79
4037.65
3969.40
3906.81
3864.28
3919.02
4073.85
4117.46
3973.19
3805.23
3602.65
3371.39
3149.05
2974.11
2872.78
2812.83
2793.65
2824.92
2928.78
3083.64
3269.06
3423.28
3487.33
3497.04
3481.39
3436.40
3383.07
3346.30
3372.40
3513.17
3757.94
3902.39
3808.05
3682.40
3532.03
3346.44
3169.03
3042.92
2968.35
2930.91
2927.01
2957.40
3045.16
3167.98
3271.74
3331.22
3361.83
3368.83
3340.05
3294.19
3217.71
3191.65
3256.29
3447.68
3761.79
3939.85
3864.78
3743.81
3567.52
3352.56
3160.67
3039.40
2975.57
2941.67
2938.31
3006.91
3196.70
3526.76
3780.20
3847.05
3847.77
3824.51
3813.56
3887.10
3937.32
3904.85
3908.59
3991.16
4142.49
4130.14
3954.12
3760.21
3513.98
3242.43
3004.56
2857.72
2776.81
2744.45
2740.31
2809.73
3013.96
3351.14
3547.12
3551.29
3437.66
3341.14
3343.03
3483.55
3563.75
3536.68
3551.09
3632.06
3855.72
3954.16
3815.31
3635.51
3400.43
3128.68
2883.02
2723.10
2641.16
2608.26
2614.74
2692.14
2901.45
3237.89
3429.13
3399.80
3261.16
3185.73
3134.58
3040.11
3065.51
3021.51
3065.10
3245.33
3547.82
3737.13
3635.07
3474.65
3244.73
2978.93
2732.44
2571.23
2488.88
2446.23
2453.79
2542.29
2777.16
3122.98
3313.69
3274.76
3175.50
3090.38
3032.54
2988.63
2970.53
2980.36
3063.53
3268.08
3569.92
3738.51
3661.85
3527.71
3347.77
3108.91
2899.37
2765.77
2702.84
2679.05
2695.95
2789.07
3019.00
3365.22
3540.81
3469.14
3321.59
3201.75
3122.65
3042.15
3019.78
3067.14
3169.22
3342.54
3601.73
3723.91
3619.23
3492.83
3318.22
3112.43
2925.27
2776.88
2687.33
2628.72
2600.60
2623.30
2706.25
2863.65
3046.88
3246.44
3405.89
3515.63
3530.58
3503.79
3413.25
3358.31
3248.33
3250.02
3384.86
3509.47
3413.47
3297.39
3142.64
2966.97
2789.89
2638.46
2545.82
2495.88
2481.26
2509.43
2582.52
2697.33
2829.05
3006.79
3148.92
3227.91
3240.25
3259.86
3261.27
3264.20
3305.33
3446.07
3597.58
3680.50
3554.35
3397.51
3192.50
2957.96
2745.16
2599.24
2516.91
2480.07
2480.63
2547.23
2749.88
3092.97
3356.72
3473.32
3509.19
3558.28
3611.73
3575.16
3510.89
3451.06
3406.28
3500.46
3752.03
3936.46
3835.58
3679.83
3494.88
3271.21
3088.72
2976.92
2933.29
2933.59
2977.18
3092.16
3319.39
3663.06
3842.13
3799.02
3713.06
3631.15
3576.71
3517.01
3479.27
3471.68
3543.54
3751.09
4027.40
4213.05
4129.76
3981.47
3743.36
3458.93
3211.13
3058.10
2971.01
2922.12
2914.40
2979.85
3181.05
3489.80
3621.05
3531.61
3361.25
3227.57
3139.56
3065.04
3037.08
3028.98
3104.02
3273.09
3551.48
3760.40
3678.74
3541.54
3335.02
3081.25
2852.99
2709.80
2636.12
2605.23
2613.75
2700.85
2917.27
3250.82
3493.10
3536.62
3479.18
3346.25
3329.28
3262.68
3178.93
3166.09
3228.21
3439.63
3757.94
3981.59
3917.03
3786.66
3600.43
3369.80
3153.25
3008.44
2938.87
2909.53
2919.97
2992.40
3206.26
3526.03
3695.08
3637.93
3504.14
3393.85
3319.41
3255.16
3211.56
3206.13
3268.72
3461.70
3736.44
3916.74
3831.33
3697.52
3511.90
3271.18
3061.64
2909.16
2824.29
2778.02
2770.98
2804.01
2892.64
3041.44
3156.37
3195.51
3218.64
3171.45
3103.40
3071.83
3072.34
3143.75
3296.66
3454.52
3674.88
3821.23
3737.86
3617.30
3459.84
3259.13
3069.09
2934.04
2849.66
2795.52
2779.38
2792.36
2869.80
2972.29
3002.86
2992.51
2983.02
2952.64
2921.92
2888.58
2847.05
2853.46
2959.26
3195.19
3503.83
3726.97
3674.32
3545.39
3363.47
3152.03
2955.49
2826.99
2779.10
2771.15
2793.58
2901.38
3143.98
3478.41
3621.15
3536.54
3405.65
3308.37
3226.59
3161.81
3113.45
3102.77
3188.26
3399.49
3693.46
3898.52
3808.21
3642.45
3426.09
3151.18
2906.54
2736.77
2648.82
2609.06
2607.21
2672.86
2873.62
3177.69
3323.65
3216.19
3058.32
2939.64
2858.22
2807.21
2783.87
2795.09
2852.59
3025.02
3270.25
3489.55
3413.63
3280.24
3082.09
2841.00
2637.72
2505.30
2454.47
2444.20
2471.24
2568.16
2803.65
3126.18
3262.70
3174.50
3030.35
2924.50
2854.24
2804.26
2789.45
2802.18
2873.05
3054.75
3316.47
3537.96
3476.15
3334.68
3129.77
2878.35
2654.20
2499.63
2428.07
2391.51
2384.14
2446.05
2640.61
2940.39
3172.71
3235.37
3101.98
2877.85
2784.75
2725.55
2725.73
2748.06
2825.84
2938.31
3148.62
3345.90
3268.35
3119.15
2907.91
2662.82
2434.78
2285.21
2201.34
2152.42
2139.06
2191.47
2381.01
2672.04
2854.43
2807.47
2715.10
2672.11
2632.28
2608.64
2598.98
2626.18
2690.42
2837.41
3014.04
3184.17
3119.95
2997.23
2843.48
2660.71
2470.60
2343.36
2283.40
2273.76
2309.82
2377.18
2498.27
2646.46
2732.77
2763.87
2747.79
2712.66
2668.91
2607.98
2560.88
2567.52
2656.51
2846.46
3088.37
3305.34
3260.25
3147.69
3014.08
2847.39
2673.56
2544.94
2504.30
2463.65
2430.62
2436.56
2482.88
2571.22
2658.73
2688.87
2663.07
2645.92
2734.69
2795.17
2795.83
2893.75
2908.64
2965.56
3151.09
3359.00
3550.85
3509.84
3360.40
3161.03
2970.07
2837.51
2775.86
2766.87
2795.99
2891.97
3126.01
3505.88
3792.89
3811.73
3687.83
3579.22
3477.06
3403.75
3322.52
3259.95
3239.38
3350.52
3581.90
3794.56
3937.47
3846.51
3634.93
3376.20
3131.43
2978.15
2891.24
2855.27
2864.60
2948.17
3173.98
3526.28
3775.76
3757.11
3681.82
3675.40
3675.95
3588.70
3589.80
3527.11
3518.46
3607.79
3749.46
3842.41
3888.63
3754.79
3529.68
3251.61
2997.45
2825.36
2729.59
2677.18
2665.58
2721.42
2923.21
3248.94
3531.98
3648.07
3643.86
3578.08
3479.78
3393.03
3306.64
3254.67
3219.00
3292.98
3432.60
3498.32
3550.74
3451.82
3259.39
3011.39
2783.11
2611.57
2517.39
2464.81
2449.83
2506.31
2691.83
3012.87
3284.75
3401.93
3438.73
3457.27
3501.89
3516.00
3509.91
3467.42
3454.64
3503.30
3592.77
3605.17
3575.60
3447.09
3241.35
2988.36
2763.14
2626.88
2544.13
2513.34
2523.09
2611.49
2825.95
3193.20
3450.67
3470.42
3356.00
3245.57
3163.08
3071.60
2998.87
2923.90
2910.83
3010.87
3195.58
3365.67
3521.97
3475.36
3333.35
3144.48
2939.11
2780.60
2686.57
2645.47
2636.43
2665.81
2760.24
2929.97
3061.86
3088.40
2995.92
2858.82
2724.59
2612.10
2510.89
2439.34
2445.16
2555.78
2744.28
2911.31
3074.54
3056.99
2943.42
2785.59
2619.64
2498.88
2423.52
2386.92
2386.85
2418.75
2500.78
2627.72
2741.49
2767.93
2710.31
2605.06
2508.03
2429.49
2359.54
2320.92
2358.97
2498.51
2734.58
2919.07
3083.71
3056.77
2894.63
2681.07
2483.22
2356.81
2304.60
2286.95
2317.77
2413.67
2649.12
3040.45
3285.51
3262.49
3093.10
2940.85
2821.50
2735.27
2677.31
2633.25
2646.28
2751.81
2961.39
3115.98
3257.09
3202.19
3004.24
2757.84
2541.34
2398.79
2334.78
2310.28
2325.17
2396.84
2608.39
2965.25
3211.00
3159.89
2999.53
2847.68
2747.86
2674.49
2617.18
2596.89
2622.05
2742.16
2940.31
3084.10
3204.39
3123.02
2917.61
2663.55
2431.20
2279.26
2206.69
2177.81
2189.12
2263.46
2466.14
2810.09
3056.56
3115.41
3110.13
3030.46
2880.75
2851.51
2846.85
2935.81
3007.85
3070.48
3189.52
3257.71
3291.43
3163.61
2950.21
2697.40
2452.84
2288.11
2208.47
2156.37
2142.21
2185.94
2367.75
2687.92
2936.82
3030.28
3041.05
3028.06
2978.35
2861.75
2724.38
2650.64
2702.68
2812.73
2982.77
3075.65
3175.11
3090.52
2880.32
2627.30
2386.04
2221.88
2124.23
2081.22
2062.70
2103.24
2270.23
2581.52
2867.13
3001.42
3081.86
3163.49
3175.16
3087.46
2993.96
2828.87
2794.19
2824.08
2927.52
2993.56
3057.61
2982.85
2801.94
2603.40
2381.83
2209.83
2109.91
2049.46
2021.67
2044.24
2128.18
2269.44
2408.30
2486.85
2489.35
2433.45
2363.43
2291.70
2263.12
2254.16
2323.94
2461.44
2625.15
2739.70
2848.67
2799.55
2665.46
2489.89
2310.51
2169.51
2079.68
2027.63
2010.09
2028.53
2087.37
2184.90
2320.23
2529.51
2727.20
2920.64
3052.87
3122.11
3110.99
3061.23
3064.15
3109.29
3174.04
3136.62
3130.20
3010.39
2812.65
2583.83
2370.94
2220.35
2135.59
2119.36
2140.99
2221.91
2436.73
2797.21
3051.19
3079.78
2982.26
2914.10
2863.18
2810.52
2710.18
2640.00
2644.68
2773.27
2982.33
3140.07
3275.09
3248.90
3058.28
2816.24
2586.42
2455.55
2388.44
2363.20
2381.19
2461.52
2681.70
3034.29
3233.80
3159.98
2987.97
2828.21
2735.11
2663.13
2608.78
2562.24
2576.34
2696.36
2903.95
3067.40
3208.46
3172.89
2976.54
2733.13
2498.42
2340.10
2263.58
2218.78
2203.76
2266.47
2453.65
2765.80
2995.88
3090.04
3111.40
3118.23
3090.08
3076.52
3082.83
3013.55
3003.88
3102.63
3215.52
3242.71
3252.28
3138.55
2922.57
2663.56
2442.04
2275.46
2180.29
2128.78
2129.59
2199.59
2396.96
2726.90
3025.03
3184.98
3232.86
3189.72
3158.38
3124.10
3140.79
3124.51
3095.21
3099.09
3160.18
3215.54
3318.29
3275.00
3149.49
2920.19
2696.89
2536.62
2456.54
2422.44
2429.74
2496.10
2665.92
2909.75
3073.85
3107.32
3160.12
3185.16
3207.49
3191.83
3172.89
3132.90
3168.14
3249.82
3350.11
3368.91
3435.60
3389.91
3286.39
3081.24
2865.53
2706.24
2611.68
2569.03
2564.60
2595.77
2693.64
2831.29
2929.99
2928.95
2857.46
2759.64
2674.62
2579.64
2487.56
2404.29
2417.56
2537.50
2728.21
2905.54
3069.50
3064.05
2989.98
2823.51
2654.93
2505.50
2420.76
2380.06
2370.12
2393.81
2460.17
2571.84
2685.54
2816.84
2812.17
2773.95
2722.11
2562.78
2390.04
2280.50
2270.30
2364.10
2513.74
2660.40
2843.98
2887.89
2753.36
2557.01
2356.85
2234.08
2168.05
2152.32
2166.20
2253.42
2454.35
2780.93
2988.80
2958.00
2856.90
2767.26
2702.19
2641.97
2591.19
2557.99
2578.68
2685.56
2870.82
3005.51
3120.69
3100.64
2896.35
2643.89
2406.81
2251.35
2169.24
2130.90
2141.00
2217.68
2418.94
2745.11
2938.00
2908.16
2797.92
2701.08
2625.09
2582.20
2551.67
2529.22
2567.91
2686.99
2881.03
2991.66
3097.47
3068.51
2865.28
2605.06
2369.15
2206.36
2131.69
2096.62
2110.47
2181.07
2392.17
2694.57
2890.32
2885.21
2787.68
2695.33
2645.36
2585.05
2563.58
2563.94
2597.43
2707.62
2871.71
2988.55
3076.98
3045.51
2843.26
2580.76
2348.00
2209.33
2126.01
2089.00
2090.09
2152.70
2346.31
2650.34
2846.35
2828.81
2738.91
2682.48
2636.87
2620.92
2623.66
2604.01
2633.25
2741.97
2897.95
2982.09
3063.87
3044.49
2843.67
2589.26
2353.30
2194.75
2108.00
2062.71
2058.92
2118.56
2314.78
2612.45
2832.63
2875.43
2808.48
2714.59
2622.72
2572.12
2580.38
2549.31
2580.75
2676.81
2807.99
2904.67
2985.68
2941.42
2782.86
2575.99
2364.63
2200.41
2107.54
2046.95
2023.69
2038.45
2121.49
2243.30
2370.04
2528.05
2554.02
2502.62
2405.87
2320.54
2318.59
2351.96
2412.18
2517.97
2639.58
2722.71
2816.25
2797.09
2649.23
2465.63
2276.46
2127.61
2025.26
1970.55
1940.96
1943.43
1990.44
2064.98
2168.67
2317.57
2466.39
2555.73
2648.71
2685.95
2676.49
2714.14
2736.50
2796.91
2894.30
2909.03
2940.79
2885.53
2715.38
2507.56
2310.23
2173.78
2101.22
2061.21
2051.78
2116.82
2302.71
2587.11
2818.41
2924.49
2943.88
2998.70
3059.81
3083.55
3088.34
3061.78
3045.02
3099.07
3201.46
3245.58
3239.67
3144.65
2946.43
2704.87
2486.37
2336.15
2251.75
2211.72
2215.78
2280.58
2464.86
2731.87
2934.82
2985.32
2862.05
2797.03
2779.90
2699.31
2694.67
2639.87
2652.15
2771.62
2929.44
3007.65
3059.98
3020.48
2841.49
2604.31
2386.19
2227.29
2153.42
2108.92
2099.50
2166.88
2347.96
2605.68
2798.46
2833.74
2733.86
2632.03
2568.39
2557.43
2601.24
2673.88
2747.66
2767.16
2867.92
2958.00
3033.86
3001.33
2820.79
2581.69
2358.40
2204.35
2117.62
2072.06
2067.61
2125.31
2292.08
2568.21
2828.14
3013.33
3121.59
3203.20
3251.34
3246.78
3246.56
3214.80
3201.39
3248.05
3333.58
3304.98
3302.26
3210.22
3015.54
2784.45
2572.10
2418.62
2336.84
2300.73
2300.26
2365.82
2540.58
2811.92
3038.68
3156.19
3214.90
3230.80
3211.11
3216.95
3220.97
3157.03
3128.69
3151.16
3218.07
3204.68
3290.88
3259.29
3083.72
2864.90
2652.76
2482.92
2379.31
2324.22
2302.23
2328.47
2415.68
2537.48
2619.57
2686.59
2721.86
2752.28
2766.85
2668.89
2638.32
2650.15
2715.82
2764.06
2871.27
2934.14
2983.74
2954.15
2817.92
2634.70
2444.00
2306.26
2212.12
2157.26
2140.19
2158.06
2215.19
2285.66
2353.57
2390.86
2335.66
2302.10
2347.99
2350.63
2371.69
2410.65
2478.92
2583.90
2757.24
2844.29
2913.52
2908.36
2743.10
2509.62
2299.06
2160.27
2089.99
2060.21
2069.96
2146.97
2353.14
2658.01
2828.45
2796.31
2717.57
2667.42
2659.04
2694.94
2784.51
2772.10
2811.12
2907.34
2955.05
2978.85
3046.32
3048.03
2850.84
2591.82
2351.99
2199.57
2118.16
2086.02
2094.54
2167.12
2365.84
2655.75
2822.96
2788.66
2709.91
2652.26
2599.01
2589.91
2675.08
2650.29
2719.49
2806.82
2901.59
2976.83
3047.34
3038.01
2835.47
2570.87
2327.98
2155.49
2066.08
2019.84
2015.59
2071.69
2257.54
2519.46
2711.41
2744.84
2722.52
2739.02
2888.82
2883.99
2763.25
2819.79
2962.10
3053.20
3133.25
3113.58
3118.66
3119.25
2957.71
2720.36
2510.29
2373.53
2305.35
2278.34
2288.48
2370.20
2580.02
2901.62
3101.56
3139.89
3119.23
3087.74
3034.00
2948.38
2890.75
2829.19
2817.85
2909.99
3081.88
3206.35
3313.04
3299.76
3161.01
2892.89
2654.48
2488.98
2408.80
2375.01
2378.06
2453.79
2649.35
2925.31
3055.48
2996.30
2867.63
2759.94
2706.49
2638.10
2573.00
2521.07
2525.69
2600.12
2756.44
2878.31
2958.31
2991.98
2850.79
2642.82
2424.63
2270.68
2182.37
2135.90
2128.17
2154.52
2244.59
2360.10
2429.96
2446.62
2398.50
2350.31
2289.38
2253.36
2190.97
2169.10
2231.08
2373.41
2552.79
2665.69
2746.16
2749.86
2618.84
2436.20
2250.05
2099.64
2007.52
1953.61
1933.89
1940.26
1987.67
2080.12
2234.16
2434.93
2617.81
2702.64
2738.70
2748.61
2732.60
2705.21
2694.44
2722.79
2834.51
2853.58
2889.06
2907.13
2745.48
2516.45
2301.13
2150.81
2083.26
2055.31
2082.11
2168.79
2383.72
2696.64
2873.85
2839.76
2750.47
2673.96
2621.04
2584.28
2549.69
2503.76
2518.15
2620.50
2823.36
2960.56
3045.23
3086.27
2907.14
2651.78
2417.59
2267.39
2192.23
2163.30
2163.43
2224.18
2421.43
2746.33
3028.12
3132.59
3069.53
2894.44
2743.47
2615.03
2570.75
2554.29
2590.86
2707.73
2849.99
2952.41
3007.82
3041.90
2857.74
2595.02
2355.73
2190.93
2103.11
2052.54
2050.72
2109.00
2289.33
2547.75
2732.98
2724.10
2707.93
2700.51
2680.59
2712.34
2699.39
2731.13
2803.51
2912.46
3001.49
3033.67
3090.36
3090.91
2885.50
2619.76
2361.10
2177.77
2079.15
2022.00
2006.25
2052.01
2219.95
2506.88
2784.34
2909.87
3009.18
3107.51
3146.24
3104.24
3081.44
2990.50
2991.93
3062.68
3139.28
3160.77
3145.69
3070.61
2871.41
2626.59
2397.03
2212.94
2111.75
2064.16
2035.04
2075.03
2241.98
2499.19
2716.75
2806.45
2844.88
2837.14
2833.21
2837.17
2800.63
2695.21
2678.07
2694.05
2751.93
2834.98
2879.84
2915.30
2787.85
2581.14
2363.62
2214.86
2118.97
2076.62
2067.21
2090.09
2175.27
2279.82
2390.17
2438.36
2384.41
2325.98
2260.44
2208.11
2153.23
2133.20
2107.45
2225.11
2424.63
2626.46
2693.37
2768.86
2662.05
2494.59
2301.33
2160.82
2054.55
1994.82
1978.58
1977.53
2018.03
2083.03
2148.27
2187.00
2229.54
2253.49
2312.26
2405.20
2430.73
2394.70
2458.97
2593.13
2772.59
2878.23
2897.32
2902.27
2722.96
2481.30
2254.85
2097.85
1999.36
1949.01
1941.56
1984.46
2165.99
2432.13
2663.71
2744.50
2763.43
2833.35
2887.85
2923.89
2947.52
2902.73
2923.08
2959.96
3066.85
3130.49
3121.09
3043.30
2830.07
2561.75
2327.61
2171.70
2087.43
2039.29
2033.04
2078.72
2249.97
2546.23
2823.95
2947.43
2996.95
2988.02
3014.44
2973.53
2911.33
2833.36
2776.22
2867.70
2997.38
3058.15
3082.52
3071.13
2873.23
2607.34
2370.25
2193.99
2093.71
2043.92
2034.97
2085.92
2261.99
2560.20
2825.95
2973.13
3051.97
3101.78
3123.44
3112.99
3077.08
3055.47
3050.92
3090.10
3145.77
3127.21
3120.71
3081.31
2889.97
2623.96
2380.78
2219.45
2126.42
2079.96
2083.64
2141.48
2317.53
2595.50
2768.83
2772.76
2717.64
2685.61
2586.17
2523.46
2506.17
2493.09
2546.01
2674.39
2814.29
2911.23
2997.70
3036.82
2867.27
2602.58
2354.29
2187.82
2096.38
2049.10
2050.62
2105.14
2285.91
2556.06
2718.53
2721.58
2664.64
2617.39
2658.19
2742.91
2751.27
2710.35
2682.42
2741.71
2815.31
2862.01
2889.42
2932.13
2809.47
2596.99
2379.16
2206.48
2101.67
2043.86
2018.26
2034.24
2111.15
2223.03
2372.25
2527.76
2593.48
2608.49
2612.85
2559.62
2504.36
2485.91
2555.67
2648.96
2741.65
2778.40
2798.32
2837.79
2730.36
2551.91
2362.71
2209.82
2109.69
2064.79
2045.81
2053.42
2099.69
2172.15
2224.15
2288.68
2312.92
2271.89
2254.42
2283.58
2197.32
2239.17
2401.74
2514.65
2652.54
2768.73
2815.13
2831.84
2701.96
2487.47
2283.71
2146.41
2074.79
2038.40
2033.98
2105.02
2289.39
2605.71
2845.58
2929.54
3017.35
3048.32
3017.19
2953.80
2870.35
2849.45
2914.31
2978.44
3062.76
3060.37
3070.43
3088.92
2910.66
2642.55
2398.11
2235.88
2145.11
2101.00
2097.35
2157.18
2343.12
2607.92
2781.50
2762.19
2683.63
2629.19
2598.49
2580.93
2621.82
2667.44
2725.93
2791.66
2919.42
2999.21
3018.35
3051.00
2887.44
2623.18
2375.41
2216.27
2135.73
2094.26
2095.28
2162.11
2337.31
2630.65
2805.01
2796.86
2758.59
2732.73
2666.18
2666.50
2688.67
2678.43
2708.46
2804.41
2925.32
2996.00
3014.09
3042.54
2885.01
2615.92
2370.69
2205.58
2116.93
2069.77
2069.52
2136.73
2319.45
2599.07
2766.22
2768.78
2713.47
2702.62
2801.06
2801.42
2741.47
2713.56
2751.81
2827.08
2920.39
2979.72
2991.46
3025.26
2868.77
2597.56
2344.62
2183.03
2086.41
2038.59
2033.94
2094.23
2259.93
2528.13
2704.22
2739.35
2713.89
2700.39
2696.86
2716.77
2748.58
2785.05
2822.96
2891.80
2959.45
2970.30
2959.90
2975.81
2841.51
2611.17
2366.69
2191.84
2070.00
2002.19
1971.11
1981.23
2032.72
2134.03
2270.10
2381.19
2407.97
2396.88
2382.68
2440.82
2511.18
2505.55
2516.95
2624.70
2732.96
2799.10
2809.84
2833.63
2728.34
2530.66
2315.92
2152.37
2039.21
1971.30
1927.42
1929.06
1948.91
1989.27
2105.54
2239.83
2353.91
2396.80
2421.48
2586.14
2680.43
2617.21
2578.55
2672.21
2778.53
2835.81
2832.78
2884.54
2745.10
2497.01
2269.41
2111.55
2019.31
1971.51
1960.90
2023.02
2185.79
2464.06
2681.20
2741.04
2755.75
2773.18
2797.72
2826.84
2889.98
2966.27
3032.02
3138.95
3242.38
3216.57
3165.49
3156.81
2971.33
2672.11
2393.03
2208.77
2097.04
2037.80
2016.13
2066.69
2226.28
2488.59
2697.44
2780.31
2824.99
2852.66
2891.09
2961.00
3052.64
3090.06
3144.68
3274.42
3407.57
3445.99
3415.42
3393.40
3192.49
2864.90
2557.83
2334.24
2206.89
2128.89
2093.07
2129.86
2272.02
2539.21
2795.62
2923.00
2981.65
3042.73
3094.90
3167.61
3280.11
3385.71
3508.33
3658.05
3781.64
3718.14
3589.92
3516.07
3283.06
2936.99
2603.23
2372.39
2232.66
2146.20
2111.29
2139.83
2260.76
2517.76
2749.61
2838.27
2873.99
2905.88
2942.08
2983.75
3068.34
3145.30
3242.38
3363.36
3466.26
3455.59
3362.87
3312.07
3123.19
2806.93
2511.04
2296.92
2175.24
2096.22
2072.11
2102.32
2235.42
2510.21
2769.05
2889.75
2892.49
2868.75
2865.62
2916.49
3015.98
3117.24
3232.65
3382.47
3485.67
3465.01
3354.11
3298.59
3133.86
2865.66
2593.63
2385.70
2250.59
2164.99
2122.55
2114.86
2152.95
2258.95
2416.46
2575.15
2687.97
2830.27
2969.37
3129.17
3231.04
3411.78
3569.63
3645.43
3744.20
3751.38
3704.41
3680.13
3551.59
3283.79
3007.41
2755.79
2576.49
2456.58
2367.41
2319.06
2293.22
2362.60
2552.43
2799.44
3051.98
3231.11
3406.52
3614.40
3750.68
3938.78
4065.54
4210.73
4248.95
4185.68
4063.05
3933.17
3647.57
3234.34
2841.06
2558.00
2376.65
2264.64
2206.58
2225.34
2344.55
2590.05
2803.42
2901.98
2922.05
2950.81
2979.86
2970.38
2994.91
2994.68
3029.32
3112.67
3233.34
3265.32
3194.11
3152.30
2979.35
2698.02
2415.92
2246.38
2150.89
2095.34
2078.74
2124.46
2262.88
2523.14
2760.98
2820.76
2827.82
2852.64
2893.09
2917.92
2938.20
2976.46
3086.07
3240.15
3379.75
3361.62
3301.22
3297.79
3134.91
2833.71
2555.75
2358.47
2240.81
2178.88
2164.43
2211.16
2360.40
2637.81
2911.62
3082.34
3185.04
3297.97
3460.10
3651.44
3873.81
4074.20
4257.28
4409.22
4473.91
4411.59
4296.75
4170.96
3862.16
3481.47
3131.33
2861.75
2698.59
2593.55
2539.06
2559.84
2692.15
2953.75
3241.81
3378.61
3448.98
3500.09
3534.47
3585.57
3661.96
3739.53
3874.63
4028.98
4097.24
4027.85
3859.32
3706.81
3477.53
3111.14
2752.40
2492.18
2334.14
2235.47
2184.47
2203.09
2307.32
2514.16
2715.51
2770.63
2766.27
2825.11
2879.17
2919.32
2889.41
2916.42
2979.99
3073.91
3128.81
3069.54
3012.88
2940.15
2779.18
2569.45
2359.89
2195.56
2090.54
2029.03
1996.87
2001.18
2044.31
2133.72
2300.22
2529.68
2737.39
2859.93
2896.10
2883.42
2846.71
2817.52
2801.03
2815.26
2877.08
2895.41
2881.30
2857.08
2731.35
2552.93
2364.15
2213.40
2109.54
2049.91
2021.80
2021.29
2057.99
2130.80
2280.50
2496.66
2703.97
2824.21
2868.43
2879.50
2873.49
2867.12
2853.37
2893.35
2931.38
2923.89
2887.49
2862.10
2744.93
2562.68
2375.07
2224.78
2126.69
2070.39
2044.10
2061.43
2106.38
2176.71
2286.35
2431.25
2604.89
2714.89
2775.03
2771.81
2667.71
2615.66
2637.63
2646.94
2715.70
2768.78
2816.12
2871.40
2777.73
2545.03
2319.39
2148.91
2061.73
2010.95
2003.91
2075.01
2230.40
2503.87
2724.99
2866.32
2924.51
2938.03
2890.66
2902.58
2862.75
2861.11
2916.60
3031.41
3170.55
3233.55
3221.31
3222.63
3082.99
2793.25
2504.29
2306.86
2185.46
2110.52
2086.64
2120.11
2244.73
2490.65
2728.86
2846.17
2887.15
2959.84
3031.62
3119.55
3251.29
3326.42
3414.69
3446.47
3465.29
3422.79
3358.21
3332.38
3167.87
2865.63
2570.66
2366.66
2240.68
2165.40
2138.09
2176.80
2318.19
2579.82
2857.63
2997.22
3049.67
3125.92
3191.35
3225.16
3238.16
3263.98
3269.21
3319.82
3389.69
3390.59
3367.72
3344.65
3182.42
2915.61
2650.35
2460.61
2344.83
2279.14
2266.42
2313.14
2473.45
2754.20
3046.53
3253.64
3390.81
3474.60
3528.76
3544.63
3660.00
3630.62
3672.18
3825.43
3836.50
3745.94
3624.77
3541.11
3413.26
3141.10
2864.37
2620.45
2448.81
2338.21
2271.42
2255.19
2278.95
2380.57
2581.41
2826.60
3058.39
3267.10
3486.03
3673.66
3865.25
4054.56
4274.70
4500.17
4608.84
4621.79
4481.99
4347.56
4163.41
3838.54
3487.20
3177.01
2944.29
2774.82
2649.15
2568.54
2507.08
2571.58
2781.93
3098.23
3428.37
3766.52
4054.56
4283.92
4458.72
4639.12
4824.96
5024.53
5139.53
5125.58
4968.91
4782.33
4518.50
4078.00
3632.54
3309.03
3081.07
2930.51
2838.11
2843.23
2959.07
3292.64
3671.62
3993.45
4309.08
4637.55
4931.97
5202.54
5426.88
5560.19
5675.56
5711.13
5667.47
5492.16
5314.19
5116.26
4805.78
4328.39
3874.80
3526.50
3314.16
3162.40
3076.77
3074.70
3197.17
3509.10
3882.03
4188.07
4478.36
4799.29
5099.85
5395.94
5630.30
5746.26
5539.11
5329.82
5210.68
5031.88
4835.29
4685.62
4432.13
4055.79
3661.07
3370.82
3185.49
3071.92
3008.02
3025.95
3164.23
3479.60
3828.12
4095.96
4369.18
4615.03
4836.79
5085.40
5367.95
5569.75
5751.54
5791.93
5805.55
5606.59
5386.48
5175.87
4889.72
4427.43
3962.07
3610.74
3338.90
3128.92
3000.75
2961.10
3035.38
3255.62
3541.14
3673.63
3724.79
3865.26
3996.75
4110.54
4226.52
4344.54
4465.42
4603.06
4640.54
4481.29
4187.87
3933.66
3670.95
3306.82
2948.01
2680.46
2508.37
2398.75
2344.17
2362.78
2464.78
2690.26
2910.55
3003.76
3048.44
3094.07
3136.94
3188.54
3300.44
3388.84
3500.59
3602.67
3646.45
3555.01
3461.45
3407.82
3297.13
3048.90
2777.85
2559.75
2424.83
2335.68
2286.06
2279.60
2332.01
2428.03
2586.07
2777.74
2890.53
2863.85
2851.78
2939.69
2980.16
2945.26
2909.01
2937.47
3076.46
3146.57
3110.90
3082.87
3015.29
2806.16
2585.07
2392.45
2254.15
2165.25
2113.77
2094.46
2081.39
2138.42
2254.39
2414.78
2559.58
2692.37
2819.90
2965.31
3043.00
3127.55
3247.45
3390.76
3520.03
3554.95
3495.60
3429.47
3320.26
3024.94
2748.50
2534.18
2396.22
2319.27
2291.35
2337.15
2485.33
2748.66
3061.74
3241.22
3328.31
3398.64
3432.63
3427.37
3412.66
3359.54
3347.76
3368.06
3466.86
3498.79
3460.04
3416.18
3267.85
3005.23
2727.05
2532.84
2417.28
2350.43
2326.21
2373.25
2524.79
2791.74
3056.96
3228.83
3323.30
3432.68
3535.89
3603.22
3731.91
3822.31
3941.54
4086.71
4131.73
4107.60
3969.89
3822.13
3665.34
3326.66
2971.11
2706.68
2536.50
2417.10
2351.80
2359.71
2461.92
2704.97
2954.43
3090.53
3141.01
3176.26
3187.65
3204.13
3268.09
3344.22
3453.02
3603.96
3714.49
3712.78
3599.80
3477.71
3316.19
3000.97
2692.14
2458.62
2306.05
2215.03
2174.25
2195.82
2298.76
2523.35
2765.44
2887.41
2945.87
2991.87
3051.02
3082.29
3162.80
3250.67
3401.81
3551.81
3724.32
3750.94
3645.22
3510.35
3360.94
3055.92
2741.85
2491.78
2334.47
2247.61
2198.02
2219.86
2314.07
2530.23
2774.23
2936.81
3019.92
3129.27
3210.31
3295.95
3441.61
3613.11
3794.80
3965.72
3995.91
3838.86
3709.04
3644.61
3524.46
3275.44
3003.44
2779.71
2626.06
2523.46
2455.12
2435.29
2448.73
2532.39
2735.75
2985.56
3229.09
3487.48
3755.47
4038.46
4226.43
4411.73
4523.88
4540.24
4466.76
4392.27
4239.19
4033.53
3777.51
3481.42
3172.01
2927.34
2744.97
2610.67
2522.59
2467.34
2430.84
2491.08
2664.60
2891.69
3109.55
3319.30
3527.75
3733.60
3885.14
4070.66
4293.84
4509.54
4644.54
4640.80
4498.93
4390.82
4243.34
3902.63
3522.86
3222.99
3014.23
2880.83
2810.76
2839.61
2961.18
3238.06
3576.62
3844.52
4063.93
4226.50
4336.16
4474.12
4625.52
4682.74
4757.58
4914.90
5007.20
4939.86
4775.60
4604.59
4373.44
3992.08
3594.83
3288.19
3097.55
2969.35
2905.66
2917.18
3036.33
3298.05
3623.38
3836.69
3975.97
4059.09
4055.07
4039.83
3982.10
3795.38
3634.32
3577.53
3590.19
3515.98
3405.93
3296.79
3159.12
2889.79
2608.05
2400.86
2281.98
2200.11
2163.48
2190.46
2286.92
2503.25
2728.36
2844.34
2883.40
2934.58
2961.88
2993.84
3099.28
3185.47
3267.81
3396.22
3538.52
3572.38
3497.91
3390.59
3254.48
2955.25
2655.99
2431.27
2293.27
2200.99
2161.17
2185.10
2285.72
2507.33
2745.44
2905.07
2970.31
3005.03
3086.08
3141.48
3231.68
3320.40
3433.04
3570.83
3684.37
3675.18
3537.93
3399.54
3253.64
2988.71
2714.21
2509.72
2376.93
2302.60
2268.42
2303.78
2427.16
2640.24
2896.38
3074.18
3175.63
3260.32
3322.86
3353.04
3404.50
3420.63
3467.25
3623.37
3754.37
3735.15
3647.06
3560.97
3445.00
3204.23
2939.92
2724.40
2578.38
2490.59
2439.19
2443.21
2497.58
2605.11
2808.37
3040.88
3267.25
3488.38
3683.87
3837.69
3989.55
4105.80
4182.50
4214.74
4264.67
4264.89
4142.27
4030.20
3910.79
3681.38
3398.41
3143.81
2962.62
2823.27
2736.93
2707.16
2702.34
2760.38
2938.16
3198.29
3438.32
3662.67
3895.98
4107.15
4312.95
4520.90
4720.96
4929.46
5060.47
5042.89
4862.31
4689.17
4493.39
4114.99
3731.23
3419.48
3218.01
3079.52
3005.89
3022.30
3144.28
3437.01
3838.98
4202.34
4527.66
4855.29
5181.06
5478.84
5722.87
5915.02
6036.64
6082.76
6168.42
6070.64
5883.41
5620.44
5328.64
4820.40
4342.44
3971.77
3720.32
3537.84
3432.14
3421.63
3525.80
3817.86
4244.64
4630.97
4989.98
5362.61
5691.98
5964.47
6195.71
6222.66
5836.69
6367.58
6425.46
6289.67
6060.16
5791.55
5457.39
4974.92
4521.11
4159.48
3909.56
3719.78
3591.48
3554.30
3638.67
3932.76
4355.69
4718.28
5052.49
5395.22
5702.33
5957.37
6214.31
6344.53
6347.23
6461.60
6504.65
6382.04
6084.95
5685.12
5242.07
4772.05
4314.24
3943.78
3692.27
3520.67
3401.39
3364.29
3441.35
3670.33
3989.01
4258.70
4463.64
4670.70
4873.09
5015.13
4945.59
4772.29
4632.43
4561.50
4566.16
4494.17
4401.30
4256.83
4012.34
3699.34
3393.70
3146.31
2987.25
2890.31
2837.89
2851.96
2978.00
3196.92
3458.86
3650.91
3806.65
3930.24
4010.66
4045.93
4021.67
3922.21
3846.95
3767.68
3693.79
3580.73
3435.54
3308.34
3148.37
2919.01
2676.49
2478.60
2342.99
2262.34
2209.27
2191.92
2233.23
2295.37
2413.09
2589.78
2736.73
2837.87
2922.83
2986.57
2957.33
2901.02
2875.74
2888.54
2904.62
2906.10
2858.09
2848.33
2768.83
2604.04
2428.81
2269.05
2147.39
2082.22
2041.05
2031.10
2045.71
2095.65
2203.72
2369.49
2511.45
2595.28
2638.24
2673.83
2713.06
2708.82
2734.28
2852.88
2974.69
3001.38
2966.67
2945.22
2895.82
2791.78
2630.76
2433.47
2297.49
2203.06
2158.80
2160.21
2204.23
2283.58
2401.40
2578.95
2732.82
2873.47
2972.88
3019.32
3057.29
3164.48
3266.62
3462.05
3627.58
3670.42
3636.07
3593.82
3487.95
3235.53
2960.57
2724.89
2577.71
2493.26
2466.17
2513.96
2649.35
2915.51
3237.41
3488.56
3712.18
4012.83
4289.76
4602.49
4962.65
5263.28
5504.11
5669.58
5395.48
4925.38
4589.68
4333.14
4083.20
3737.95
3399.26
3129.73
2950.18
2829.48
2752.63
2753.55
2859.10
3117.21
3482.29
3788.57
4068.88
4400.00
4716.83
5019.07
5304.72
5548.52
5744.54
5869.44
5789.26
5572.91
5290.24
5050.21
4750.86
4297.46
3879.39
3524.84
3299.82
3122.36
3005.36
2980.27
3080.70
3293.80
3586.94
3804.58
3956.33
4128.13
4241.68
4280.65
4285.97
4256.67
4161.68
4103.37
4074.80
3988.46
3870.58
3789.58
3633.45
3378.02
3097.21
2872.45
2754.18
2673.46
2639.02
2677.14
2838.97
3110.58
3395.50
3615.19
3741.77
3814.13
3843.57
3825.87
3892.91
4012.42
4211.42
4456.03
4663.98
4697.79
4538.20
4371.42
4189.40
3858.87
3523.15
3230.56
3024.89
2872.01
2769.00
2721.53
2723.97
2803.28
2974.83
3158.16
3347.02
3482.06
3580.02
3633.54
3674.07
3746.24
3873.18
4020.79
4137.01
4139.41
4004.38
3885.08
3750.76
3503.21
3227.13
2987.47
2809.58
2686.93
2614.36
2575.34
2567.36
2607.06
2746.13
2951.35
3146.85
3335.70
3467.39
3590.97
3698.80
3755.02
3785.49
3862.62
3957.19
3966.66
3894.79
3833.85
3710.21
3458.55
3169.55
2951.16
2799.82
2707.15
2662.96
2700.84
2859.36
3112.03
3407.44
3625.95
3763.23
3881.47
3971.01
4029.10
4082.59
4100.47
4141.10
4177.68
4237.94
4189.12
4074.81
3968.41
3766.80
3470.67
3158.88
2921.98
2759.62
2660.69
2604.25
2620.95
2754.21
2999.30
3264.42
3443.87
3551.55
3623.27
3682.47
3728.63
3755.81
3753.45
3750.21
3776.91
3827.17
3816.78
3774.87
3740.18
3603.33
3345.58
3065.74
2849.72
2717.83
2629.97
2586.75
2627.70
2765.89
3029.30
3321.70
3530.06
3666.98
3798.00
3938.22
4109.69
4358.24
4621.62
4881.62
5134.87
5253.73
5248.17
5073.27
4895.18
4635.21
4192.90
3786.00
3455.76
3220.80
3054.32
2950.65
2931.09
3026.30
3268.06
3611.36
3894.07
4133.23
4400.95
4657.20
4866.77
5090.16
5261.96
5374.85
5617.10
5667.08
5583.89
5379.61
5312.68
5045.90
4528.98
4034.54
3690.74
3448.55
3281.12
3190.67
3175.54
3277.41
3527.11
3905.29
4264.16
4589.04
4934.69
5245.85
5495.92
5737.18
5874.78
5946.47
6010.11
5833.73
5539.83
5292.50
5110.31
4864.84
4480.01
4099.59
3773.98
3529.89
3345.17
3226.07
3162.12
3159.37
3225.36
3441.08
3759.00
4075.50
4383.58
4726.15
5020.91
5271.77
5435.30
5467.67
5349.54
5156.08
5000.48
4834.36
4704.34
4509.25
4204.76
3903.44
3625.33
3410.64
3246.16
3128.44
3050.75
3038.01
3058.68
3179.23
3385.59
3611.67
3833.08
4017.70
4236.65
4398.94
4586.64
4766.15
4913.28
5015.57
4943.89
4741.77
4603.74
4395.36
4044.84
3675.07
3388.97
3179.59
3039.78
2960.99
2967.84
3101.63
3335.22
3603.22
3792.67
3926.99
4088.88
4218.94
4294.66
4349.22
4326.16
4319.75
4357.38
4443.46
4444.14
4352.97
4240.89
4037.75
3687.43
3345.11
3056.88
2880.99
2769.22
2690.22
2698.19
2820.80
3068.56
3367.23
3611.45
3818.84
4071.98
4318.02
4546.58
4792.33
4985.89
5164.30
5309.36
5365.08
5278.33
5088.58
4921.98
4633.84
4194.80
3789.18
3462.39
3218.69
3038.72
2906.67
2862.64
2953.26
3168.87
3444.09
3663.67
3836.16
3993.29
4185.33
4373.95
4557.63
4518.98
4524.51
4695.26
4814.98
4724.99
4514.93
4328.95
4093.13
3696.88
3310.06
2999.02
2793.86
2645.72
2554.58
2533.49
2640.50
2852.08
3130.16
3323.33
3457.62
3598.56
3765.50
3939.06
4134.39
4291.80
4402.06
4478.42
4433.19
4341.47
4193.07
4084.18
3884.18
3552.13
3198.48
2912.98
2724.86
2605.87
2527.49
2524.21
2616.84
2812.49
3096.74
3307.21
3437.73
3575.08
3711.22
3876.61
4043.20
4156.82
4278.43
4427.21
4487.06
4362.93
4153.50
3968.51
3755.48
3443.10
3125.12
2844.77
2651.60
2520.47
2427.86
2395.63
2409.99
2477.83
2653.68
2864.58
3038.28
3193.28
3361.52
3504.71
3635.29
3780.77
3950.57
4120.82
4216.25
4131.22
3955.51
3861.83
3711.68
3461.80
3203.52
2975.02
2813.82
2708.40
2645.18
2609.07
2603.73
2635.98
2743.21
2917.19
3084.22
3225.11
3353.21
3406.80
3458.38
3530.32
3585.27
3760.61
3972.78
4063.11
4018.53
4007.67
3902.09
3622.92
3325.17
3075.55
2918.89
2801.98
2729.93
2744.76
2873.93
3102.40
3427.26
3707.83
3960.39
4243.14
4510.07
4748.33
4989.89
5135.45
5247.33
5382.78
5452.64
5324.38
5091.64
4862.05
4542.55
4082.45
3637.57
3290.72
3055.84
2881.78
2773.68
2753.94
2850.81
3061.60
3365.36
3630.96
3887.84
4189.74
4494.62
4762.93
5021.42
5241.72
5408.03
5520.24
5551.07
5377.54
5044.39
4707.29
4361.73
3949.69
3577.99
3282.00
3068.40
2931.47
2850.12
2842.13
2954.68
3160.58
3415.20
3596.80
3716.10
3836.71
3965.04
4067.52
4212.14
4335.39
4445.81
4560.80
4603.55
4517.98
4338.15
4202.55
3994.35
3645.27
3310.83
3046.27
2876.02
2763.58
2700.43
2704.43
2838.18
3072.99
3372.66
3595.29
3769.90
3947.52
4046.04
4115.24
4120.17
4164.00
4115.71
4075.60
4078.54
4007.46
3961.97
3925.50
3754.03
3502.57
3224.72
2995.30
2841.88
2748.09
2694.86
2704.47
2803.08
2992.98
3260.74
3469.65
3611.57
3772.70
3930.29
4043.70
4141.25
4188.21
4237.64
4296.78
4304.50
4173.34
3934.87
3745.90
3525.86
3232.13
2914.79
2652.01
2465.67
2342.60
2259.12
2221.90
2235.25
2289.89
2438.40
2581.88
2677.69
2714.30
2756.84
2795.79
2858.33
2948.47
3107.04
3281.21
3412.35
3439.86
3330.58
3263.81
3132.35
2903.79
2662.24
2468.61
2315.03
2221.65
2162.42
2136.54
2143.16
2161.53
2267.53
2441.13
2635.56
2781.18
2948.05
3080.69
3196.79
3262.64
3342.54
3458.30
3526.77
3516.44
3478.53
3461.43
3325.30
3092.88
2844.69
2653.15
2523.54
2444.05
2399.79
2431.14
2555.54
2761.72
3024.11
3205.94
3322.78
3443.37
3528.18
3600.46
3701.00
3788.69
3909.88
4059.18
4192.46
4179.01
4035.08
3884.36
3641.55
3295.11
2954.49
2694.25
2518.60
2409.84
2340.93
2343.15
2447.50
2643.04
2869.51
3027.24
3143.18
3265.61
3368.01
3458.42
3545.59
3541.69
3629.17
3730.20
3801.59
3784.32
3695.80
3642.47
3458.15
3155.18
2868.89
2639.90
2492.41
2398.90
2353.01
2371.58
2496.40
2701.96
2921.19
3124.54
3244.43
3379.71
3458.56
3516.48
3571.36
3644.92
3645.63
3638.99
3669.84
3629.85
3576.78
3569.20
3411.88
3153.32
2894.29
2686.45
2554.81
2462.64
2432.67
2463.92
2608.09
2844.65
3111.08
3302.70
3423.86
3484.19
3519.87
3544.98
3629.30
3693.13
3733.48
3794.67
3848.82
3859.94
3792.84
3748.66
3581.15
3293.03
3003.04
2771.44
2608.20
2510.44
2455.90
2472.99
2604.54
2815.26
3093.77
3330.75
3529.46
3765.41
4003.63
4231.21
4465.63
4646.81
4828.53
4977.14
5071.37
4967.25
4724.79
4539.95
4259.34
3898.71
3544.99
3239.44
3012.44
2853.83
2745.63
2690.82
2697.96
2749.50
2927.94
3192.82
3470.29
3775.61
4027.58
4172.01
4288.68
4378.98
4443.45
4528.94
4568.90
4457.95
4298.83
4190.99
3985.01
3706.17
3429.44
3191.21
3017.74
2901.07
2814.56
2761.71
2751.39
2760.36
2851.11
3033.14
3190.29
3399.46
3550.68
3579.93
3594.05
3668.57
3755.61
3840.45
3936.41
3921.87
3875.55
3858.26
3703.08
3444.57
3172.93
2948.68
2810.18
2727.69
2688.92
2741.64
2896.50
3147.65
3431.47
3634.03
3770.71
3914.42
4101.44
4181.72
4213.77
4216.20
4202.63
4262.87
4314.79
4271.78
4190.32
4139.54
3937.52
3611.68
3299.98
3052.76
2891.39
2785.48
2732.09
2754.30
2900.62
3146.02
3427.84
3666.85
3838.38
4015.69
4157.40
4276.42
4414.68
4474.13
4538.10
4620.73
4663.15
4616.64
4544.59
4480.34
4281.94
3948.93
3622.11
3360.06
3179.42
3052.82
2991.15
3015.54
3176.55
3438.48
3724.54
3972.22
4228.73
4502.52
4794.34
5115.86
5442.14
5691.06
5894.31
5980.44
6020.55
5791.35
5621.95
5453.41
5081.47
4631.00
4199.26
3854.80
3619.14
3460.65
3356.67
3346.56
3476.49
3703.60
4001.49
4292.10
4617.23
4956.65
5296.78
5624.92
5943.82
6142.27
6295.40
6306.16
6328.77
5998.86
5718.21
5513.24
5128.99
4644.44
4236.37
3905.13
3705.47
3548.91
3424.56
3396.09
3489.08
3681.03
4020.31
4379.40
4729.47
5090.52
5424.65
5699.24
5949.73
6132.69
6249.06
6239.06
6267.46
6138.29
5948.80
5718.08
5357.37
4929.39
4507.20
4152.68
3879.33
3688.20
3543.57
3459.51
3452.11
3498.99
3747.30
4067.53
4285.09
4364.30
4439.97
4640.90
4942.16
5107.03
5255.39
5330.90
5280.68
5115.70
4787.74
4496.54
4178.91
3811.84
3475.39
3193.82
3000.23
2842.21
2724.32
2639.88
2607.03
2595.03
2710.29
2885.42
3044.94
3184.43
3332.03
3493.67
3650.50
3797.86
3991.59
4198.78
4363.78
4305.95
4106.49
3996.33
3753.75
3447.99
3142.10
2897.10
2725.61
2618.67
2563.48
2589.36
2716.46
2905.44
3131.12
3298.43
3396.02
3531.80
3716.32
3882.17
4069.11
4256.65
4425.54
4538.46
4609.31
4542.88
4374.85
4277.16
4003.84
3654.38
3313.82
3059.67
2882.43
2771.81
2710.24
2724.22
2867.19
3100.61
3362.42
3579.54
3758.77
3937.78
4089.45
4220.15
4392.39
4480.08
4546.63
4628.64
4679.20
4556.29
4417.66
4321.39
4060.68
3716.76
3395.99
3145.38
2975.66
2870.46
2807.00
2812.58
2949.61
3186.52
3487.87
3755.22
3984.86
4184.81
4352.98
4495.86
4586.48
4673.07
4756.03
4819.85
4829.01
4754.48
4678.46
4569.87
4332.06
3984.66
3665.86
3437.47
3287.50
3204.87
3169.65
3219.50
3405.12
3702.31
4002.61
4217.24
4382.94
4541.47
4688.00
4822.27
4882.86
4907.68
4915.28
4976.83
5023.51
4952.95
4853.94
4754.59
4485.66
4114.14
3744.88
3461.68
3250.20
3102.66
3016.53
3006.86
3131.82
3351.25
3643.09
3913.50
4110.22
4286.31
4434.11
4543.36
4654.72
4754.63
4765.96
4766.39
4842.25
4740.94
4653.78
4569.84
4328.63
4023.28
3706.12
3429.79
3224.50
3076.80
2976.19
2925.06
2953.53
3042.77
3243.81
3526.55
3780.03
4030.52
4299.08
4547.16
4762.63
4858.95
4901.35
4950.12
4948.04
4891.06
4799.08
4734.98
4508.38
4201.03
3867.13
3567.42
3341.75
3193.11
3109.72
3066.85
3081.14
3128.46
3256.35
3428.97
3585.36
3729.25
3799.38
3783.96
3709.88
3641.45
3613.67
3632.95
3715.42
3742.84
3730.26
3678.45
3511.09
3278.15
3038.77
2861.41
2756.12
2705.75
2692.30
2755.26
2936.16
3210.07
3516.78
3782.11
3933.46
4074.94
4173.02
4225.85
4255.90
4239.20
4251.03
4271.50
4334.24
4310.70
4243.07
4154.46
3922.05
3625.29
3323.68
3083.00
2921.45
2824.22
2761.83
2765.91
2895.16
3136.45
3457.78
3749.98
4007.69
4298.29
4611.54
4896.67
5155.72
5311.15
5479.51
5634.95
5716.68
5595.07
5345.57
5097.26
4727.34
4268.99
3852.48
3515.96
3279.27
3107.69
2995.76
2967.30
3077.40
3289.44
3580.27
3849.64
4133.35
4440.98
4767.84
5080.39
5406.50
5614.71
5768.13
5862.94
5889.72
5738.63
5489.86
5250.14
4826.31
4366.42
3950.47
3611.53
3381.37
3220.84
3127.99
3110.49
3241.87
3485.88
3789.24
4100.93
4439.87
4847.84
5241.17
5567.89
5841.00
6065.52
6168.00
6179.42
6203.25
6078.47
5883.99
5653.83
5230.87
4770.81
4332.43
3978.66
3730.94
3561.88
3446.88
3418.65
3537.36
3762.28
4070.68
4410.73
4757.85
5128.69
5487.84
5793.97
6042.16
6081.93
6133.92
6134.37
6078.02
5852.64
5580.74
5358.58
5033.95
4637.70
4273.07
3943.26
3700.67
3508.48
3350.85
3238.65
3197.52
3188.67
3265.06
3406.17
3514.14
3600.30
3649.93
3664.94
3616.89
3604.27
3626.66
3637.50
3641.43
3614.86
3598.08
3529.49
3372.00
3166.07
2949.91
2750.88
2610.49
2510.05
2439.36
2412.58
2430.26
2484.61
2590.19
2766.41
2920.08
3040.05
3127.22
3176.56
3227.53
3306.85
3432.09
3592.08
3722.18
3776.54
3816.06
3801.89
3623.00
3359.67
3098.12
2914.20
2792.63
2720.70
2705.87
2777.48
2991.12
3341.56
3631.49
3838.98
4026.18
4225.36
4431.41
4655.26
4793.83
4914.48
5115.07
5325.27
5412.53
5261.58
5133.60
4964.98
4610.99
4186.50
3786.44
3477.92
3268.25
3112.17
3002.08
2975.37
3093.27
3324.43
3551.29
3716.81
3848.46
4006.50
4184.38
4394.28
4630.15
4794.54
4751.95
4786.38
4809.00
4691.16
4555.36
4387.88
4047.19
3670.92
3306.49
3034.95
2871.44
2765.94
2711.22
2743.06
2916.30
3233.91
3478.59
3609.66
3674.83
3737.73
3779.05
3796.51
3791.19
3776.56
3742.64
3750.98
3813.46
3803.57
3744.52
3577.63
3334.34
3051.67
2786.42
2588.07
2442.08
2360.89
2317.09
2349.11
2489.83
2756.30
2957.09
3086.15
3116.67
3144.99
3204.84
3259.47
3323.17
3403.92
3541.34
3650.37
3695.79
3634.61
3590.28
3502.59
3259.20
2961.68
2670.23
2462.04
2338.68
2257.26
2222.59
2244.44
2381.82
2639.46
2850.15
2950.95
2987.27
3037.21
3108.84
3163.74
3233.10
3275.41
3308.18
3397.45
3473.17
3456.70
3403.38
3308.48
3099.74
2857.33
2617.64
2430.85
2297.66
2214.41
2165.14
2152.36
2197.70
2265.97
2393.87
2540.51
2643.54
2705.48
2767.66
2860.34
2944.09
3019.40
3160.99
3346.15
3500.04
3478.10
3414.55
3322.30
3139.85
2918.68
2687.58
2508.12
2369.45
2280.76
2228.89
2206.46
2228.91
2283.76
2409.07
2569.45
2786.43
2930.67
3031.94
3120.60
3167.52
3173.72
3174.41
3216.10
3277.40
3298.43
3302.05
3239.95
3114.08
2947.26
2770.53
2613.78
2506.86
2426.03
2382.80
2394.27
2448.03
2523.29
2616.78
2808.11
2997.80
3142.94
3292.63
3437.72
3549.19
3672.38
3811.98
3956.52
4043.36
3948.31
3859.77
3716.70
3425.73
3098.19
2792.39
2573.25
2407.71
2309.97
2260.23
2282.72
2419.04
2676.77
2904.46
3065.50
3168.01
3265.73
3353.98
3471.08
3619.67
3729.10
3864.76
4024.12
4135.84
4066.68
3972.47
3827.21
3529.58
3186.05
2880.67
2654.53
2512.43
2424.52
2375.04
2409.04
2588.46
2900.89
3153.83
3337.57
3471.35
3627.13
3795.34
3993.07
4197.24
4343.04
4420.77
4475.90
4488.49
4427.25
4435.50
4327.03
4096.41
3755.00
3437.65
3207.66
3054.84
2947.57
2875.13
2879.55
3025.31
3343.14
3613.24
3759.49
3862.53
3969.91
3984.88
3973.37
3969.65
3935.09
3917.21
3937.19
3979.64
3954.88
3940.64
3806.48
3564.38
3269.63
2974.83
2743.83
2595.13
2499.12
2440.40
2451.30
2591.92
2862.40
3073.98
3152.78
3206.70
3246.86
3290.45
3320.24
3363.07
3391.72
3436.45
3544.42
3602.75
3519.29
3448.03
3317.30
3107.97
2855.16
2605.61
2402.43
2266.92
2177.87
2132.82
2123.14
2173.18
2272.35
2397.59
2534.55
2640.33
2697.05
2741.52
2810.80
2906.25
2983.05
3091.72
3230.79
3349.42
3344.68
3336.53
3246.24
3078.50
2862.69
2656.96
2476.67
2358.61
2273.61
2231.01
2212.46
2250.47
2315.53
2425.85
2604.43
2752.70
2861.19
3000.41
3142.76
3314.92
3528.71
3739.59
3925.28
4078.83
4082.66
4120.71
4027.90
3805.35
3503.54
3207.38
2975.00
2825.74
2726.40
2681.88
2736.90
2930.98
3267.23
3517.44
3669.82
3731.23
3819.83
3906.94
4018.32
4165.55
4295.38
4444.76
4595.79
4619.35
4480.84
4376.70
4143.39
3793.43
3404.40
3072.16
2827.88
2654.58
2532.99
2464.14
2485.11
2634.00
2926.07
3142.01
3238.08
3330.24
3411.44
3520.57
3630.96
3815.47
3944.68
3982.83
4032.02
4045.43
4014.04
4024.71
3878.69
3635.72
3341.85
3056.26
2866.83
2758.22
2705.26
2677.67
2722.67
2918.70
3292.00
3587.08
3769.95
3883.38
4024.83
4228.88
4461.11
4680.58
4890.27
5063.35
5138.29
5125.34
4940.08
4889.73
4638.38
4271.82
3863.23
3486.43
3191.84
3011.77
2890.55
2813.26
2816.65
2948.60
3213.09
3439.75
3561.64
3600.04
3701.83
3838.49
3886.92
3921.45
3973.70
4047.04
4064.81
4083.44
4070.22
4105.09
3987.11
3737.44
3424.27
3122.44
2880.33
2722.47
2630.61
2570.25
2591.82
2758.30
3079.04
3326.74
3465.92
3550.59
3618.75
3678.30
3718.21
3783.23
3815.08
3853.16
3931.27
3943.64
3910.77
3889.27
3757.63
3551.71
3299.86
3038.49
2808.08
2660.13
2560.59
2494.18
2479.91
2536.32
2650.17
2800.01
3003.26
3154.89
3250.68
3369.45
3572.72
3772.09
3925.92
4115.58
4219.65
4273.40
4182.23
4088.87
3902.83
3679.05
3414.83
3149.59
2917.55
2731.93
2591.05
2472.20
2394.37
2373.97
2392.52
2460.44
2589.88
2681.41
2738.64
2803.50
2900.64
2997.90
3110.33
3260.47
3443.83
3578.50
3537.67
3502.38
3344.83
3097.26
2814.90
2556.18
2367.82
2247.83
2171.42
2145.18
2188.93
2360.12
2662.84
2877.82
2969.55
3028.44
3105.60
3195.66
3273.91
3362.97
3437.51
3526.91
3649.52
3729.23
3684.44
3656.14
3457.91
3182.38
2876.80
2598.61
2406.80
2282.52
2207.37
2181.16
2199.71
2362.25
2664.36
2870.16
2940.14
2968.08
3057.19
3153.58
3233.11
3329.33
3413.68
3508.24
3631.13
3713.21
3715.76
3732.26
3561.09
3320.66
3032.65
2784.33
2606.93
2502.46
2445.47
2425.32
2485.55
2679.64
3042.82
3324.57
3500.37
3652.03
3777.35
3881.50
3971.86
4052.93
4077.57
4132.04
4220.11
4270.67
4279.20
4292.57
4129.29
3878.20
3564.95
3259.93
3034.90
2882.77
2785.63
2741.67
2781.96
2971.26
3314.97
3571.56
3750.35
3912.36
4034.42
4170.39
4231.99
4335.30
4390.69
4425.55
4433.45
4450.59
4442.68
4422.88
4269.50
4034.15
3692.47
3361.42
3107.72
2922.76
2803.52
2734.88
2726.96
2857.29
3126.81
3353.47
3464.10
3484.25
3448.46
3463.36
3411.94
3359.83
3389.73
3474.68
3598.62
3618.95
3538.30
3502.80
3337.36
3125.54
2884.47
2638.16
2434.94
2296.22
2201.59
2156.02
2136.87
2191.21
2305.84
2446.66
2580.93
2639.92
2664.05
2699.18
2734.69
2813.72
2924.45
3073.55
3225.56
3308.26
3294.19
3273.62
3128.08
2954.14
2747.52
2543.71
2370.32
2251.54
2167.77
2121.91
2103.93
2124.79
2194.79
2292.59
2422.35
2502.80
2519.61
2540.53
2582.28
2628.72
2715.75
2818.92
2984.06
3140.55
3177.48
3189.23
3054.32
2832.38
2583.87
2354.94
2208.06
2107.15
2055.86
2040.69
2089.52
2263.70
2587.67
2818.96
2945.94
2976.44
3087.78
3048.82
3031.38
3003.85
3098.23
3251.90
3420.85
3511.71
3574.54
3590.25
3433.49
3194.37
2910.97
2649.66
2460.76
2343.52
2270.70
2231.34
2271.14
2449.24
2773.68
2996.14
3109.22
3217.10
3346.40
3460.68
3473.87
3411.25
3358.01
3403.84
3452.90
3519.50
3547.00
3510.43
3315.70
3061.68
2764.48
2498.19
2302.62
2192.90
2122.21
2087.72
2127.31
2286.57
2599.54
2797.16
2834.09
2781.86
2751.29
2741.02
2769.64
2819.38
2882.64
2974.66
3093.12
3193.02
3255.75
3295.12
3145.44
2920.97
2648.93
2413.33
2243.82
2148.59
2100.79
2080.95
2127.49
2306.74
2623.87
2836.22
2865.09
2828.07
2827.99
2908.99
2916.82
2933.25
2969.68
3005.49
3053.85
3130.63
3224.97
3246.28
3103.85
2877.87
2613.22
2373.82
2214.24
2124.67
2074.92
2063.33
2113.28
2293.34
2621.82
2838.54
2863.64
2817.50
2772.85
2743.00
2764.43
2811.69
2841.35
2867.89
2955.98
3058.04
3117.81
3122.71
2985.87
2812.82
2597.83
2392.26
2228.33
2134.92
2074.45
2051.48
2061.21
2127.35
2260.48
2410.89
2530.93
2565.74
2535.27
2505.30
2506.48
2543.18
2567.08
2656.96
2819.34
2959.30
3032.08
3038.98
2908.90
2756.11
2577.73
2395.94
2243.63
2139.35
2073.01
2032.25
2026.53
2058.83
2140.82
2240.68
2377.50
2488.96
2539.74
2671.81
2741.86
2793.65
2854.92
2964.18
3109.54
3259.37
3349.68
3342.86
3200.03
3001.49
2786.38
2560.99
2395.44
2292.82
2236.17
2208.85
2260.79
2441.57
2775.23
3041.63
3179.21
3265.12
3324.77
3359.93
3359.65
3334.14
3298.90
3277.89
3320.67
3409.66
3448.00
3361.18
3183.42
2958.63
2695.70
2458.19
2288.50
2175.48
2138.78
2117.91
2160.89
2338.06
2671.10
2918.93
3014.65
3051.10
3066.63
3049.86
3046.60
3077.53
3093.05
3106.11
3176.24
3276.58
3381.30
3350.83
3185.23
2962.42
2694.24
2456.12
2281.29
2180.50
2123.78
2105.27
2149.51
2334.99
2673.86
2916.32
2993.30
2979.73
2931.63
2911.82
2949.12
3023.15
3091.67
3159.08
3241.42
3340.35
3429.95
3415.93
3242.29
3001.64
2719.92
2461.57
2286.75
2181.92
2122.68
2100.34
2144.61
2325.35
2656.39
2888.78
2935.99
2937.06
2943.94
2946.95
2984.13
3047.18
3100.85
3189.15
3310.51
3413.78
3477.62
3443.06
3306.84
3057.63
2774.97
2524.18
2337.93
2226.89
2161.17
2138.31
2178.30
2347.34
2669.98
2901.17
2990.97
3009.86
3027.34
3066.24
3127.48
3184.53
3200.33
3225.82
3301.65
3337.20
3386.17
3352.16
3191.49
2986.85
2758.27
2518.55
2323.51
2197.77
2124.12
2089.10
2087.48
2152.20
2281.02
2425.48
2586.67
2674.03
2729.61
2791.57
2781.34
2801.67
2805.31
2809.32
2849.10
2920.21
3008.59
2975.55
2855.39
2706.77
2533.20
2358.79
2210.95
2111.58
2047.69
2015.38
2009.13
2050.82
2140.23
2264.82
2434.20
2594.53
2702.03
2769.96
2833.94
2863.38
2865.76
2868.06
2927.01
3032.57
3119.53
3064.16
2933.27
2761.04
2564.96
2377.03
2234.02
2142.59
2095.28
2083.81
2130.00
2280.79
2540.74
2785.99
2943.15
3012.85
3048.93
3060.69
3074.04
3134.13
3119.57
3160.23
3298.06
3413.54
3509.11
3446.71
3259.37
3017.20
2739.35
2480.94
2292.37
2185.61
2120.22
2104.57
2148.59
2331.41
2665.23
2897.09
2951.23
2949.82
2950.88
2915.18
2928.06
2999.71
3067.87
3183.74
3321.97
3429.87
3502.94
3444.74
3264.25
3022.92
2729.55
2478.45
2298.83
2193.16
2134.41
2120.81
2166.84
2344.50
2684.28
2919.77
2992.08
3019.13
3052.91
3094.77
3129.85
3168.83
3192.82
3238.97
3320.62
3404.10
3502.11
3455.74
3287.12
3059.78
2785.42
2537.88
2364.05
2253.23
2199.67
2176.05
2225.23
2398.18
2729.34
2963.84
3010.47
3044.62
3061.75
3110.14
3201.54
3297.85
3378.39
3423.25
3503.61
3533.02
3594.87
3538.22
3392.49
3146.42
2858.32
2600.87
2408.21
2291.17
2216.39
2179.14
2216.79
2387.82
2720.81
2926.78
3014.86
3028.99
3084.74
3134.45
3208.12
3299.54
3384.37
3444.97
3520.90
3540.54
3549.49
3506.42
3347.32
3164.27
2914.53
2687.08
2507.11
2379.43
2296.01
2247.61
2240.80
2303.08
2445.07
2606.78
2761.52
2865.05
2974.89
3021.62
3031.60
3001.52
2986.42
3093.01
3178.29
3257.03
3363.69
3288.21
3101.73
2937.03
2691.11
2467.02
2300.31
2187.76
2093.83
2039.13
2017.29
2040.86
2124.48
2230.84
2351.53
2402.68
2423.51
2453.00
2550.82
2603.24
2596.97
2646.63
2756.70
2926.18
3087.55
3014.95
2906.43
2702.25
2477.40
2268.28
2140.38
2056.07
2014.37
2000.26
2062.52
2262.64
2627.23
2881.68
2918.19
2877.04
2849.51
2923.67
2956.26
2954.92
2885.81
2916.06
3035.98
3200.93
3371.81
3319.72
3163.71
2937.19
2666.99
2432.69
2272.10
2187.90
2146.21
2141.36
2199.87
2401.96
2776.84
3026.66
3047.94
2945.60
2835.60
2786.92
2739.37
2751.80
2784.08
2872.05
3030.75
3205.61
3362.79
3317.12
3159.14
2929.79
2657.35
2413.69
2248.44
2160.43
2115.87
2106.01
2164.52
2365.40
2717.00
2952.87
2990.63
2981.93
2919.04
2829.71
2828.86
2881.03
2948.09
3053.71
3176.71
3311.88
3414.21
3343.60
3179.64
2954.52
2688.61
2452.93
2274.11
2166.88
2112.02
2095.30
2142.49
2321.08
2654.91
2895.81
2936.26
2924.55
2925.24
2915.25
2889.42
2936.70
2995.62
3085.44
3186.03
3288.00
3390.90
3347.94
3193.72
2980.05
2717.91
2471.94
2297.87
2200.46
2143.41
2121.88
2175.21
2353.90
2679.55
2912.13
2973.62
2947.11
2922.02
2931.71
2960.00
3012.06
3015.49
3024.84
3092.58
3171.46
3233.36
3141.40
3004.98
2828.60
2604.72
2384.34
2217.15
2100.72
2036.46
2005.01
2015.64
2089.42
2234.53
2403.86
2542.19
2624.71
2667.65
2651.20
2564.22
2438.77
2447.90
2548.97
2710.69
2865.47
2976.21
2913.57
2804.41
2672.28
2497.07
2321.27
2177.97
2081.28
2028.64
2005.42
2017.17
2075.70
2192.82
2329.30
2456.96
2476.72
2439.56
2392.83
2386.54
2422.40
2521.40
2631.43
2782.41
2988.90
3146.20
3072.39
2941.36
2740.05
2507.69
2300.94
2158.89
2079.04
2039.69
2037.62
2100.19
2302.02
2663.50
2952.05
3062.32
3129.11
3158.61
3166.07
3152.59
3148.58
3146.28
3155.00
3201.85
3346.12
3435.05
3333.60
3161.66
2926.28
2651.93
2411.56
2249.50
2154.59
2104.83
2093.19
2145.77
2333.51
2676.80
2965.48
3111.78
3224.70
3311.14
3345.36
3337.32
3310.06
3272.66
3258.74
3322.81
3444.24
3459.06
3354.39
3176.39
2947.71
2675.24
2441.37
2277.97
2188.96
2142.94
2129.19
2188.05
2379.43
2727.16
2973.91
3052.42
3096.11
3123.81
3121.04
3118.87
3126.20
3110.36
3100.78
3152.65
3305.63
3411.85
3326.69
3181.14
2966.69
2695.79
2458.24
2292.41
2196.46
2148.92
2139.06
2200.15
2403.77
2767.03
3031.67
3075.65
3032.57
2970.34
2863.00
2844.17
2889.37
2888.67
2915.57
3024.75
3205.45
3356.91
3305.92
3180.29
2986.89
2734.04
2501.76
2345.18
2256.46
2214.00
2204.51
2263.87
2466.17
2825.20
3095.52
3161.62
3150.66
3108.02
3084.45
3053.82
3006.27
2934.09
2955.13
3076.96
3240.54
3324.49
3236.01
3114.73
2946.93
2720.52
2498.65
2325.36
2219.71
2158.42
2126.94
2144.34
2220.36
2362.60
2536.46
2731.84
2901.07
3018.60
3001.35
3049.66
3038.84
2998.37
2953.90
3011.03
3119.31
3147.34
3030.76
2906.85
2749.86
2571.96
2393.97
2246.57
2135.63
2073.92
2039.21
2031.20
2071.70
2168.09
2309.55
2449.51
2526.01
2530.21
2517.38
2577.95
2626.08
2623.94
2689.81
2849.41
2939.58
2958.12
2886.46
2831.92
2698.53
2499.09
2300.14
2153.69
2070.11
2031.27
2030.22
2098.81
2300.55
2665.36
2933.53
2999.38
2959.60
2861.98
2784.07
2735.92
2733.61
2738.45
2825.39
2992.70
3201.80
3365.89
3289.37
3144.31
2941.20
2697.72
2475.11
2323.05
2231.03
2188.57
2180.42
2246.91
2433.53
2753.10
3017.08
3088.55
3063.76
3049.87
3019.44
3065.09
3050.63
3010.15
3034.86
3135.97
3346.37
3456.42
3371.32
3219.43
2998.34
2732.62
2492.96
2335.13
2249.87
2213.10
2215.27
2303.35
2521.49
2918.43
3205.35
3236.20
3107.51
2979.72
2869.64
2815.48
2819.94
2842.31
2924.34
3092.72
3335.28
3513.04
3438.95
3320.35
3111.67
2846.69
2615.85
2456.21
2383.02
2353.84
2362.65
2440.18
2668.47
3058.98
3358.55
3370.45
3234.79
3089.60
2979.33
2903.53
2899.69
2936.28
3033.05
3182.29
3398.12
3554.07
3482.93
3352.40
3148.21
2870.37
2650.53
2505.95
2434.11
2404.15
2404.11
2481.12
2699.01
3087.67
3365.42
3377.65
3256.06
3105.10
2972.52
2888.89
2850.65
2853.36
2925.76
3079.59
3275.34
3413.78
3354.13
3251.97
3104.03
2906.59
2703.07
2550.81
2476.03
2434.04
2429.61
2465.15
2565.86
2745.42
2944.15
3076.94
3010.60
2883.05
2744.01
2650.03
2593.73
2593.71
2675.39
2851.84
3070.17
3217.96
3164.74
3080.25
2963.71
2803.84
2641.12
2513.91
2411.10
2370.83
2379.65
2420.70
2524.18
2678.38
2835.73
2884.54
2829.60
2696.34
2629.59
2648.98
2694.80
2783.30
2900.21
3158.08
3397.21
3340.06
3235.95
3095.81
2891.09
2680.57
2499.44
2394.11
2331.54
2311.35
2324.68
2419.22
2674.56
3069.76
3245.03
3158.60
3005.33
2917.19
2875.37
2863.53
2903.82
2972.62
3089.82
3275.90
3507.51
3438.94
3332.04
3170.16
2947.97
2686.80
2473.33
2352.85
2283.31
2255.36
2267.57
2360.08
2604.73
2980.28
3153.81
3074.01
2952.49
2885.69
2847.10
2846.21
2898.36
2965.71
3067.53
3249.28
3465.88
3405.95
3274.88
3112.92
2886.56
2613.40
2384.82
2243.30
2164.13
2124.63
2120.13
2189.42
2408.08
2770.22
2975.63
2967.99
2898.25
2842.97
2812.41
2788.94
2823.96
2893.61
3006.45
3185.39
3404.60
3356.83
3253.87
3110.71
2912.24
2678.60
2472.86
2344.59
2282.27
2253.33
2270.76
2352.56
2578.35
2915.52
3117.23
3076.18
2979.93
2896.53
2881.38
2869.99
2927.06
3024.44
3114.47
3317.87
3505.51
3440.22
3322.11
3162.51
2942.74
2676.47
2450.11
2294.91
2196.26
2158.20
2149.22
2207.18
2398.93
2741.88
2986.89
3111.00
3229.44
3288.72
3310.68
3311.58
3276.20
3171.10
3104.71
3219.81
3364.14
3279.61
3148.58
3011.67
2839.88
2640.89
2440.68
2294.96
2212.91
2173.32
2168.14
2200.07
2300.76
2462.96
2620.97
2685.19
2665.19
2603.33
2560.62
2570.76
2613.78
2797.65
2983.62
3094.07
3187.79
3140.56
3055.54
2959.47
2832.04
2668.69
2513.13
2388.13
2307.86
2270.65
2261.55
2278.16
2354.20
2484.74
2604.28
2648.10
2654.45
2678.87
2717.44
2793.61
2843.81
2912.47
3000.46
3223.73
3432.96
3377.02
3258.77
3106.55
2906.14
2674.78
2478.20
2338.99
2270.83
2245.24
2255.71
2355.59
2598.75
2988.65
3194.33
3155.35
3081.63
3157.87
3161.15
3216.01
3220.82
3209.70
3266.58
3487.95
3674.47
3630.42
3552.39
3394.49
3168.91
2900.75
2666.07
2515.13
2440.14
2400.00
2409.53
2493.20
2730.50
3111.99
3293.83
3218.76
3093.31
2988.80
2949.11
2989.04
3080.45
3117.48
3227.32
3464.62
3660.65
3639.88
3577.49
3434.21
3223.91
2950.07
2725.86
2587.87
2523.60
2500.25
2509.10
2604.19
2849.77
3235.22
3425.72
3327.95
3265.18
3277.54
3210.69
3133.40
3149.02
3149.43
3245.50
3468.29
3655.37
3600.43
3471.22
3311.14
3076.82
2788.39
2547.45
2384.79
2297.27
2257.98
2255.69
2333.03
2547.59
2905.06
3095.15
3064.52
2969.68
2890.75
2846.25
2839.01
2901.37
2964.43
3048.44
3242.06
3444.60
3390.11
3280.42
3132.81
2920.98
2653.59
2424.45
2281.72
2195.78
2165.13
2178.63
2270.15
2498.77
2870.39
3108.67
3113.18
3027.80
3022.86
3037.41
3056.23
3060.88
3084.34
3197.33
3413.96
3585.15
3526.32
3424.18
3308.91
3144.68
2929.22
2733.99
2591.46
2513.19
2479.81
2473.88
2515.31
2636.20
2818.13
2976.77
3013.71
2945.29
2840.04
2771.42
2749.32
2756.44
2857.58
2997.09
3252.24
3450.36
3402.11
3299.91
3191.52
3050.92
2856.93
2674.08
2516.79
2416.46
2366.70
2335.22
2355.12
2422.84
2529.14
2683.12
2809.13
2787.11
2731.41
2666.52
2669.76
2699.02
2801.48
2967.70
3244.72
3406.69
3340.27
3219.07
3078.92
2876.14
2641.14
2428.23
2288.57
2193.69
2149.98
2146.35
2218.48
2423.85
2781.77
3048.29
3146.24
3168.85
3158.52
3169.10
3168.41
3214.25
3230.00
3270.03
3477.93
3689.78
3669.52
3575.94
3442.52
3237.46
2973.66
2742.49
2594.77
2521.31
2494.75
2505.03
2605.20
2845.96
3232.28
3446.67
3391.98
3275.84
3172.28
3119.30
3107.59
3161.16
3227.87
3392.19
3667.14
3856.10
3840.14
3790.52
3674.72
3471.53
3206.71
2970.48
2799.72
2717.87
2675.92
2682.81
2760.49
2984.81
3326.43
3534.18
3518.42
3403.63
3303.60
3241.21
3185.92
3212.99
3290.29
3408.76
3638.83
3782.68
3777.41
3687.92
3562.62
3377.68
3126.55
2880.63
2700.07
2593.56
2530.98
2525.22
2568.29
2675.48
2830.85
3013.13
3125.13
3196.31
3203.43
3203.46
3202.48
3173.11
3117.78
2992.18
3007.34
3019.36
2950.56
2911.67
2864.94
2772.42
2618.01
2445.46
2318.83
2233.71
2201.26
2195.48
2244.04
2353.81
2527.73
2700.60
2894.90
3064.37
3147.49
3161.59
3170.69
3116.34
3120.80
3233.02
3429.23
3537.08
3493.53
3404.63
3303.72
3154.06
2971.16
2779.11
2622.01
2525.59
2475.00
2459.02
2479.19
2568.59
2713.51
2856.58
2925.28
2900.90
2866.58
2827.97
2830.88
2863.95
2960.46
3138.85
3408.71
3607.10
3573.56
3491.58
3412.94
3277.85
3073.81
2883.59
2717.68
2627.97
2563.19
2535.05
2555.15
2615.79
2714.65
2845.13
3002.87
3183.60
3337.00
3403.81
3468.07
3481.77
3490.55
3530.04
3704.52
3820.50
3758.66
3632.71
3492.29
3281.26
3028.46
2805.36
2654.05
2572.16
2536.80
2545.00
2631.85
2863.29
3246.78
3504.61
3544.88
3498.04
3441.00
3377.07
3341.61
3327.68
3361.38
3524.79
3806.25
3984.87
3952.94
3864.42
3732.78
3517.75
3230.29
2963.25
2816.19
2740.81
2709.08
2726.97
2831.96
3071.92
3462.24
3676.19
3680.62
3661.14
3644.63
3629.78
3595.46
3602.20
3597.67
3653.64
3885.42
4024.24
3971.68
3889.67
3723.24
3473.80
3165.46
2907.72
2730.45
2631.39
2587.59
2605.08
2692.75
2917.43
3305.63
3509.80
3451.35
3379.90
3306.44
3162.80
3112.59
3205.58
3235.31
3353.88
3633.15
3877.80
3865.91
3764.79
3621.33
3388.60
3091.43
2820.85
2654.37
2534.75
2497.89
2482.65
2542.79
2743.55
3100.11
3341.14
3383.01
3231.62
3146.88
3161.36
3179.26
3250.19
3284.18
3330.94
3523.67
3671.52
3616.54
3510.95
3370.83
3153.68
2882.92
2637.55
2472.21
2394.86
2357.53
2363.16
2453.97
2672.60
3044.48
3298.57
3342.33
3303.56
3256.11
3156.27
3104.16
3098.75
3164.75
3305.79
3571.36
3773.67
3738.11
3662.39
3556.01
3391.26
3166.78
2949.11
2772.49
2679.99
2637.17
2617.00
2642.73
2744.86
2915.69
3097.67
3252.36
3305.28
3254.16
3165.22
3148.59
3127.49
3101.78
3185.27
3440.22
3620.99
3581.05
3487.91
3380.48
3235.13
3039.49
2842.43
2679.22
2580.89
2520.35
2494.41
2511.03
2576.88
2689.29
2812.32
2912.09
2910.43
2876.38
2928.43
2915.27
2917.79
2976.82
3163.91
3495.37
3720.24
3694.28
3600.17
3457.47
3236.89
2958.21
2706.26
2519.53
2415.09
2366.20
2358.78
2425.87
2635.19
2977.88
3231.96
3322.77
3334.04
3350.92
3363.87
3346.52
3321.79
3290.59
3349.52
3577.97
3723.14
3669.30
3535.39
3360.96
3145.54
2856.55
2621.12
2466.86
2395.55
2376.84
2393.43
2490.16
2741.05
3137.77
3387.99
3391.35
3276.77
3243.84
3237.24
3162.86
3160.59
3215.79
3400.64
3714.23
3964.63
3958.88
3844.49
3704.39
3474.97
3169.29
2916.97
2732.71
2633.13
2588.31
2589.84
2662.23
2883.07
3255.83
3534.92
3615.18
3615.20
3638.14
3662.66
3679.56
3707.99
3701.16
3751.53
3978.95
4125.35
4087.49
3974.50
3812.57
3582.72
3270.16
2989.82
2813.66
2722.50
2691.81
2695.12
2779.36
3014.59
3403.61
3651.42
3699.09
3677.89
3647.46
3627.21
3638.89
3620.09
3622.79
3700.99
3942.05
4117.71
4076.95
3976.49
3830.69
3596.83
3270.94
2995.45
2801.88
2702.24
2656.03
2649.51
2728.93
2937.56
3282.95
3544.63
3644.81
3670.81
3627.80
3532.91
3457.56
3370.53
3328.23
3402.14
3639.59
3827.34
3780.95
3688.34
3558.11
3395.34
3172.68
2911.88
2715.27
2594.63
2518.66
2490.37
2502.56
2590.08
2740.87
2928.02
3137.70
3300.48
3377.95
3413.30
3395.34
3349.06
3305.70
3304.28
3442.92
3503.41
3399.40
3258.16
3124.54
2960.33
2745.64
2527.44
2362.71
2260.94
2217.75
2204.98
2238.79
2320.35
2448.00
2617.42
2795.31
2845.46
2847.82
2817.26
2800.76
2815.05
2916.49
3066.27
3395.86
3654.85
3650.56
3580.89
3474.10
3278.23
3019.63
2761.43
2607.34
2528.36
2498.82
2505.28
2596.47
2805.35
3185.92
3440.88
3514.76
3514.89
3420.20
3271.10
3132.99
3124.93
3184.95
3312.68
3593.81
3860.16
3847.80
3745.64
3596.70
3367.48
3069.13
2786.70
2619.03
2535.22
2507.57
2517.19
2614.14
2853.01
3229.48
3474.27
3432.54
3286.33
3198.63
3162.56
3077.09
3078.13
3150.08
3277.54
3571.85
3851.15
3851.86
3777.69
3659.20
3451.72
3155.71
2891.36
2733.27
2654.24
2626.75
2645.17
2740.49
2973.70
3368.98
3621.09
3613.34
3558.36
3490.39
3406.81
3318.33
3271.11
3370.87
3510.62
3759.89
3917.77
3860.14
3743.59
3585.76
3344.23
3028.99
2742.44
2548.42
2420.56
2355.95
2340.93
2394.31
2592.28
2936.88
3192.16
3246.86
3194.43
3161.95
3089.08
3013.54
2994.95
3027.96
3128.59
3390.22
3598.95
3565.33
3481.14
3341.83
3136.31
2848.52
2573.03
2380.56
2268.93
2213.22
2203.27
2267.43
2466.18
2806.53
3039.80
3063.76
2984.95
2915.65
2859.48
2823.71
2888.20
2973.11
3071.90
3318.67
3527.45
3484.37
3400.07
3308.93
3160.11
2943.64
2714.04
2529.83
2425.20
2369.51
2341.39
2370.55
2456.83
2629.22
2828.90
3041.24
3204.92
3294.61
3349.47
3377.71
3398.78
3415.51
3474.03
3638.22
3721.17
3656.51
3542.80
3415.03
3256.47
3043.39
2817.81
2632.11
2517.64
2444.87
2419.04
2430.29
2491.16
2621.63
2803.81
3010.34
3160.65
3181.64
3269.19
3193.46
3197.80
3261.62
3425.58
3728.47
3992.35
3989.62
3897.66
3792.06
3602.76
3338.10
3082.76
2911.23
2831.21
2808.58
2831.74
2942.49
3168.18
3544.44
3805.08
3802.07
3671.67
3547.28
3455.43
3398.13
3393.98
3475.75
3633.08
3938.57
4189.01
4181.81
4135.83
4007.51
3747.64
3425.51
3141.32
2947.27
2840.72
2793.19
2794.03
2868.28
3084.46
3453.43
3703.87
3717.20
3633.81
3552.38
3523.66
3455.38
3437.08
3462.36
3563.95
3850.76
4098.72
4008.14
3934.91
3852.22
3639.74
3320.02
3004.88
2813.25
2691.78
2631.96
2629.51
2688.19
2881.74
3225.67
3500.35
3608.49
3655.05
3577.84
3403.67
3219.90
3221.92
3361.80
3502.70
3774.61
4010.84
4011.66
3943.17
3819.84
3624.35
3342.70
3072.96
2872.89
2786.01
2745.34
2756.37
2838.86
3036.78
3358.56
3601.91
3642.25
3549.46
3454.55
3387.62
3355.14
3494.78
3559.08
3620.64
3905.45
4097.89
4094.16
4014.33
3913.04
3715.04
3439.17
3168.31
2980.14
2873.28
2809.30
2798.95
2841.70
2963.06
3126.02
3322.71
3571.31
3766.86
3887.64
3906.52
3863.15
3804.72
3774.71
3787.96
3937.62
4024.47
3882.95
3718.52
3602.25
3479.96
3300.34
3108.43
2917.47
2788.07
2712.80
2673.82
2671.96
2731.94
2838.98
3001.36
3214.94
3387.64
3472.86
3541.89
3565.87
3498.10
3387.80
3327.00
3441.98
3501.20
3447.28
3354.75
3286.85
3175.29
2984.49
2793.10
2629.35
2516.09
2460.41
2440.25
2454.55
2522.49
2617.20
2748.81
2830.69
2866.86
2895.30
2914.17
2908.26
2924.31
3011.07
3140.79
3429.92
3650.45
3622.41
3542.79
3408.99
3238.59
3021.95
2817.17
2656.87
2579.46
2551.30
2567.03
2647.56
2821.08
3055.71
3260.99
3422.74
3565.32
3714.45
3718.03
3684.14
3671.21
3667.74
3713.92
3899.40
4046.90
3979.23
3850.50
3694.36
3471.31
3202.67
2965.67
2780.82
2667.78
2619.56
2610.31
2657.57
2800.05
3024.76
3245.20
3374.34
3354.70
3266.36
3178.39
3182.62
3264.13
3322.05
3397.07
3614.28
3810.83
3746.53
3637.04
3484.55
3277.98
3027.77
2780.35
2605.88
2517.10
2470.64
2471.99
2518.73
2680.19
2914.10
3124.52
3282.28
3402.88
3474.02
3512.62
3526.23
3541.17
3525.44
3549.32
3731.55
3862.80
3786.61
3656.16
3498.98
3290.12
3026.38
2786.93
2613.46
2503.67
2439.01
2421.07
2473.75
2620.25
2845.81
3056.57
3220.23
3333.71
3399.01
3387.37
3370.72
3355.42
3331.93
3371.52
3537.42
3700.24
3632.95
3508.60
3369.02
3176.76
2936.60
2692.52
2515.37
2388.93
2324.61
2294.24
2322.83
2415.35
2574.48
2703.77
2837.80
2945.06
3054.86
3114.86
3159.69
3183.10
3196.55
3267.25
3469.12
3588.99
3478.50
3310.60
3148.00
2988.93
2793.70
2629.35