1142.19
1096.23
1069.37
1067.58
1072.91
1111.41
1163.58
1213.13
1261.56
1293.95
1311.29
1315.13
1321.46
1324.31
1332.19
1366.57
1473.54
1553.65
1521.12
1454.77
1386.24
1305.49
1214.32
1147.28
1091.63
1048.30
1027.49
1017.94
1024.98
1060.95
1118.09
1174.20
1260.48
1346.05
1388.27
1407.34
1390.72
1366.11
1346.63
1362.86
1463.25
1551.10
1520.72
1461.44
1394.38
1321.04
1233.91
1155.19
1097.15
1063.76
1049.38
1046.41
1061.99
1102.23
1155.22
1219.01
1298.90
1367.79
1412.35
1444.77
1457.88
1451.91
1444.53
1461.47
1557.63
1619.84
1577.67
1505.20
1424.05
1320.74
1216.58
1130.25
1081.80
1053.13
1042.36
1049.44
1086.86
1186.65
1318.44
1428.93
1479.33
1490.15
1489.43
1483.12
1469.88
1455.77
1442.65
1451.14
1540.05
1648.89
1625.26
1554.39
1468.71
1364.91
1257.24
1165.76
1108.22
1077.33
1063.11
1067.49
1104.42
1197.30
1333.44
1443.61
1497.90
1516.26
1528.64
1536.19
1528.07
1521.93
1509.61
1517.05
1601.34
1683.89
1653.01
1574.50
1485.03
1374.02
1263.36
1171.71
1109.90
1077.04
1062.89
1068.62
1106.47
1201.59
1338.57
1447.14
1499.43
1514.39
1518.19
1515.71
1502.79
1492.74
1488.89
1505.12
1588.51
1684.05
1661.44
1599.12
1520.12
1419.70
1310.23
1217.09
1154.59
1119.90
1104.48
1109.92
1149.24
1245.27
1387.26
1493.15
1528.73
1525.27
1505.20
1492.26
1478.32
1467.71
1472.13
1495.25
1584.09
1694.03
1676.99
1617.64
1542.06
1441.51
1336.62
1244.81
1188.99
1157.05
1144.47
1151.17
1191.51
1280.33
1416.08
1523.15
1558.30
1544.63
1522.73
1501.62
1478.59
1455.18
1452.13
1472.21
1561.86
1657.80
1641.28
1586.16
1522.98
1437.12
1336.63
1247.63
1184.05
1147.46
1131.86
1132.74
1151.30
1197.50
1269.41
1343.59
1411.74
1443.68
1442.48
1439.22
1426.97
1417.97
1410.80
1424.71
1507.81
1598.52
1572.75
1512.27
1445.04
1362.28
1274.23
1196.52
1137.12
1102.54
1087.02
1086.45
1099.53
1135.59
1193.15
1256.88
1325.55
1362.96
1366.37
1357.66
1352.21
1333.55
1335.67
1366.45
1489.22
1607.48
1584.16
1522.77
1450.27
1359.68
1264.28
1195.32
1148.73
1129.69
1127.39
1137.57
1184.39
1289.12
1441.75
1559.74
1598.23
1598.66
1594.45
1613.76
1610.40
1602.21
1584.12
1574.71
1634.49
1724.38
1688.82
1611.53
1525.20
1416.74
1310.22
1223.18
1166.27
1138.75
1127.48
1130.85
1170.32
1264.30
1405.84
1511.25
1545.85
1526.76
1504.93
1485.36
1474.15
1476.71
1474.92
1490.93
1571.58
1665.02
1638.75
1563.98
1479.47
1374.03
1262.77
1172.87
1117.32
1089.17
1078.53
1085.23
1126.23
1220.07
1359.79
1471.44
1517.59
1519.32
1518.57
1519.15
1484.03
1476.24
1479.15
1488.10
1562.68
1644.99
1612.60
1543.05
1457.46
1347.29
1233.42
1150.02
1093.23
1064.22
1054.70
1059.79
1100.13
1195.78
1339.53
1447.43
1490.75
1500.98
1500.81
1506.18
1506.40
1496.22
1483.05
1490.33
1551.35
1625.90
1599.03
1527.08
1442.99
1338.36
1226.65
1136.12
1077.98
1041.78
1028.47
1032.01
1072.68
1167.90
1303.44
1412.99
1462.15
1453.26
1428.51
1401.57
1380.52
1383.84
1386.79
1403.98
1473.75
1556.60
1532.67
1473.28
1403.48
1316.48
1213.93
1128.45
1058.53
1017.12
995.13
991.75
1004.38
1044.47
1111.15
1204.10
1299.37
1387.09
1435.35
1451.87
1441.57
1403.58
1373.71
1360.88
1418.68
1484.89
1454.87
1382.15
1313.58
1237.50
1153.74
1080.47
1020.25
987.61
969.78
967.53
982.22
1018.47
1077.15
1146.36
1223.31
1285.91
1325.66
1357.46
1363.79
1352.49
1341.51
1355.60
1436.82
1528.14
1499.79
1417.56
1342.09
1253.24
1161.69
1083.03
1031.73
1003.47
991.80
999.37
1032.42
1115.87
1226.16
1321.22
1382.59
1414.30
1436.79
1454.58
1457.07
1451.00
1447.70
1461.01
1528.50
1639.14
1613.97
1545.24
1468.85
1370.05
1266.33
1191.35
1141.43
1118.61
1116.48
1124.20
1164.05
1265.20
1411.56
1512.99
1547.97
1535.40
1510.35
1496.72
1501.78
1504.31
1497.31
1504.18
1566.84
1670.34
1647.41
1575.29
1494.86
1390.77
1287.10
1205.91
1149.35
1118.80
1107.23
1111.73
1146.98
1240.22
1381.95
1488.33
1522.26
1519.39
1505.75
1486.08
1482.55
1495.07
1495.22
1514.46
1585.71
1698.32
1682.73
1624.93
1550.10
1450.42
1348.05
1262.36
1208.12
1184.53
1175.79
1182.55
1221.76
1317.69
1461.27
1566.27
1610.41
1622.68
1630.31
1636.04
1639.33
1629.55
1601.17
1594.94
1647.61
1732.90
1703.93
1631.22
1540.14
1425.52
1309.78
1216.21
1156.23
1122.93
1104.87
1108.05
1147.89
1242.24
1385.56
1493.22
1533.72
1544.46
1513.39
1470.55
1451.35
1450.80
1445.49
1447.42
1505.19
1585.92
1563.22
1498.95
1432.61
1348.94
1256.01
1172.70
1110.79
1079.84
1066.89
1068.76
1091.77
1143.39
1222.09
1305.82
1386.28
1427.21
1444.06
1451.64
1442.52
1430.79
1430.19
1463.45
1555.55
1672.55
1662.78
1608.01
1542.10
1465.93
1378.07
1301.33
1246.85
1215.34
1200.29
1197.45
1209.96
1245.63
1302.80
1373.21
1442.01
1477.23
1486.93
1490.77
1479.81
1462.11
1465.67
1495.39
1573.20
1677.99
1660.85
1607.76
1522.56
1424.89
1324.05
1247.65
1205.41
1186.58
1178.97
1189.68
1233.05
1331.37
1475.86
1582.94
1613.69
1588.73
1569.06
1549.56
1524.22
1504.98
1493.64
1516.30
1594.90
1724.72
1710.41
1641.90
1559.14
1449.10
1338.77
1251.28
1196.77
1170.85
1165.42
1177.83
1222.65
1321.53
1470.71
1573.17
1587.12
1556.85
1540.57
1546.51
1546.16
1536.82
1533.77
1549.82
1606.90
1691.99
1673.34
1601.90
1512.18
1402.73
1287.38
1197.44
1144.86
1113.31
1099.37
1103.29
1141.01
1236.15
1379.57
1476.74
1522.11
1529.90
1528.91
1518.97
1508.82
1506.51
1494.63
1494.48
1549.12
1662.41
1647.15
1575.12
1490.48
1381.80
1267.06
1176.57
1112.49
1070.95
1060.63
1067.99
1110.55
1207.71
1357.03
1468.78
1520.51
1541.30
1552.34
1555.00
1536.74
1520.04
1504.08
1519.71
1587.95
1716.41
1717.00
1662.09
1594.75
1499.51
1401.13
1323.33
1273.21
1252.22
1249.41
1249.19
1294.42
1393.48
1543.69
1658.93
1715.30
1712.06
1708.90
1697.86
1681.42
1650.14
1624.32
1628.45
1685.55
1790.94
1782.45
1719.55
1651.76
1566.99
1464.50
1375.35
1317.46
1286.49
1272.73
1270.76
1284.94
1330.13
1399.91
1474.54
1542.40
1574.95
1576.54
1558.99
1528.16
1497.52
1487.01
1513.47
1588.66
1711.48
1707.34
1649.69
1582.93
1504.14
1418.70
1343.65
1290.31
1260.40
1246.89
1241.07
1257.27
1297.18
1361.09
1436.15
1503.50
1529.06
1526.85
1505.39
1485.11
1459.11
1461.19
1488.45
1557.91
1690.24
1681.64
1618.27
1535.87
1438.85
1345.41
1275.34
1233.80
1218.05
1212.30
1227.47
1265.18
1365.13
1517.78
1625.00
1669.73
1678.91
1679.36
1681.20
1681.31
1672.31
1651.19
1646.40
1694.89
1771.97
1731.18
1637.05
1541.40
1428.73
1319.12
1229.07
1172.79
1139.24
1123.84
1125.70
1151.46
1222.31
1323.30
1412.14
1483.52
1526.80
1559.14
1582.55
1588.03
1571.35
1545.32
1537.58
1572.20
1679.74
1656.15
1568.86
1473.39
1367.93
1256.15
1171.55
1118.62
1090.68
1080.56
1088.77
1129.68
1227.81
1371.90
1470.45
1517.52
1528.70
1533.63
1533.04
1532.17
1528.15
1512.03
1511.16
1555.98
1658.55
1644.14
1570.81
1486.13
1376.96
1269.67
1184.20
1129.32
1104.52
1098.49
1097.40
1137.54
1234.82
1376.97
1474.29
1507.90
1510.24
1503.93
1505.26
1505.10
1498.21
1476.70
1462.20
1502.50
1624.08
1639.77
1581.16
1508.52
1411.62
1313.06
1229.11
1181.21
1158.82
1149.75
1157.31
1197.59
1290.49
1434.17
1537.02
1589.02
1620.52
1641.52
1636.32
1615.22
1570.68
1529.39
1511.80
1530.94
1611.89
1606.03
1534.81
1460.05
1374.76
1272.28
1186.90
1125.28
1092.96
1077.78
1076.38
1093.04
1138.06
1214.58
1292.64
1356.65
1380.00
1380.23
1381.07
1375.91
1353.26
1333.79
1340.48
1400.01
1524.46
1541.36
1485.33
1419.21
1346.49
1264.81
1191.90
1140.11
1109.56
1097.88
1098.09
1114.24
1153.54
1215.41
1290.45
1377.97
1445.51
1497.46
1528.12
1549.07
1552.87
1552.79
1560.44
1602.06
1680.95
1635.88
1503.26
1429.23
1346.86
1269.19
1190.27
1133.72
1112.93
1108.18
1124.10
1167.29
1271.88
1428.73
1531.87
1573.59
1580.69
1582.77
1574.64
1552.58
1530.66
1505.85
1506.37
1559.18
1695.46
1720.74
1660.92
1581.75
1477.05
1372.95
1288.64
1237.07
1212.82
1198.87
1206.35
1238.16
1334.43
1479.28
1577.03
1629.79
1648.05
1666.83
1673.41
1658.39
1641.06
1621.97
1608.20
1640.49
1736.04
1734.82
1657.02
1570.22
1461.81
1349.42
1267.17
1212.15
1191.49
1186.76
1200.30
1246.10
1349.92
1499.92
1606.32
1639.45
1621.79
1595.98
1588.66
1580.84
1562.35
1542.99
1538.60
1580.39
1708.29
1730.10
1671.80
1593.50
1487.18
1374.69
1285.86
1230.32
1197.57
1188.39
1196.53
1235.27
1338.35
1488.06
1587.41
1617.06
1604.95
1605.78
1600.42
1574.47
1548.45
1538.62
1548.93
1594.11
1720.19
1748.09
1687.00
1611.25
1509.56
1401.04
1315.71
1264.74
1242.75
1235.56
1248.65
1294.94
1398.32
1545.89
1647.66
1679.66
1670.85
1662.63
1642.78
1612.47
1595.73
1577.68
1577.81
1608.51
1704.56
1716.16
1656.21
1586.77
1500.07
1394.91
1300.61
1240.73
1210.06
1194.23
1195.88
1213.11
1264.89
1342.69
1425.55
1495.11
1519.78
1509.02
1487.50
1451.98
1418.30
1395.70
1412.56
1472.66
1589.20
1605.55
1543.74
1466.22
1378.35
1286.77
1203.18
1143.76
1108.10
1088.81
1083.72
1092.62
1127.14
1187.01
1270.47
1357.18
1427.75
1455.16
1461.15
1450.07
1425.64
1404.00
1404.55
1452.77
1568.47
1572.48
1498.69
1414.52
1324.14
1231.95
1153.69
1104.42
1080.66
1071.45
1077.70
1115.94
1206.20
1341.02
1441.99
1500.67
1543.18
1571.81
1583.52
1577.92
1568.20
1552.68
1553.66
1597.58
1694.11
1679.90
1593.05
1496.87
1387.16
1277.34
1191.84
1136.49
1111.75
1101.21
1103.77
1138.00
1213.47
1339.26
1444.52
1521.68
1552.35
1556.47
1562.88
1558.22
1540.42
1514.13
1502.30
1533.80
1628.13
1634.24
1553.51
1465.29
1362.01
1265.88
1185.45
1138.68
1118.26
1114.47
1130.08
1171.00
1275.23
1431.42
1533.03
1557.60
1546.25
1534.21
1523.42
1503.22
1488.80
1472.49
1485.36
1542.49
1664.77
1705.39
1643.48
1569.07
1465.96
1353.04
1261.62
1200.66
1168.22
1154.87
1159.81
1198.61
1296.13
1444.85
1548.39
1593.44
1596.87
1597.93
1592.16
1586.97
1589.74
1566.91
1567.61
1593.26
1682.48
1697.47
1626.80
1539.13
1430.25
1314.82
1219.36
1163.33
1133.16
1122.70
1125.78
1165.93
1258.35
1392.91
1493.49
1561.36
1590.73
1600.93
1603.27
1588.88
1576.04
1545.64
1534.60
1559.05
1635.19
1642.62
1574.29
1495.99
1400.70
1295.38
1203.39
1143.52
1106.46
1087.90
1084.57
1100.94
1143.86
1213.09
1295.15
1371.34
1406.98
1417.85
1408.25
1391.51
1378.07
1372.23
1387.70
1437.82
1532.59
1561.04
1505.42
1442.33
1365.89
1279.97
1203.71
1151.34
1122.05
1111.36
1110.78
1123.94
1163.93
1226.41
1294.10
1347.19
1376.60
1382.36
1372.74
1350.03
1320.04
1306.46
1324.08
1393.63
1513.56
1552.96
1500.75
1430.05
1347.30
1261.09
1196.19
1157.81
1139.66
1136.03
1146.26
1184.36
1276.70
1408.81
1510.00
1574.53
1600.88
1596.29
1585.19
1585.97
1586.44
1567.45
1561.35
1590.18
1663.85
1656.44
1572.43
1473.07
1361.22
1256.20
1174.96
1122.23
1097.19
1083.70
1085.60
1122.40
1207.78
1328.56
1417.01
1464.37
1458.88
1438.01
1426.38
1412.57
1405.25
1398.05
1403.04
1444.32
1534.58
1558.82
1495.42
1416.76
1330.13
1232.62
1143.95
1084.95
1058.49
1045.15
1050.53
1089.99
1183.55
1313.20
1390.86
1410.04
1393.75
1372.37
1364.73
1362.56
1371.45
1365.89
1355.70
1384.50
1487.84
1520.81
1460.80
1382.60
1282.10
1181.62
1095.76
1041.44
1007.31
995.80
1004.33
1044.75
1141.03
1273.80
1362.72
1401.63
1397.86
1400.54
1409.49
1386.82
1364.56
1346.34
1361.60
1414.08
1522.86
1569.33
1515.96
1444.33
1351.79
1252.82
1175.56
1128.21
1101.76
1092.98
1094.78
1135.95
1230.57
1354.63
1436.28
1459.75
1449.88
1425.92
1402.87
1373.53
1345.33
1326.11
1331.59
1381.55
1490.96
1533.96
1485.31
1422.06
1344.47
1250.84
1169.99
1114.01
1087.29
1075.54
1077.24
1095.75
1139.59
1210.38
1298.47
1390.96
1447.31
1477.72
1491.96
1485.03
1461.28
1432.14
1421.83
1436.03
1495.33
1504.51
1442.20
1371.42
1288.65
1199.41
1120.98
1061.50
1026.03
1008.86
1005.29
1016.69
1055.61
1112.37
1184.10
1256.42
1290.26
1295.90
1307.52
1305.89
1292.19
1290.97
1305.82
1356.69
1454.53
1476.12
1414.25
1331.98
1237.20
1135.94
1062.59
1016.60
994.37
987.42
995.31
1034.02
1133.95
1284.17
1386.25
1433.45
1457.00
1473.95
1485.72
1476.61
1461.62
1438.59
1411.76
1446.09
1546.98
1595.83
1543.74
1466.99
1375.42
1266.03
1190.24
1151.35
1139.87
1139.89
1155.81
1209.45
1321.85
1477.92
1581.11
1597.65
1583.82
1564.84
1547.27
1525.29
1508.57
1498.59
1510.18
1572.05
1675.80
1726.83
1664.19
1581.14
1471.80
1357.17
1272.75
1218.74
1187.01
1172.40
1175.41
1211.22
1307.91
1441.84
1518.69
1516.11
1481.93
1470.76
1477.37
1480.44
1479.55
1458.97
1449.05
1480.72
1576.89
1603.44
1538.72
1460.75
1357.64
1253.10
1167.99
1110.73
1082.82
1073.30
1082.14
1126.69
1213.97
1357.21
1437.40
1453.18
1434.74
1421.97
1418.90
1402.66
1384.67
1368.40
1388.41
1451.96
1560.66
1622.71
1577.16
1512.20
1417.72
1313.57
1230.87
1184.29
1168.04
1150.49
1158.63
1196.51
1297.49
1435.30
1530.61
1563.87
1559.48
1551.01
1536.49
1514.88
1479.46
1458.62
1464.47
1505.00
1587.11
1627.44
1573.92
1507.88
1420.10
1324.27
1244.00
1193.37
1165.97
1152.71
1154.79
1174.42
1226.73
1295.80
1357.63
1402.21
1419.53
1409.91
1384.76
1357.43
1325.26
1316.80
1345.00
1399.92
1491.98
1547.30
1496.49
1432.50
1353.14
1267.51
1196.44
1143.03
1117.14
1106.03
1107.60
1124.60
1166.07
1222.74
1275.30
1321.33
1341.23
1337.68
1325.94
1308.73
1278.73
1263.85
1282.52
1355.89
1466.49
1524.73
1473.80
1397.15
1304.29
1210.64
1141.03
1103.47
1093.43
1089.82
1107.21
1154.76
1259.82
1406.58
1480.23
1473.29
1450.19
1427.22
1405.97
1382.84
1359.47
1341.06
1351.07
1408.98
1514.74
1581.54
1527.58
1445.68
1340.04
1232.50
1147.19
1091.48
1063.89
1062.21
1076.08
1116.13
1215.16
1352.45
1433.11
1429.43
1393.33
1373.05
1359.00
1335.40
1323.61
1308.81
1318.49
1365.63
1457.16
1523.89
1467.90
1391.91
1291.97
1186.61
1108.45
1060.90
1037.33
1031.82
1042.41
1088.20
1196.53
1338.78
1402.56
1390.57
1357.25
1334.46
1316.52
1295.87
1280.83
1265.30
1275.65
1317.58
1409.82
1481.84
1439.92
1362.10
1264.85
1163.06
1082.85
1031.92
1006.44
1003.90
1003.66
1041.88
1141.37
1275.47
1362.44
1381.63
1361.72
1350.00
1334.48
1284.38
1265.13
1249.93
1259.87
1296.76
1364.72
1432.76
1386.71
1309.83
1202.74
1098.93
1017.92
960.90
930.55
915.11
919.20
950.86
1042.37
1165.35
1239.42
1256.49
1251.91
1248.60
1240.06
1220.98
1209.90
1194.73
1201.94
1241.20
1313.68
1372.22
1321.51
1262.01
1186.38
1098.20
1028.80
985.29
968.93
968.18
975.34
1008.00
1062.01
1131.34
1203.16
1246.28
1263.58
1261.66
1243.83
1218.20
1193.59
1176.79
1194.45
1249.90
1339.92
1401.59
1363.08
1301.29
1227.97
1145.88
1073.46
1022.34
1008.23
994.11
981.63
986.48
1011.85
1056.68
1114.45
1170.07
1218.60
1256.46
1272.16
1279.96
1287.45
1294.04
1292.23
1317.86
1394.07
1463.15
1506.29
1461.43
1379.62
1284.38
1206.63
1164.51
1136.07
1122.19
1131.44
1178.57
1280.81
1440.51
1551.17
1601.70
1597.63
1581.04
1564.64
1538.75
1510.68
1473.01
1462.95
1489.55
1560.56
1613.81
1642.36
1581.21
1480.93
1365.75
1276.50
1217.72
1187.22
1175.63
1183.74
1227.86
1320.24
1468.70
1563.95
1565.81
1535.64
1507.86
1473.50
1455.97
1442.77
1396.36
1361.76
1375.66
1444.09
1490.83
1515.10
1455.66
1353.43
1236.50
1150.00
1097.55
1070.67
1071.15
1084.07
1123.95
1220.81
1367.80
1462.10
1469.39
1432.86
1396.55
1363.45
1328.11
1298.14
1268.17
1255.05
1270.02
1316.39
1351.46
1391.65
1347.83
1260.61
1158.11
1074.55
1018.85
995.07
985.89
993.58
1031.08
1125.72
1276.11
1378.96
1423.02
1437.14
1440.95
1437.78
1425.48
1413.40
1405.28
1395.35
1407.61
1445.11
1459.10
1448.43
1383.34
1290.49
1185.71
1098.73
1046.95
1024.81
1019.44
1031.69
1075.22
1175.50
1327.17
1436.57
1466.68
1445.89
1424.58
1405.81
1369.30
1338.40
1301.15
1283.30
1300.01
1353.90
1399.76
1439.44
1400.49
1328.13
1235.54
1149.38
1090.11
1062.22
1045.85
1045.78
1063.59
1108.77
1182.56
1260.29
1303.40
1305.93
1277.05
1234.19
1190.70
1146.40
1112.01
1106.26
1132.34
1193.95
1236.30
1277.65
1250.13
1188.52
1111.95
1042.07
994.85
968.45
958.13
958.50
973.42
1010.74
1068.06
1135.73
1188.54
1203.49
1185.45
1160.33
1129.98
1091.49
1067.04
1069.22
1109.50
1183.21
1235.47
1279.26
1238.85
1153.03
1056.95
985.11
945.60
928.56
925.77
944.10
993.99
1100.30
1259.09
1360.17
1363.90
1333.99
1304.59
1280.40
1253.66
1232.71
1209.74
1199.23
1219.36
1281.62
1318.76
1350.35
1299.72
1199.67
1096.68
1014.29
967.34
944.54
940.05
953.20
998.11
1103.73
1259.05
1350.37
1355.61
1318.16
1285.47
1265.40
1239.45
1220.48
1197.55
1193.16
1220.30
1277.41
1307.36
1341.54
1287.99
1189.53
1079.50
995.48
943.29
920.56
911.69
922.48
963.15
1063.34
1215.73
1311.16
1339.09
1332.29
1330.42
1332.37
1323.26
1300.70
1282.57
1259.94
1270.08
1321.38
1351.56
1362.06
1302.37
1198.38
1089.50
1000.91
947.21
916.28
901.47
905.53
939.28
1031.24
1176.32
1279.18
1326.12
1340.73
1341.52
1334.32
1311.72
1284.86
1257.21
1237.40
1243.13
1280.29
1311.11
1339.57
1288.08
1189.18
1079.79
989.65
930.69
898.12
882.13
885.25
917.23
1000.77
1136.30
1238.65
1299.24
1331.81
1353.49
1363.69
1354.39
1324.61
1275.81
1248.08
1263.57
1287.16
1289.41
1295.82
1245.17
1157.66
1063.78
980.39
922.45
888.79
870.54
868.58
883.77
925.27
993.08
1065.62
1130.99
1160.17
1151.08
1123.50
1095.75
1066.95
1044.71
1043.86
1076.04
1133.80
1168.56
1201.86
1175.87
1111.68
1034.66
960.63
909.24
880.07
863.21
857.38
867.03
900.33
948.17
1023.62
1125.60
1211.68
1267.04
1306.44
1334.62
1335.40
1324.04
1320.62
1350.93
1380.20
1359.13
1324.85
1256.09
1163.70
1064.08
986.02
935.61
906.82
896.77
910.18
958.87
1059.86
1210.50
1303.67
1341.48
1336.63
1320.05
1301.56
1281.99
1249.72
1222.08
1212.45
1243.75
1307.37
1348.49
1381.92
1345.68
1254.07
1145.35
1062.03
1013.19
989.09
979.83
991.99
1035.38
1136.29
1285.08
1362.54
1358.51
1323.27
1288.87
1262.96
1236.34
1215.03
1191.73
1184.19
1207.10
1264.59
1302.01
1335.89
1296.97
1201.03
1092.40
1006.77
952.87
927.13
909.60
915.77
957.13
1054.83
1198.33
1286.34
1318.89
1331.01
1333.88
1331.39
1326.02
1316.88
1306.81
1296.28
1310.23
1348.97
1361.74
1349.13
1284.16
1181.68
1074.26
990.51
931.81
897.17
879.69
884.78
924.91
1009.47
1161.69
1272.32
1334.60
1356.29
1372.97
1377.23
1353.71
1338.22
1325.42
1332.91
1364.78
1423.04
1429.60
1426.03
1378.43
1287.21
1183.72
1092.93
1038.74
1013.90
1003.25
1009.86
1050.12
1141.94
1282.88
1371.58
1397.59
1386.28
1370.07
1350.61
1330.61
1318.93
1303.97
1304.99
1330.46
1363.75
1385.46
1409.60
1376.24
1296.47
1197.92
1104.79
1045.62
1010.73
997.52
999.01
1016.69
1063.80
1134.62
1200.45
1241.74
1252.27
1234.26
1207.24
1173.12
1135.57
1103.81
1092.91
1121.69
1181.67
1224.63
1270.06
1262.46
1202.02
1121.88
1049.18
997.75
965.88
957.88
958.91
972.87
1008.75
1063.25
1132.51
1185.58
1197.73
1180.18
1154.43
1118.49
1071.29
1037.34
1028.62
1060.95
1108.80
1151.00
1200.61
1194.08
1117.95
1026.23
953.93
911.30
890.61
890.10
892.66
934.48
1035.00
1180.10
1285.41
1335.49
1351.95
1348.23
1347.93
1334.38
1310.16
1283.74
1275.31
1296.86
1345.68
1356.54
1360.58
1313.17
1214.33
1103.05
1011.55
958.24
931.38
917.14
923.05
963.23
1059.55
1206.42
1286.68
1303.55
1294.35
1269.47
1254.00
1238.45
1222.72
1194.72
1193.47
1215.47
1271.26
1291.98
1310.43
1269.92
1170.61
1061.28
974.50
922.96
899.20
889.62
899.15
940.87
1038.81
1182.97
1268.75
1274.26
1263.09
1261.07
1258.35
1246.95
1236.05
1216.97
1199.47
1207.93
1247.60
1268.30
1293.78
1262.15
1161.47
1051.29
962.40
906.29
878.73
865.19
868.28
903.65
994.62
1133.43
1220.31
1232.13
1220.99
1219.92
1225.39
1215.11
1203.53
1184.96
1178.63
1192.44
1233.11
1253.32
1275.12
1252.27
1154.63
1045.71
955.90
897.41
867.71
853.21
859.81
896.19
987.71
1120.94
1206.68
1225.79
1216.24
1205.44
1196.75
1185.20
1176.98
1162.37
1157.54
1170.87
1202.76
1211.90
1225.93
1204.80
1121.02
1025.12
938.86
877.36
842.45
825.19
820.69
835.96
876.08
935.29
1010.02
1075.79
1104.60
1109.88
1098.20
1077.89
1061.18
1061.13
1082.73
1111.30
1153.15
1167.53
1185.37
1167.98
1092.37
1004.28
923.22
866.02
830.79
809.68
801.64
803.03
825.29
867.49
927.96
1002.96
1056.25
1078.92
1094.72
1112.64
1101.28
1079.84
1083.86
1122.82
1186.00
1207.35
1223.00
1185.26
1092.97
993.20
916.95
871.58
847.97
837.66
844.75
886.50
987.36
1125.29
1229.97
1279.40
1304.86
1322.96
1323.96
1313.35
1303.26
1279.28
1250.61
1258.56
1299.96
1315.53
1319.12
1287.73
1190.29
1085.95
1001.00
948.53
919.71
902.54
907.46
942.80
1042.09
1176.09
1254.45
1264.92
1272.67
1270.51
1246.99
1232.10
1213.15
1196.86
1195.96
1212.64
1252.32
1271.77
1284.68
1254.16
1155.43
1042.23
953.92
900.33
870.43
855.96
860.21
894.39
987.74
1121.95
1210.27
1232.83
1227.50
1212.95
1204.06
1192.97
1187.40
1182.40
1183.24
1201.31
1244.27
1262.06
1273.33
1249.03
1156.36
1046.47
957.13
899.00
870.68
859.57
865.55
901.79
996.95
1132.32
1220.56
1251.78
1264.46
1285.78
1299.83
1296.25
1290.27
1279.33
1282.04
1304.32
1349.71
1355.14
1345.91
1292.05
1199.69
1094.97
1010.19
955.78
924.84
910.62
914.99
950.19
1044.96
1180.23
1290.15
1367.66
1413.33
1444.78
1454.51
1446.54
1429.42
1405.16
1387.29
1391.04
1410.91
1402.00
1384.08
1334.18
1248.75
1146.63
1054.56
992.61
957.35
936.72
929.44
939.85
979.14
1040.78
1121.42
1204.44
1258.11
1271.07
1262.31
1227.42
1185.76
1171.60
1176.48
1195.99
1218.84
1221.90
1233.60
1217.57
1147.59
1063.76
985.66
930.87
900.56
883.95
881.00
891.82
924.89
972.13
1026.36
1080.14
1109.31
1113.47
1120.10
1118.29
1102.16
1083.55
1089.38
1125.32
1175.04
1197.09
1218.41
1203.64
1117.56
1021.02
943.79
898.07
877.42
869.67
880.52
922.05
1023.69
1162.10
1244.34
1254.76
1232.51
1223.52
1232.01
1238.17
1235.35
1226.20
1212.74
1213.55
1252.26
1265.22
1271.78
1256.94
1159.29
1049.03
962.65
909.40
881.46
870.64
878.57
916.36
1015.47
1151.13
1230.23
1241.96
1235.37
1237.96
1247.28
1253.52
1250.37
1242.33
1228.55
1228.28
1249.55
1262.18
1273.16
1257.11
1162.50
1047.95
957.75
904.37
874.29
860.67
867.48
905.22
1000.22
1133.33
1218.52
1240.52
1235.54
1252.79
1284.90
1307.58
1312.68
1280.57
1256.71
1287.82
1355.63
1342.32
1322.38
1286.29
1200.19
1097.98
1019.46
976.07
953.06
943.13
955.37
996.63
1100.05
1238.78
1328.21
1358.13
1354.22
1356.60
1366.37
1351.53
1340.05
1324.55
1310.18
1314.26
1353.56
1370.56
1384.00
1370.15
1275.69
1159.16
1066.81
1008.75
978.41
965.36
972.11
1008.45
1100.06
1228.51
1298.45
1304.37
1287.56
1277.35
1262.98
1243.77
1217.44
1179.63
1155.46
1165.80
1202.33
1221.51
1233.47
1234.30
1161.81
1067.82
979.78
928.01
898.17
884.29
883.83
899.52
942.93
1001.58
1057.59
1095.16
1106.56
1093.02
1074.44
1061.88
1048.58
1035.71
1037.48
1059.26
1101.63
1116.26
1127.04
1128.61
1065.49
981.98
909.14
855.51
825.23
808.80
803.09
815.24
844.11
879.47
947.24
1026.18
1087.88
1125.41
1158.64
1164.84
1146.01
1134.48
1142.38
1175.75
1209.86
1203.61
1187.72
1159.93
1081.09
988.95
919.28
881.43
865.12
856.50
868.82
908.21
1004.57
1125.49
1222.22
1264.64
1270.79
1261.03
1249.80
1236.56
1227.07
1208.01
1191.69
1199.12
1252.59
1275.74
1280.08
1276.83
1195.06
1094.09
1011.86
956.92
925.06
915.79
928.91
966.86
1048.29
1164.57
1250.65
1276.95
1273.39
1254.61
1235.85
1217.54
1203.04
1177.72
1165.49
1172.54
1218.39
1235.92
1241.86
1237.62
1152.59
1047.86
962.18
905.28
872.01
859.03
861.70
892.87
974.94
1090.82
1198.92
1265.46
1289.67
1294.47
1289.71
1259.09
1223.81
1221.94
1236.62
1256.52
1300.29
1303.13
1287.66
1239.98
1153.15
1047.63
962.46
907.73
874.64
859.59
859.49
888.44
973.79
1091.30
1188.27
1249.15
1278.68
1299.46
1314.13
1324.35
1326.02
1312.12
1301.29
1308.87
1338.38
1323.26
1301.10
1260.91
1173.71
1072.51
983.20
925.38
890.75
876.91
878.48
906.36
980.82
1086.21
1177.49
1226.17
1264.60
1280.51
1277.35
1266.29
1248.57
1228.67
1207.21
1207.97
1228.73
1231.42
1233.21
1216.74
1149.88
1059.16
978.78
922.70
888.19
871.25
868.96
881.13
921.84
982.24
1057.79
1103.03
1121.92
1116.65
1106.25
1077.79
1044.88
1016.87
1015.26
1048.83
1103.31
1125.71
1135.88
1153.03
1099.96
1020.23
943.92
886.21
853.71
836.59
832.50
839.17
866.25
904.82
959.56
1012.11
1044.10
1076.74
1084.31
1088.28
1103.54
1105.54
1076.23
1087.27
1145.69
1172.86
1178.65
1179.96
1095.60
993.88
911.86
859.38
833.72
823.88
828.57
859.62
953.12
1092.76
1197.91
1245.86
1253.10
1241.04
1247.17
1259.55
1254.88
1234.52
1233.34
1239.75
1274.00
1283.80
1267.66
1248.08
1151.87
1040.74
950.29
895.22
863.19
850.47
856.53
888.75
976.47
1115.70
1226.86
1273.17
1292.72
1299.17
1304.28
1277.00
1256.86
1237.12
1231.33
1234.32
1260.81
1274.64
1281.35
1257.38
1163.35
1051.66
962.54
904.32
873.08
858.27
864.85
898.82
992.91
1129.77
1238.75
1289.80
1311.67
1333.92
1341.18
1334.53
1322.95
1310.01
1301.58
1316.94
1356.08
1347.93
1321.63
1281.39
1189.96
1076.40
988.21
929.73
898.55
882.49
886.27
921.07
1011.29
1144.21
1224.28
1241.72
1233.39
1222.04
1210.43
1193.44
1183.19
1165.71
1162.47
1176.63
1216.04
1236.81
1242.47
1253.49
1172.91
1060.83
968.27
908.58
880.69
867.33
873.81
908.21
999.90
1130.21
1201.99
1212.83
1200.75
1190.41
1192.09
1190.23
1179.63
1161.59
1145.25
1150.19
1180.02
1189.32
1192.26
1202.64
1137.04
1043.63
958.77
898.87
865.11
848.94
847.66
864.46
903.88
964.52
1034.04
1090.01
1130.18
1134.85
1125.87
1120.11
1102.66
1084.89
1078.54
1092.11
1132.61
1150.55
1157.23
1159.31
1097.33
1011.81
931.03
877.76
846.50
827.02
826.10
836.14
862.65
907.32
965.86
1026.62
1054.18
1054.31
1051.80
1038.24
1014.72
995.83
1017.82
1058.21
1110.04
1141.73
1155.87
1155.49
1080.72
980.08
900.37
853.25
827.33
818.44
826.32
863.29
956.55
1097.21
1203.69
1235.22
1231.47
1239.41
1240.53
1257.14
1256.46
1219.69
1211.26
1228.82
1258.24
1268.48
1263.08
1253.56
1165.39
1048.23
953.81
894.94
862.38
848.72
853.71
886.98
973.33
1110.14
1195.52
1213.76
1208.48
1222.53
1231.53
1222.96
1220.51
1208.47
1199.94
1207.90
1245.76
1259.18
1259.02
1254.83
1176.32
1058.61
968.33
911.18
881.06
871.25
877.50
913.88
1001.64
1137.84
1220.57
1238.15
1221.62
1213.49
1214.50
1228.06
1243.28
1222.46
1208.56
1217.64
1255.10
1265.23
1256.20
1253.05
1171.82
1055.07
962.17
905.46
873.43
860.02
868.00
904.17
993.49
1129.77
1205.13
1226.49
1221.94
1226.78
1239.92
1231.62
1218.84
1194.69
1195.46
1210.82
1244.09
1257.65
1255.01
1254.58
1174.19
1055.85
957.80
898.26
864.33
851.06
855.94
888.11
969.98
1094.78
1176.08
1205.12
1207.11
1211.71
1224.73
1239.10
1246.42
1223.87
1197.70
1212.53
1233.45
1233.87
1216.73
1214.38
1152.61
1043.30
946.79
881.91
842.88
821.37
815.29
826.59
859.42
919.06
991.37
1053.74
1085.77
1092.81
1101.83
1108.02
1103.69
1094.84
1091.54
1119.77
1163.32
1176.42
1161.78
1155.96
1100.64
1008.31
919.41
857.73
819.55
799.44
794.22
799.47
820.89
858.48
923.00
1000.23
1052.81
1073.58
1099.04
1124.19
1119.86
1115.87
1132.49
1162.39
1206.30
1219.44
1205.84
1195.53
1120.33
1010.20
920.78
863.60
833.77
819.69
823.47
858.58
942.91
1074.08
1171.75
1212.99
1232.86
1251.20
1271.84
1286.35
1299.80
1304.66
1310.55
1314.41
1342.54
1343.69
1319.35
1302.84
1207.56
1082.46
978.78
911.77
875.38
856.93
857.14
887.13
971.08
1104.21
1196.14
1235.05
1259.22
1279.92
1304.14
1325.22
1336.17
1338.47
1345.97
1367.59
1396.28
1389.40
1369.31
1355.08
1262.57
1130.41
1020.02
949.77
909.78
887.04
884.56
912.43
987.30
1119.99
1218.52
1256.05
1281.40
1304.00
1327.33
1343.13
1364.06
1383.33
1406.54
1425.77
1442.22
1431.14
1404.56
1377.01
1279.63
1142.78
1024.97
947.13
904.30
883.95
878.35
902.43
977.84
1107.47
1207.89
1254.93
1274.80
1297.86
1312.18
1333.27
1360.21
1375.90
1399.31
1416.41
1440.70
1425.57
1388.42
1373.54
1282.72
1147.91
1037.69
962.98
916.90
896.54
896.14
921.30
995.87
1120.27
1220.03
1268.35
1289.99
1308.09
1322.77
1338.55
1371.05
1410.20
1449.59
1495.89
1528.75
1516.53
1477.51
1457.26
1374.52
1255.60
1138.27
1052.22
998.82
965.23
950.89
950.44
968.75
1021.28
1110.80
1212.43
1295.60
1354.45
1404.45
1452.07
1468.57
1504.24
1535.76
1573.44
1588.29
1555.08
1509.28
1488.93
1418.12
1302.20
1181.56
1092.43
1031.15
992.08
970.37
964.97
974.94
1022.77
1122.30
1244.94
1343.33
1419.62
1500.26
1558.33
1563.90
1523.52
1515.61
1481.33
1483.97
1437.58
1370.50
1321.09
1234.64
1103.72
997.47
925.68
887.23
864.87
862.00
893.87
969.22
1100.70
1194.95
1238.91
1258.53
1278.16
1296.15
1303.30
1302.99
1300.40
1310.87
1335.76
1373.63
1377.84
1340.40
1312.18
1226.40
1105.75
1000.02
932.29
894.59
881.21
877.09
903.12
976.53
1104.36
1201.91
1240.26
1257.28
1281.64
1306.62
1330.84
1365.42
1401.21
1447.37
1497.26
1543.38
1545.36
1517.15
1497.52
1410.07
1265.69
1144.32
1065.70
1017.55
990.17
984.45
1007.41
1084.76
1224.70
1349.84
1442.30
1519.82
1612.78
1702.72
1774.93
1846.93
1887.27
1930.57
1957.47
1970.89
1909.38
1752.41
1662.05
1548.17
1399.32
1268.92
1183.89
1131.23
1097.89
1081.15
1096.78
1157.95
1280.10
1389.44
1436.28
1459.35
1492.47
1505.28
1501.81
1502.43
1505.20
1516.56
1521.57
1533.53
1505.15
1445.97
1400.21
1303.20
1167.76
1045.48
965.37
917.92
891.19
885.34
909.55
974.08
1087.09
1174.37
1220.30
1236.72
1247.41
1243.04
1235.44
1234.26
1218.15
1211.39
1223.77
1247.13
1245.86
1229.83
1213.49
1142.02
1044.05
955.07
893.35
858.03
836.37
831.43
841.17
869.29
921.76
1006.66
1102.23
1171.72
1206.05
1218.53
1214.89
1194.14
1170.35
1159.25
1167.17
1189.56
1190.56
1174.62
1167.61
1121.42
1036.46
955.44
892.58
856.20
836.49
830.26
836.36
857.42
900.41
974.04
1065.56
1139.51
1177.29
1196.70
1210.65
1205.66
1196.20
1194.68
1214.77
1247.40
1241.24
1213.39
1180.56
1115.27
1026.66
947.37
890.49
856.68
838.34
833.26
844.09
872.85
922.66
988.09
1076.50
1142.60
1180.32
1189.64
1194.24
1184.87
1172.17
1169.60
1198.79
1232.16
1222.85
1201.76
1191.64
1132.47
1027.62
937.34
879.38
852.15
841.15
847.48
883.86
968.22
1102.02
1203.03
1240.65
1257.65
1280.88
1284.57
1288.73
1288.19
1295.16
1311.66
1335.87
1370.41
1381.43
1355.03
1330.39
1256.99
1130.88
1020.73
947.80
906.47
882.74
880.74
909.66
981.38
1114.24
1214.88
1259.93
1289.26
1332.68
1358.42
1388.57
1418.61
1438.03
1456.72
1480.26
1499.76
1489.83
1463.61
1450.91
1369.54
1239.05
1124.93
1045.53
998.04
969.02
963.05
983.88
1053.35
1178.33
1278.40
1331.56
1368.28
1395.20
1416.70
1434.63
1476.39
1500.32
1524.58
1542.79
1565.80
1563.56
1542.69
1519.41
1433.89
1305.54
1187.78
1106.99
1054.75
1027.34
1020.94
1041.37
1113.53
1240.92
1353.50
1433.11
1491.31
1524.18
1556.40
1581.98
1614.81
1613.79
1584.66
1601.20
1642.78
1641.27
1591.84
1550.06
1472.88
1339.80
1207.15
1106.51
1042.22
1000.42
980.88
975.48
988.25
1057.15
1169.21
1290.96
1396.70
1486.91
1558.46
1618.57
1676.49
1723.91
1774.14
1817.28
1823.13
1744.98
1674.46
1628.65
1558.80
1430.46
1304.08
1215.06
1147.58
1101.91
1072.63
1057.98
1055.64
1103.80
1209.44
1349.18
1465.64
1566.59
1664.90
1746.03
1803.70
1855.45
1907.69
1948.70
1974.35
1954.61
1924.04
1861.71
1746.27
1571.07
1413.64
1311.88
1237.20
1190.36
1170.50
1186.76
1251.01
1401.29
1563.24
1701.03
1818.12
1934.27
2027.81
2089.94
2137.44
2167.58
2200.96
2231.11
2255.61
2236.46
2150.79
2047.62
1912.56
1727.49
1571.05
1469.70
1405.02
1361.21
1339.61
1353.73
1425.10
1570.96
1737.33
1866.75
1963.08
2043.88
2113.80
2173.07
2226.10
2263.60
2251.85
2172.40
2120.98
2058.65
1988.28
1913.04
1778.36
1615.38
1476.02
1381.39
1320.73
1280.85
1262.04
1279.13
1350.79
1494.14
1630.87
1722.68
1804.58
1878.20
1943.65
2013.96
2075.96
2106.67
2117.97
2129.43
2129.65
2077.57
1980.30
1861.60
1717.05
1519.88
1347.37
1226.39
1146.08
1096.46
1075.54
1084.70
1140.59
1250.80
1355.17
1412.79
1443.90
1463.12
1478.19
1500.40
1517.60
1525.35
1531.36
1538.85
1543.55
1528.56
1476.44
1417.37
1340.18
1207.23
1089.57
1009.73
960.44
936.04
932.20
958.45
1022.06
1134.38
1234.32
1293.24
1324.44
1348.41
1361.13
1359.88
1349.78
1327.81
1307.55
1311.98
1319.45
1300.15
1270.53
1250.23
1193.75
1100.26
1007.17
942.63
903.67
882.16
875.81
883.24
910.47
963.76
1043.23
1120.89
1168.18
1187.88
1197.84
1205.80
1215.23
1226.58
1252.28
1291.95
1331.79
1343.21
1315.56
1284.93
1240.32
1141.19
1043.79
968.32
917.71
886.34
870.49
868.69
874.85
917.61
993.82
1089.52
1168.10
1229.04
1283.50
1320.28
1345.13
1376.27
1418.51
1478.68
1535.22
1547.12
1510.70
1461.48
1391.56
1254.70
1131.15
1046.89
991.25
961.22
952.87
977.24
1043.12
1177.07
1290.84
1369.07
1400.38
1422.54
1424.28
1422.31
1436.04
1428.20
1418.36
1426.60
1448.69
1430.69
1398.94
1358.84
1283.68
1173.79
1080.20
1015.61
976.27
956.75
955.98
987.65
1062.37
1194.16
1293.37
1356.28
1408.86
1440.21
1455.56
1459.21
1482.32
1495.17
1521.51
1531.58
1539.47
1525.88
1481.54
1434.10
1365.12
1237.13
1122.44
1041.91
991.77
960.84
948.23
967.74
1032.95
1152.93
1257.91
1306.56
1326.65
1339.90
1358.68
1367.45
1385.62
1387.60
1396.31
1412.40
1438.94
1434.74
1396.50
1353.84
1292.95
1170.14
1058.42
979.25
937.45
911.71
908.41
934.54
1002.14
1124.14
1227.22
1283.78
1313.44
1339.86
1356.48
1363.23
1384.13
1394.85
1423.11
1454.24
1492.01
1490.64
1452.77
1405.91
1338.85
1208.25
1087.89
1003.65
954.93
928.35
920.24
941.10
1000.26
1112.95
1219.86
1292.40
1339.81
1383.26
1416.82
1439.81
1479.22
1512.80
1544.61
1580.95
1603.58
1578.22
1528.30
1497.99
1440.95
1326.86
1211.39
1116.55
1060.36
1026.26
1008.56
1008.57
1031.40
1084.80
1169.28
1274.14
1370.70
1459.89
1537.16
1596.32
1647.23
1677.52
1689.22
1690.91
1684.89
1667.43
1617.53
1581.63
1523.92
1406.58
1286.63
1187.88
1121.89
1076.01
1048.56
1036.64
1037.94
1089.73
1194.32
1319.61
1423.65
1502.81
1570.20
1628.94
1660.41
1685.71
1725.86
1779.06
1820.93
1821.76
1771.63
1712.48
1641.40
1490.74
1355.70
1262.56
1197.19
1156.16
1140.98
1160.13
1201.99
1343.01
1496.54
1635.90
1763.51
1877.54
1987.22
2068.00
2126.55
2147.73
2176.45
2200.66
2215.92
2184.34
2082.49
1994.81
1870.75
1703.72
1553.01
1439.90
1360.95
1307.62
1282.89
1294.41
1354.84
1472.49
1595.11
1683.66
1737.87
1779.73
1798.18
1765.27
1725.76
1648.07
1592.74
1577.69
1583.51
1561.47
1503.17
1446.36
1358.45
1235.90
1126.07
1044.59
992.79
962.11
955.79
976.86
1035.71
1145.58
1245.63
1301.57
1324.85
1344.34
1364.50
1370.03
1393.87
1398.59
1403.64
1421.98
1457.36
1458.21
1422.83
1375.61
1309.70
1183.76
1067.53
991.19
942.83
917.31
914.20
940.33
1001.71
1114.21
1218.07
1285.52
1325.65
1355.00
1376.22
1394.86
1425.19
1444.07
1468.05
1489.94
1511.01
1495.33
1441.93
1390.50
1324.79
1201.76
1082.93
1006.04
960.06
936.97
933.21
958.82
1023.45
1133.96
1237.45
1311.66
1348.23
1376.43
1399.32
1408.04
1409.14
1401.91
1384.76
1390.64
1398.81
1391.87
1365.97
1344.03
1299.55
1205.11
1108.35
1032.74
987.89
959.31
948.33
952.58
978.82
1034.69
1121.17
1218.57
1306.88
1382.13
1451.89
1506.02
1549.85
1585.30
1597.22
1610.27
1631.12
1632.38
1614.95
1599.03
1556.64
1454.70
1342.49
1257.59
1202.33
1162.38
1142.05
1137.08
1142.15
1194.14
1305.73
1442.13
1574.75
1691.24
1783.47
1856.97
1904.76
1953.89
2003.09
2050.64
2080.66
2073.02
2019.65
1965.72
1891.35
1734.26
1582.60
1484.34
1412.77
1364.55
1341.22
1351.52
1415.22
1556.14
1730.88
1898.41
2030.12
2147.15
2250.13
2327.32
2382.57
2410.54
2419.55
2434.42
2446.17
2424.79
2350.26
2267.42
2140.20
1945.82
1772.19
1650.97
1568.37
1512.25
1476.31
1479.02
1537.02
1675.27
1862.25
2016.21
2130.74
2226.72
2312.80
2372.28
2421.46
2448.94
2462.24
2455.07
2442.10
2393.04
2312.88
2241.39
2121.33
1932.73
1758.26
1632.76
1548.21
1491.93
1461.87
1468.36
1521.02
1660.34
1843.64
1984.98
2077.46
2177.39
2267.29
2335.73
2402.34
2435.95
2417.57
2335.75
2126.95
2036.34
1982.03
1920.31
1812.01
1659.96
1518.75
1418.20
1353.35
1310.71
1290.59
1302.67
1360.54
1475.73
1593.51
1677.21
1723.55
1787.59
1819.40
1828.94
1841.96
1840.81
1824.92
1810.16
1799.74
1773.90
1716.51
1667.31
1564.99
1427.83
1300.27
1209.90
1149.10
1113.81
1100.32
1113.43
1159.54
1240.43
1325.01
1393.86
1424.70
1447.41
1448.82
1435.85
1414.08
1382.99
1353.78
1348.36
1354.96
1338.62
1302.24
1272.59
1214.99
1124.76
1028.60
957.45
915.77
889.98
879.35
883.29
903.70
948.04
1023.49
1120.01
1190.69
1233.54
1247.57
1241.80
1225.59
1212.85
1208.83
1220.65
1250.80
1247.31
1219.77
1193.65
1138.53
1060.51
981.46
917.35
877.97
854.23
842.49
844.94
858.04
891.15
957.19
1050.69
1127.18
1171.05
1192.77
1188.15
1166.73
1149.77
1152.45
1177.43
1217.06
1219.06
1198.11
1176.56
1127.97
1073.22
995.85
926.40
883.15
859.88
850.15
855.89
877.11
928.21
996.27
1079.31
1143.97
1185.24
1214.46
1238.93
1254.99
1272.08
1309.05
1368.86
1436.92
1455.83
1427.00
1399.42
1345.02
1248.22
1148.34
1074.48
1028.61
1001.29
997.11
1021.65
1087.14
1204.70
1331.05
1425.00
1494.38
1540.27
1585.27
1672.69
1760.17
1836.23
1910.12
1976.79
2006.40
1988.08
1922.73
1853.45
1752.72
1588.72
1435.40
1320.82
1250.25
1202.61
1177.95
1184.67
1234.31
1353.79
1506.58
1626.70
1723.18
1795.17
1866.88
1934.68
1980.33
1996.80
1987.61
1984.19
1997.10
1943.18
1868.08
1799.56
1693.88
1519.35
1366.05
1255.36
1181.53
1137.33
1118.92
1121.65
1164.53
1248.96
1342.16
1409.10
1445.65
1477.10
1489.07
1501.43
1498.59
1480.74
1456.54
1444.78
1457.98
1441.39
1397.58
1362.04
1290.00
1191.56
1095.78
1025.12
981.92
959.88
954.83
975.91
1041.93
1139.82
1247.69
1343.04
1394.35
1441.29
1467.96
1477.52
1475.40
1450.21
1423.92
1424.50
1447.59
1467.46
1454.54
1430.13
1387.94
1292.28
1189.46
1102.83
1045.27
1004.43
982.71
980.45
998.22
1045.58
1121.71
1204.71
1267.70
1303.78
1322.98
1332.87
1342.53
1347.13
1359.50
1393.81
1446.89
1458.86
1421.89
1382.37
1332.18
1238.59
1134.98
1047.99
992.64
957.69
936.91
929.92
934.84
972.70
1047.45
1152.67
1247.59
1308.79
1375.05
1445.48
1484.23
1497.46
1511.27
1541.96
1574.98
1569.59
1535.53
1499.49
1429.23
1314.42
1202.09
1117.49
1064.63
1034.80
1025.20
1047.51
1119.38
1222.40
1330.53
1411.24
1457.83
1497.86
1526.28
1529.97
1528.60
1519.01
1518.22
1524.06
1555.94
1553.17
1517.73
1487.09
1416.05
1303.30
1191.09
1109.69
1061.17
1033.17
1026.55
1046.07
1114.67
1227.55
1335.96
1415.50
1453.69
1491.02
1509.24
1506.65
1510.51
1501.99
1493.50
1496.63
1513.58
1503.77
1464.80
1431.67
1357.94
1252.04
1152.53
1081.68
1039.53
1015.67
1009.98
1035.22
1107.84
1223.32
1341.90
1423.08
1473.43
1514.93
1550.57
1564.17
1592.80
1630.50
1688.96
1752.46
1793.77
1777.96
1729.65
1685.13
1602.49
1463.54
1335.68
1242.94
1183.62
1146.96
1133.54
1153.65
1221.86
1338.34
1478.09
1581.28
1642.99
1710.02
1781.75
1857.32
1937.75
1994.71
2039.14
2065.08
2083.42
2058.32
1983.82
1909.49
1803.88
1637.22
1478.82
1377.16
1306.38
1259.86
1237.82
1248.85
1305.06
1421.10
1571.58
1710.93
1823.12
1909.42
1996.34
2063.72
2110.06
2128.38
2147.83
2162.34
2157.80
2114.74
2025.51
1943.36
1832.42
1661.97
1501.46
1380.52
1310.72
1266.36
1231.28
1218.60
1229.90
1268.01
1344.27
1441.79
1518.14
1564.14
1600.20
1642.44
1679.91
1716.99
1725.99
1731.68
1720.19
1675.32
1607.94
1560.27
1482.05
1372.69
1269.44
1180.63
1116.16
1069.85
1051.03
1043.26
1055.34
1081.81
1139.52
1227.11
1305.69
1358.44
1388.24
1398.17
1394.98
1389.71
1390.90
1415.79
1455.47
1456.81
1430.56
1405.14
1339.46
1238.74
1145.45
1078.62
1035.53
1015.15
1013.56
1037.59
1111.81
1229.93
1350.27
1423.36
1471.17
1507.26
1539.43
1557.62
1569.91
1558.61
1563.59
1581.75
1629.79
1636.54
1599.12
1573.50
1494.39
1368.59
1248.31
1159.84
1099.08
1063.70
1051.90
1071.20
1133.35
1243.04
1363.78
1471.61
1536.62
1623.03
1688.32
1747.79
1816.98
1868.70
1909.98
1945.64
1964.54
1941.61
1878.89
1822.36
1709.45
1539.12
1380.05
1253.72
1181.54
1139.08
1118.23
1130.61
1188.82
1294.15
1400.20
1495.68
1565.03
1616.21
1655.38
1685.51
1727.72
1760.31
1799.62
1817.09
1814.90
1770.36
1673.05
1595.20
1500.02
1358.65
1229.39
1137.72
1076.03
1040.83
1027.15
1043.88
1098.08
1202.79
1319.64
1393.59
1440.06
1485.44
1528.06
1571.92
1621.06
1642.75
1644.31
1657.50
1665.52
1644.33
1591.71
1552.75
1471.74
1340.42
1213.70
1123.66
1064.11
1026.80
1012.23
1026.69
1081.10
1179.07
1295.66
1386.52
1450.35
1495.12
1538.76
1570.68
1606.36
1600.50
1594.65
1597.09
1579.18
1538.70
1487.79
1450.71
1382.99
1265.45
1144.55
1058.95
1001.04
966.03
946.05
946.92
964.25
1013.77
1101.17
1198.50
1265.63
1307.61
1341.06
1369.33
1396.96
1425.14
1461.41
1509.51
1552.15
1545.19
1482.16
1442.51
1375.04
1267.14
1160.24
1078.30
1022.54
990.81
974.06
972.38
986.41
1022.27
1088.92
1191.35
1273.64
1328.43
1359.75
1371.30
1375.15
1385.61
1411.51
1463.22
1536.57
1565.57
1534.43
1513.34
1451.75
1334.34
1225.98
1148.16
1101.56
1070.61
1061.59
1081.10
1145.80
1257.88
1395.29
1518.37
1597.02
1692.07
1773.97
1833.32
1887.24
1916.22
1942.39
1961.53
1978.01
1953.84
1883.81
1812.23
1689.99
1522.42
1370.42
1262.99
1194.45
1145.22
1121.38
1127.05
1183.27
1277.84
1403.53
1508.42
1592.33
1678.59
1745.18
1795.70
1866.81
1916.32
1958.19
1965.35
1949.61
1842.56
1697.81
1616.40
1518.85
1385.49
1268.36
1185.55
1131.39
1096.61
1084.15
1096.69
1159.41
1263.28
1364.29
1428.14
1458.90
1491.51
1515.22
1538.22
1564.34
1580.70
1592.17
1603.69
1625.13
1614.97
1559.83
1508.50
1419.37
1286.41
1165.21
1078.41
1024.25
993.95
980.86
1002.49
1068.37
1174.35
1283.31
1363.47
1413.53
1470.72
1522.70
1571.33
1611.24
1604.95
1600.00
1581.68
1573.19
1541.11
1497.42
1454.34
1372.46
1273.16
1172.27
1096.61
1047.55
1014.21
1007.14
1029.01
1089.16
1188.97
1308.45
1399.98
1441.64
1490.97
1533.41
1545.57
1548.73
1535.35
1526.60
1521.21
1518.22
1486.31
1427.16
1389.58
1316.22
1207.37
1099.08
1015.18
961.24
927.56
913.09
914.47
935.75
982.30
1059.48
1139.41
1182.44
1196.73
1202.72
1209.01
1217.10
1232.45
1252.42
1287.43
1326.18
1328.28
1293.86
1277.35
1220.87
1124.85
1032.69
963.11
919.31
892.50
881.08
880.21
896.67
928.36
998.92
1088.08
1162.44
1209.64
1252.35
1291.49
1308.79
1317.96
1350.81
1395.81
1443.04
1439.27
1409.09
1382.15
1302.25
1197.28
1105.71
1040.56
1000.20
979.35
977.93
1000.31
1071.25
1179.35
1305.18
1392.78
1437.14
1480.57
1507.35
1519.27
1538.68
1547.72
1545.58
1569.24
1604.97
1601.33
1541.81
1494.25
1399.67
1266.70
1147.96
1064.68
1009.19
977.07
967.45
983.86
1044.69
1148.21
1252.45
1329.13
1368.93
1415.41
1452.86
1476.85
1506.56
1523.34
1528.47
1544.76
1562.49
1553.88
1513.88
1490.48
1402.69
1275.99
1161.50
1079.04
1022.20
992.63
982.84
1002.83
1066.98
1170.01
1275.80
1351.90
1396.93
1449.69
1495.78
1522.20
1553.58
1573.75
1585.93
1582.44
1588.61
1575.00
1545.07
1521.57
1433.48
1308.83
1196.50
1113.03
1066.27
1036.39
1027.28
1046.44
1117.93
1221.19
1331.08
1411.95
1452.52
1488.26
1507.95
1508.96
1508.91
1495.35
1482.68
1490.15
1514.66
1522.86
1498.87
1486.08
1410.22
1294.72
1183.60
1100.05
1047.51
1014.00
1003.03
1018.83
1081.58
1180.92
1301.45
1408.91
1483.50
1561.53
1633.05
1694.99
1759.30
1807.42
1850.57
1886.59
1903.21
1864.37
1792.20
1738.42
1625.15
1473.53
1332.86
1228.78
1151.71
1104.31
1073.99
1061.82
1075.66
1118.96
1212.23
1326.73
1421.51
1520.82
1619.68
1703.89
1755.64
1798.30
1840.43
1873.23
1879.24
1849.99
1801.58
1766.30
1668.73
1531.95
1401.75
1299.45
1229.54
1181.09
1150.22
1136.81
1143.06
1166.35
1238.20
1339.00
1449.96
1547.97
1648.69
1724.19
1768.77
1798.61
1827.44
1865.66
1886.61
1847.79
1778.24
1722.20
1606.62
1464.19
1339.07
1251.21
1195.06
1160.59
1149.77
1169.88
1238.85
1346.91
1466.82
1556.19
1606.27
1667.26
1727.77
1776.62
1817.85
1826.50
1821.63
1810.42
1813.57
1781.04
1724.12
1672.84
1556.81
1417.15
1297.05
1212.62
1155.26
1121.47
1109.83
1130.25
1200.94
1310.88
1421.82
1501.85
1546.74
1585.39
1610.49
1642.16
1681.30
1717.10
1746.58
1790.20
1823.73
1818.93
1781.54
1750.61
1644.33
1511.74
1392.46
1311.56
1257.09
1226.49
1219.53
1246.90
1318.83
1430.35
1562.11
1674.09
1768.55
1870.60
1965.98
2056.17
2151.72
2210.38
2259.09
2300.89
2328.63
2307.85
2240.30
2180.05
2041.08
1870.14
1709.61
1593.04
1511.81
1453.01
1420.57
1426.84
1486.50
1604.82
1760.05
1917.41
2039.09
2153.15
2238.79
2313.15
2378.94
2409.71
2429.42
2435.98
2435.06
2356.81
2239.44
2146.21
2001.55
1829.21
1670.19
1550.37
1470.40
1413.64
1379.26
1380.61
1431.15
1530.12
1688.32
1843.19
1955.32
2052.84
2132.94
2213.02
2279.12
2321.92
2343.75
2352.25
2349.05
2294.95
2201.18
2131.15
1987.54
1819.27
1657.25
1547.34
1474.41
1418.49
1376.32
1361.82
1377.45
1420.60
1534.57
1697.11
1833.71
1922.12
1954.57
1995.77
2029.66
2046.59
2049.76
2050.23
2041.91
1971.98
1851.06
1764.26
1625.36
1479.37
1338.23
1234.49
1154.91
1104.71
1072.97
1048.85
1046.70
1065.19
1136.22
1230.62
1296.51
1346.09
1376.95
1408.32
1433.78
1459.77
1500.49
1551.12
1589.98
1565.50
1511.16
1473.03
1369.47
1241.01
1129.74
1054.32
1004.91
975.18
966.73
988.18
1058.84
1154.74
1264.62
1345.54
1390.32
1442.72
1485.85
1524.51
1566.30
1592.21
1617.52
1633.42
1664.74
1651.04
1596.90
1553.31
1436.15
1301.50
1182.12
1099.44
1052.86
1021.42
1013.31
1025.24
1090.72
1190.87
1299.61
1382.27
1436.58
1503.90
1573.40
1647.70
1724.68
1757.57
1779.11
1795.43
1820.04
1810.44
1785.26
1750.00
1640.18
1506.37
1381.87
1290.51
1228.65
1192.37
1179.08
1198.54
1267.30
1374.45
1479.14
1572.71
1644.95
1728.20
1824.86
1905.15
1958.63
1971.52
1980.00
2000.90
2016.15
1997.69
1964.42
1917.34
1791.73
1634.78
1494.14
1391.94
1324.04
1280.14
1260.30
1274.11
1341.07
1432.60
1542.42
1629.59
1691.14
1744.10
1762.32
1755.16
1764.86
1772.68
1780.60
1780.08
1795.53
1781.27
1752.71
1710.06
1621.24
1500.05
1383.30
1292.98
1232.45
1195.74
1180.48
1199.92
1267.80
1374.49
1483.24
1581.21
1653.76
1708.59
1763.11
1818.78
1874.33
1919.38
1966.26
1999.05
2012.79
1986.24
1938.55
1892.21
1772.04
1624.91
1486.56
1387.17
1312.52
1263.56
1245.04
1239.55
1256.22
1300.19
1393.71
1543.31
1671.12
1772.34
1842.36
1891.82
1921.16
1918.77
1930.31
1936.46
1929.74
1878.81
1820.50
1770.56
1659.55
1527.48
1406.02
1311.40
1244.16
1199.35
1172.48
1158.17
1169.29
1195.85
1254.53
1347.49
1419.29
1480.94
1525.19
1547.08
1540.63
1520.72
1513.07
1529.30
1558.15
1546.12
1517.45
1471.88
1390.22
1300.80
1215.62
1153.55
1116.41
1095.47
1095.44
1127.47
1210.05
1326.79
1451.09
1559.55
1639.48
1710.94
1759.02
1788.16
1809.92
1809.38
1799.03
1786.83
1792.80
1772.76
1729.99
1660.13
1549.81
1422.80
1313.64
1241.09
1198.72
1169.35
1162.60
1184.56
1261.20
1372.13
1487.64
1608.89
1690.84
1787.79
1888.33
1970.79
2042.79
2097.95
2142.12
2178.42
2206.73
2173.39
2097.26
2013.05
1856.80
1672.90
1518.11
1403.50
1324.83
1271.16
1243.38
1246.61
1304.56
1420.11
1528.38
1642.19
1743.46
1855.32
1951.70
2040.23
2118.97
2182.65
2220.84
2235.89
2231.05
2175.78
2092.16
2010.39
1846.14
1666.01
1516.84
1408.45
1333.89
1284.53
1259.49
1269.16
1334.97
1446.45
1574.02
1710.20
1843.37
1987.96
2109.79
2219.88
2308.51
2364.34
2386.59
2378.57
2364.95
2320.66
2259.29
2183.66
2016.73
1829.45
1666.38
1544.58
1458.71
1399.97
1366.97
1364.92
1419.91
1515.41
1641.19
1773.92
1877.36
1973.54
2040.46
2095.03
2151.48
2174.62
2172.15
2170.02
2136.45
2049.49
1952.98
1863.83
1714.60
1544.92
1388.41
1270.47
1192.09
1140.69
1110.47
1099.20
1114.01
1147.43
1204.56
1276.33
1329.39
1350.94
1348.52
1344.91
1340.30
1326.97
1321.99
1326.86
1342.14
1333.52
1323.91
1292.24
1228.15
1146.05
1074.54
1013.37
973.04
949.93
940.61
941.50
953.70
991.92
1055.99
1146.72
1218.00
1267.02
1303.14
1317.50
1305.93
1296.31
1298.81
1324.15
1365.90
1370.71
1368.30
1337.10
1255.94
1165.13
1095.21
1044.19
1013.89
999.32
1009.27
1035.65
1131.25
1265.31
1380.54
1478.37
1547.34
1624.61
1679.94
1723.15
1754.63
1784.25
1827.37
1883.86
1927.64
1903.31
1867.02
1806.58
1659.75
1502.63
1362.67
1264.08
1192.82
1144.18
1119.47
1127.75
1196.74
1303.24
1396.73
1468.66
1533.91
1604.84
1659.33
1670.65
1664.43
1692.39
1741.92
1770.97
1790.27
1760.11
1713.33
1641.26
1504.89
1355.29
1229.07
1146.30
1090.15
1053.75
1041.38
1062.40
1140.04
1247.78
1335.60
1401.58
1444.87
1483.40
1512.05
1520.63
1528.44
1507.50
1498.43
1500.64
1522.35
1533.12
1509.96
1431.26
1318.38
1198.31
1096.89
1026.05
991.93
970.54
968.40
995.54
1060.12
1192.66
1283.42
1327.83
1359.90
1389.35
1407.51
1417.68
1423.94
1427.58
1439.43
1449.32
1464.36
1449.77
1434.62
1383.83
1279.91
1165.95
1068.75
1008.05
963.30
938.18
935.64
951.27
1018.86
1123.07
1219.81
1287.22
1322.99
1345.31
1357.23
1365.97
1379.54
1377.11
1367.45
1382.40
1399.76
1384.48
1366.95
1327.67
1240.53
1141.84
1053.46
983.86
939.96
913.14
900.35
905.67
927.73
969.96
1045.43
1127.41
1185.70
1205.18
1218.45
1226.71
1237.60
1255.52
1281.80
1322.99
1357.74
1350.95
1334.47
1293.06
1209.90
1113.77
1029.19
968.94
922.35
895.92
883.09
884.31
904.69
937.41
998.44
1093.48
1165.38
1194.84
1227.30
1242.20
1238.43
1236.50
1246.62
1282.15
1320.83
1323.25
1308.87
1256.49
1188.04
1116.12
1044.08
990.35
953.15
931.63
923.03
929.49
958.50
1003.02
1071.53
1169.48
1257.38
1313.94
1360.85
1402.94
1426.07
1452.85
1459.10
1459.81
1495.62
1477.84
1451.87
1387.52
1268.45
1143.62
1043.88
974.76
935.62
914.52
911.54
938.68
1024.17
1158.32
1254.95
1310.75
1351.00
1377.19
1411.80
1439.32
1468.79
1478.46
1498.67
1527.61
1558.81
1542.58
1515.62
1449.62
1326.80
1202.16
1091.00
1018.28
973.79
949.52
942.46
966.28
1052.44
1175.86
1272.21
1331.81
1373.06
1414.78
1469.73
1529.50
1585.23
1609.97
1631.51
1653.21
1674.44
1654.93
1656.91
1600.46
1487.64
1362.82
1253.03
1170.47
1117.30
1086.51
1076.79
1096.07
1177.55
1315.81
1408.53
1470.18
1515.69
1553.04
1577.40
1586.69
1585.87
1572.09
1567.15
1572.16
1588.46
1579.72
1556.29
1495.39
1393.90
1280.35
1176.61
1107.98
1058.99
1028.91
1020.96
1041.88
1117.36
1241.26
1328.21
1387.62
1427.30
1448.44
1470.51
1475.41
1479.73
1459.09
1428.86
1429.10
1422.03
1395.04
1381.57
1330.15
1237.72
1140.87
1040.88
969.71
924.91
899.27
886.60
890.00
919.78
970.45
1040.06
1114.04
1152.38
1168.22
1186.78
1208.84
1221.71
1230.06
1244.65
1281.75
1322.97
1316.76
1320.64
1270.18
1191.06
1108.30
1025.39
960.34
920.69
898.59
889.28
894.44
917.22
952.03
1015.47
1107.92
1176.41
1211.10
1249.88
1301.97
1350.36
1390.90
1428.46
1475.58
1513.47
1515.01
1521.90
1464.91
1360.14
1243.77
1151.15
1088.78
1051.07
1027.98
1021.28
1045.50
1119.55
1248.45
1337.41
1379.22
1416.60
1458.40
1489.07
1504.20
1523.97
1532.25
1550.62
1563.68
1583.79
1563.28
1541.79
1454.61
1329.65
1195.85
1084.97
1012.95
977.81
953.86
945.15
970.58
1041.70
1168.77
1249.46
1295.78
1311.52
1335.66
1364.23
1391.16
1421.23
1439.39
1462.14
1474.71
1490.73
1494.41
1491.30
1419.51
1312.91
1198.41
1103.78
1040.57
1000.72
982.97
984.55
1020.43
1108.74
1256.63
1358.60
1430.09
1481.62
1529.23
1574.28
1625.81
1696.52
1744.28
1780.89
1810.49
1799.93
1752.47
1686.83
1588.19
1462.53
1330.68
1215.41
1135.83
1086.80
1057.71
1044.80
1065.52
1145.91
1283.33
1367.23
1403.65
1433.48
1453.76
1460.14
1461.05
1460.95
1448.56
1452.14
1460.17
1475.32
1479.72
1482.44
1414.46
1310.94
1192.46
1090.29
1020.83
976.41
949.34
943.94
968.44
1052.62
1184.66
1273.57
1328.41
1362.33
1382.28
1395.81
1403.84
1412.70
1405.18
1391.63
1389.98
1405.71
1406.95
1400.42
1346.31
1266.57
1172.98
1084.92
1023.16
980.13
955.34
945.08
952.42
988.05
1041.90
1118.22
1200.71
1263.22
1294.59
1302.45
1321.54
1354.19
1401.34
1444.37
1494.53
1520.09
1505.70
1497.38
1435.83
1348.32
1243.43
1143.29
1065.66
1010.64
964.39
934.76
924.59
939.61
971.14
1020.27
1103.43
1145.67
1171.64
1197.36
1222.70
1238.19
1254.83
1284.24
1337.99
1386.83
1379.10
1368.73
1291.13
1184.11
1073.27
990.65
938.96
896.18
878.72
881.94
902.44
987.39
1128.12
1214.39
1258.53
1271.27
1295.93
1318.09
1335.21
1358.39
1371.28
1392.51
1421.92
1460.45
1457.10
1443.70
1355.21
1240.69
1126.91
1028.46
968.24
928.81
908.31
906.39
930.41
1014.08
1147.23
1224.86
1262.52
1272.92
1297.27
1313.73
1329.99
1346.71
1357.73
1378.39
1408.55
1448.69
1458.64
1458.91
1378.18
1269.94
1156.50
1062.39
1008.74
973.15
957.54
954.07
985.48
1073.91
1220.26
1313.08
1365.83
1414.90
1454.53
1481.88
1510.80
1534.09
1524.81
1521.57
1530.62
1553.27
1573.28
1570.43
1495.37
1392.14
1276.75
1174.21
1101.45
1059.83
1033.54
1024.25
1051.42
1134.07
1281.02
1381.91
1442.81
1489.24
1532.22
1569.37
1594.07
1616.06
1614.03
1626.95
1637.78
1645.52
1645.38
1641.92
1565.37
1458.38
1336.45
1227.12
1149.13
1104.78
1078.10
1076.89
1101.93
1192.08
1329.67
1431.42
1506.91
1555.14
1594.16
1605.88
1598.26
1595.61
1578.26
1560.46
1547.88
1541.31
1529.45
1504.94
1424.47
1324.68
1215.78
1121.66
1043.63
990.42
957.16
939.43
928.61
953.50
1003.45
1072.48
1147.49
1184.75
1201.22
1218.64
1235.85
1244.24
1264.05
1292.96
1331.61
1356.30
1355.94
1345.59
1282.98
1198.83
1107.81
1032.60
975.06
937.02
911.90
900.15
889.69
914.78
955.59
1018.02
1096.68
1155.23
1190.88
1222.73
1250.31
1241.57
1226.16
1231.45
1273.30
1318.65
1328.78
1320.76
1244.33
1144.70
1045.19
963.62
915.75
884.38
870.27
863.78
895.13
984.28
1124.76
1206.86
1255.86
1271.88
1306.27
1345.01
1364.68
1360.61
1348.90
1347.10
1363.46
1403.58
1435.00
1420.99
1337.05
1228.87
1117.83
1025.78
976.47
941.35
921.71
920.14
947.14
1024.45
1168.79
1260.96
1311.18
1339.36
1360.29
1369.72
1372.16
1375.18
1363.60
1360.77
1367.53
1395.36
1414.69
1400.90
1318.97
1205.49
1087.50
1000.05
938.61
903.65
883.24
884.76
906.41
992.44
1133.02
1217.59
1240.79
1238.47
1237.46
1250.00
1263.63
1279.64
1281.56
1286.14
1298.10
1334.50
1370.89
1361.74
1285.32
1182.47
1069.23
988.88
932.50
901.09
886.05
884.86
917.48
999.16
1145.37
1233.73
1262.54
1265.74
1280.11
1296.24
1293.98
1290.35
1272.29
1257.03
1274.44
1316.79
1359.30
1356.58
1287.22
1186.67
1078.68
988.63
930.45
904.33
888.94
885.20
913.08
1000.19
1145.56
1234.03
1266.41
1267.06
1264.91
1268.61
1271.46
1266.73
1246.52
1234.93
1245.58
1274.02
1307.88
1303.30
1247.21
1168.06
1073.53
982.32
956.09
926.10
904.85
898.39
908.99
936.84
992.42
1069.40
1152.08
1197.48
1202.26
1194.05
1198.49
1198.10
1189.20
1184.68
1208.12
1247.60
1280.05
1265.54
1207.48
1136.46
1051.23
973.41
918.91
883.56
865.98
853.72
857.41
883.93
930.02
999.47
1090.78
1153.00
1188.85
1215.59
1235.93
1230.39
1226.30
1234.04
1272.18
1325.29
1344.08
1314.06
1232.19
1139.11
1055.76
979.56
924.58
890.18
875.50
874.96
905.39
995.90
1144.16
1250.30
1304.37
1337.35
1366.82
1375.78
1369.97
1363.98
1342.78
1337.76
1357.49
1407.09
1430.22
1384.42
1299.48
1196.47
1084.81
996.67
942.51
908.66
891.92
895.22
921.45
1011.02
1163.22
1255.00
1295.40
1310.89
1317.68
1323.06
1319.40
1310.25
1290.23
1286.12
1302.53
1345.81
1398.95
1388.46
1308.22
1209.15
1095.99
1003.25
942.36
909.35
893.68
894.96
928.10
1011.28
1161.89
1250.68
1281.87
1294.74
1306.75
1302.95
1294.44
1301.35
1306.70
1321.50
1345.89
1383.92
1419.84
1403.99
1322.59
1216.14
1098.59
1007.53
948.07
913.80
894.18
895.70
926.72
1008.50
1156.77
1243.68
1272.60
1280.74
1285.24
1289.08
1298.36
1316.15
1317.21
1330.56
1357.46
1390.26
1423.13
1408.98
1330.34
1230.03
1112.81
1018.87
955.78
918.42
898.94
898.75
924.30
999.72
1134.27
1222.21
1259.95
1276.51
1286.37
1291.07
1291.92
1297.72
1298.26
1295.31
1304.78
1325.44
1354.69
1329.27
1260.20
1178.35
1086.24
993.16
927.03
889.71
867.20
858.56
866.04
899.12
962.80
1032.10
1108.02
1150.55
1165.82
1177.16
1178.73
1168.80
1156.88
1156.33
1179.26
1216.83
1261.29
1238.34
1184.96
1114.95
1034.21
955.86
899.72
862.93
842.27
834.13
839.75
866.87
916.91
990.94
1079.00
1131.40
1152.82
1173.06
1181.94
1171.44
1166.81
1167.57
1202.27
1251.53
1294.59
1266.90
1195.67
1118.80
1028.08
953.42
901.88
870.91
854.01
857.89
884.55
955.41
1059.24
1158.42
1231.66
1272.41
1298.89
1321.44
1327.01
1323.66
1307.03
1305.03
1328.97
1369.73
1423.10
1387.61
1299.28
1192.40
1078.56
983.17
921.02
888.47
871.46
872.12
903.56
993.88
1137.22
1230.25
1260.92
1269.01
1281.15
1296.93
1304.55
1317.64
1323.02
1342.63
1367.76
1402.28
1443.46
1413.69
1328.07
1219.10
1099.67
1002.65
940.52
902.24
882.04
881.32
911.18
996.41
1141.23
1233.03
1262.42
1271.55
1284.72
1296.08
1307.82
1307.24
1316.98
1381.47
1400.82
1416.40
1455.87
1421.25
1335.81
1227.31
1109.10
1014.40
956.64
925.72
906.43
906.15
935.66
1021.40
1169.58
1258.16
1296.69
1308.33
1329.26
1354.54
1368.73
1389.86
1393.69
1391.35
1395.46
1423.43
1465.63
1435.18
1360.32
1263.01
1150.76
1051.32
985.84
946.30
924.12
920.52
945.62
1024.33
1163.40
1252.07
1297.04
1319.11
1334.61
1344.73
1346.67
1345.43
1331.74
1333.89
1343.20
1367.75
1397.77
1360.23
1295.54
1218.22
1126.25
1038.52
972.01
930.53
906.40
895.42
903.29
937.35
999.87
1068.97
1154.83
1211.58
1242.78
1261.58
1266.96
1249.47
1241.93
1248.17
1263.08
1303.72
1345.61
1307.06
1249.15
1181.14
1085.66
1003.33
935.31
892.13
866.13
852.77
851.18
869.46
909.22
967.20
1041.72
1080.11
1101.14
1115.31
1122.51
1123.64
1117.54
1132.01
1182.26
1241.48
1293.54
1245.23
1188.36
1097.55
1002.92
924.64
876.14
848.87
838.78
842.77
878.64
977.31
1123.94
1217.76
1246.42
1253.64
1252.35
1249.69
1251.56
1256.76
1250.41
1258.61
1288.90
1357.74
1410.16
1364.27
1281.88
1184.44
1082.33
992.46
935.34
903.52
889.57
889.46
925.55
1026.57
1179.85
1275.09
1302.55
1306.23
1283.91
1289.71
1255.35
1244.77
1242.93
1260.65
1291.38
1360.50
1421.45
1378.01
1295.40
1196.91
1089.69
1001.69
946.15
909.69
895.11
898.64
932.97
1028.33
1181.39
1269.84
1286.07
1302.38
1332.04
1291.76
1290.35
1290.23
1260.90
1279.63
1297.98
1347.93
1401.97
1357.96
1281.52
1185.00
1075.66
989.07
932.78
901.13
886.02
885.59
916.10
1008.50
1160.40
1282.16
1321.71
1331.84
1318.06
1330.26
1347.25
1351.91
1357.30
1324.25
1322.26
1362.80
1412.00
1367.98
1291.96
1191.18
1081.66
990.40
936.32
903.00
884.87
888.79
919.29
1005.44
1147.19
1243.03
1275.13
1284.15
1289.59
1299.63
1306.03
1296.85
1276.67
1267.45
1277.18
1308.44
1341.90
1299.52
1237.37
1156.47
1061.26
983.37
923.99
885.77
866.37
861.08
873.40
908.56
978.47
1062.65
1135.18
1165.45
1165.80
1160.30
1113.51
1074.63
1069.83
1087.02
1145.52
1219.95
1267.36
1229.86
1174.90
1111.69
1037.80
964.81
914.27
883.39
866.44
864.85
876.45
909.25
970.06
1041.81
1114.87
1134.61
1129.29
1120.06
1111.36
1103.42
1099.06
1117.22
1181.54
1273.19
1329.20
1289.28
1215.25
1120.28
1026.04
948.21
898.49
870.34
861.04
869.72
908.34
1001.17
1159.45
1275.30
1338.94
1383.51
1410.93
1422.26
1422.58
1412.06
1388.26
1385.86
1408.57
1467.12
1479.76
1415.65
1328.30
1223.06
1111.41
1022.62
980.72
952.99
943.33
947.95
978.62
1063.30
1216.56
1321.59
1365.51
1394.95
1411.46
1419.62
1420.39
1416.32
1401.70
1401.13
1424.40
1477.11
1487.28
1423.65
1340.61
1240.01
1131.00
1044.27
986.44
952.36
936.23
934.97
970.77
1052.99
1206.27
1312.17
1351.13
1376.24
1389.41
1391.86
1385.20
1373.63
1357.34
1351.62
1377.65
1438.59
1466.15
1411.40
1337.71
1236.58
1125.92
1040.13
984.48
957.06
939.97
944.43
979.81
1074.39
1237.11
1327.17
1350.49
1349.98
1342.02
1328.44
1307.95
1283.76
1259.91
1259.34
1302.50
1380.11
1450.34
1419.73
1366.03
1276.64
1167.45
1083.47
1031.40
1000.42
987.19
996.61
1024.85
1120.67
1277.59
1375.92
1393.40
1390.15
1380.85
1345.56
1298.48
1269.90
1247.38
1260.35
1301.06
1358.87
1406.20
1365.08
1310.01
1233.03
1139.89
1050.47
992.47
962.52
940.56
932.76
944.10
979.07
1049.29
1129.30
1217.86
1279.49
1316.39
1336.76
1335.07
1314.19
1307.51
1302.82
1323.93
1366.28
1349.93
1291.90
1233.08
1159.93
1071.52
1003.08
948.00
907.88
887.39
879.75
884.81
911.66
960.81
1027.86
1105.73
1145.33
1164.01
1175.11
1184.55
1193.00
1200.67
1214.58
1236.48
1254.26
1247.64
1222.28
1195.10
1123.00
1036.33
963.70
915.93
887.72
877.73
882.89
915.17
1011.18
1164.77
1263.54
1287.11
1279.17
1274.09
1262.11
1247.79
1245.72
1239.69
1253.98
1295.00
1388.25
1439.44
1382.66
1308.60
1212.15
1107.87
1021.12
968.12
939.47
928.36
932.66
969.13
1065.98
1218.84
1318.62
1341.20
1326.27
1316.01
1314.58
1312.74
1318.73
1306.73
1308.62
1339.70
1419.23
1457.51
1405.49
1332.34
1239.79
1135.86
1050.33
1001.03
980.00
969.19
976.39
1018.67
1122.25
1287.21
1388.53
1401.18
1373.40
1346.09
1330.48
1330.56
1341.46
1324.17
1327.24
1375.28
1464.72
1515.47
1476.50
1407.19
1313.30
1205.15
1121.41
1064.36
1038.21
1026.55
1033.91
1076.29
1179.16
1345.43
1447.58
1462.62
1438.65
1403.90
1368.06
1335.70
1324.52
1320.19
1339.89
1383.86
1473.52
1515.27
1472.70
1402.50
1309.46
1202.15
1116.97
1065.22
1037.45
1026.70
1031.11
1068.54
1169.95
1329.66
1432.16
1449.60
1425.55
1393.03
1353.00
1276.19
1251.74
1231.96
1243.69
1289.33
1364.78
1408.20
1370.35
1322.15
1251.58
1159.96
1077.94
1022.39
990.39
975.10
975.17
994.03
1041.95
1122.92
1210.12
1273.33
1276.60
1244.80
1202.80
1165.28
1135.77
1123.93
1140.48
1196.27
1285.11
1330.12
1292.68
1245.89
1184.77
1107.00
1036.45
983.85
936.48
936.23
942.56
964.18
1013.53
1089.77
1166.45
1202.15
1197.11
1168.43
1148.70
1139.37
1132.28
1145.26
1188.73
1298.83
1388.17
1353.64
1295.42
1221.29
1132.94
1049.63
988.96
956.82
939.72
933.62
947.92
995.86
1110.17
1277.82
1349.38
1341.69
1314.90
1292.47
1272.43
1257.89
1257.65
1259.70
1287.71
1365.37
1458.05
1425.00
1356.69
1283.06
1185.50
1082.57
1007.56
967.04
943.74
935.45
946.93
993.45
1102.53
1261.84
1327.06
1312.95
1282.03
1260.59
1245.14
1239.17
1246.51
1253.10
1278.22
1354.40
1438.02
1404.78
1336.43
1258.91
1158.09
1049.61
971.20
923.86
895.58
883.09
887.00
927.34
1027.88
1185.22
1279.36
1315.53
1323.12
1324.77
1310.96
1280.12
1272.89
1268.19
1291.66
1370.48
1446.60
1420.72
1366.60
1295.31
1211.27
1114.88
1038.80
995.74
972.54
965.36
968.60
1008.20
1097.20
1222.90
1309.65
1334.86
1311.44
1287.00
1266.91
1253.26
1262.72
1282.89
1304.36
1383.31
1456.89
1426.12
1367.10
1295.73
1200.11
1092.82
1012.90
960.80
928.17
913.59
910.77
943.83
1033.52
1178.03
1277.10
1333.74
1368.78
1390.69
1400.67
1393.40
1392.87
1380.97
1379.36
1400.89
1430.58
1380.95
1311.99
1244.00
1163.06
1073.14
1000.78
940.48
911.57
898.68
900.07
916.08
962.66
1035.78
1108.63
1159.56
1164.53
1145.24
1129.39
1112.65
1114.67
1123.17
1171.00
1263.78
1315.09
1283.66
1236.44
1187.63
1126.44
1051.85
988.01
942.44
914.91
900.92
897.46
908.85
948.23
1002.39
1069.54
1120.96
1134.50
1144.34
1161.29
1192.77
1203.30
1210.56
1233.09
1335.11
1401.98
1359.55
1299.54
1220.66
1132.58
1037.49
963.05
932.49
911.95
904.79
911.87
954.66
1063.76
1227.08
1310.68
1325.66
1323.30
1344.05
1352.60
1354.61
1337.61
1330.02
1358.98
1454.18
1535.38
1507.05
1444.59
1367.71
1266.01
1154.97
1076.92
1024.17
998.49
989.31
1001.62
1042.84
1150.43
1308.79
1383.91
1390.34
1382.60
1355.35
1337.72
1328.83
1346.10
1357.02
1395.53
1485.61
1561.15
1536.25
1480.16
1403.59
1304.92
1198.93
1117.85
1067.29
1044.61
1039.51
1053.22
1103.63
1209.94
1368.67
1442.81
1428.95
1408.75
1420.65
1424.30
1407.98
1390.97
1371.79
1397.63
1483.10
1541.48
1511.33
1450.05
1367.55
1259.65
1138.34
1049.88
1003.71
970.67
956.53
951.68
994.16
1097.46
1254.42
1330.32
1337.04
1330.57
1303.39
1273.96
1262.56
1270.90
1277.53
1295.00
1373.26
1446.91
1417.72
1360.14
1287.65
1190.49
1084.73
1004.11
948.80
919.49
912.71
919.27
953.56
1052.95
1210.33
1295.09
1315.19
1316.76
1332.53
1333.90
1321.53
1324.01
1321.52
1352.95
1439.90
1499.18
1469.73
1419.78
1365.98
1285.20
1192.03
1113.38
1056.94
1025.59
1012.09
1015.38
1035.98
1089.97
1165.42
1248.95
1282.36
1276.49
1255.39
1236.49
1211.48
1199.98
1215.01
1263.61
1367.30
1431.53
1401.96
1351.09
1293.93
1224.14
1140.82
1072.37
1015.08
980.06
962.28
960.66
968.71
1000.07
1048.73
1120.70
1200.59
1252.49
1266.77
1259.71
1236.20
1209.75
1216.21
1254.16
1374.89
1438.76
1399.46
1334.44
1257.16
1164.11
1069.34
993.88
942.16
915.02
901.86
906.95
944.93
1043.77
1193.02
1289.74
1333.79
1355.50
1360.15
1357.24
1349.92
1348.24
1344.35
1363.21
1445.04
1515.99
1492.92
1442.99
1379.10
1289.17
1188.57
1113.62
1072.87
1045.64
1038.91
1047.36
1094.00
1199.04
1358.49
1440.99
1449.27
1439.36
1423.50
1411.06
1408.35
1417.11
1426.56
1474.69
1579.32
1659.02
1646.21
1596.47
1531.06
1436.64
1324.46
1239.56
1187.55
1154.49
1142.06
1146.10
1179.32
1265.16
1392.30
1480.69
1507.22
1492.97
1477.45
1459.35
1436.24
1435.06
1437.75
1457.59
1531.36
1584.55
1554.00
1504.63
1437.55
1349.10
1241.13
1148.75
1080.14
1040.81
1020.15
1010.76
1021.31
1062.48
1128.73
1214.79
1292.58
1345.51
1378.99
1399.43
1352.76
1276.37
1212.71
1191.97
1219.27
1228.41
1213.03
1192.84
1164.77
1116.53
1046.26
979.10
934.64
911.67
896.65
894.67
919.61
966.45
1040.30
1114.54
1189.15
1249.73
1283.26
1305.06
1309.56
1300.36
1296.61
1322.75
1387.07
1415.52
1388.51
1343.44
1298.64
1229.42
1148.00
1073.25
1025.96
996.17
986.65
991.13
1008.09
1052.73
1125.71
1214.18
1311.20
1373.43
1398.98
1412.82
1403.43
1373.06
1358.83
1390.28
1490.56
1555.88
1531.89
1484.46
1432.21
1358.78
1269.08
1196.29
1139.32
1108.47
1094.01
1090.14
1098.78
1133.14
1187.50
1257.82
1333.04
1369.35
1375.61
1386.75
1391.65
1397.81
1406.87
1431.22
1538.17
1594.40
1562.75
1500.87
1423.50
1327.29
1220.61
1137.85
1085.54
1063.98
1053.88
1063.64
1106.95
1211.77
1370.86
1464.49
1499.24
1495.58
1471.51
1445.95
1427.10
1430.49
1440.42
1483.70
1597.97
1691.35
1677.51
1624.18
1556.06
1453.06
1336.96
1247.90
1189.91
1165.85
1156.49
1164.84
1209.19
1313.94
1474.09
1552.48
1559.29
1526.08
1500.66
1497.15
1486.59
1491.20
1487.84
1507.32
1605.87
1670.25
1644.15
1583.99
1509.20
1394.22
1272.57
1176.29
1119.07
1088.36
1080.13
1081.49
1123.39
1227.45
1383.06
1459.88
1469.32
1461.92
1453.98
1448.45
1433.80
1414.74
1396.99
1426.66
1539.55
1621.52
1601.33
1548.54
1477.85
1369.78
1248.15
1149.86
1091.21
1060.47
1044.66
1049.86
1094.74
1197.02
1348.16
1444.89
1482.81
1510.08
1517.28
1498.29
1470.99
1462.80
1448.50
1464.63
1537.45
1584.69
1558.77
1499.47
1422.24
1320.27
1204.85
1111.28
1050.79
1020.19
1007.35
1015.00
1055.83
1160.37
1313.56
1405.96
1443.72
1454.81
1443.84
1424.69
1410.00
1411.91
1421.52
1465.42
1566.35
1634.41
1613.15
1569.90
1515.25
1436.03
1333.87
1242.40
1175.43
1143.61
1130.12
1132.49
1148.11
1197.70
1273.10
1353.48
1406.97
1421.28
1388.14
1356.62
1332.59
1325.44
1339.60
1381.52
1491.16
1558.02
1533.63
1485.71
1430.84
1356.48
1256.33
1173.49
1117.90
1085.55
1068.26
1064.26
1076.55
1113.76
1169.89
1243.56
1313.41
1360.42
1368.33
1367.31
1342.44
1333.03
1334.21
1378.73
1507.75
1586.49
1558.77
1497.97
1419.55
1317.47
1194.14
1101.58
1042.01
1011.74
998.67
1004.80
1044.75
1142.20
1297.68
1402.65
1449.01
1473.34
1486.35
1487.49
1474.20
1471.99
1448.24
1451.56
1530.20
1585.74
1553.78
1487.29
1397.96
1287.69
1175.80
1086.83
1023.41
1001.50
993.88
1008.75
1051.36
1157.68
1325.04
1412.97
1423.66
1403.50
1385.85
1386.43
1406.39
1427.57
1443.75
1473.27
1590.13
1674.07
1658.56
1610.41
1541.94
1437.53
1323.36
1233.99
1174.86
1143.55
1130.60
1138.70
1170.94
1272.50
1427.29
1526.39
1559.31
1572.02
1580.40
1582.03
1565.77
1567.27
1563.40
1583.80
1688.00
1748.14
1723.24
1667.63
1599.07
1497.67
1369.45
1277.23
1202.06
1170.70
1156.02
1165.77
1207.89
1312.29
1472.98
1563.83
1575.88
1552.49
1532.04
1528.58
1523.25
1528.53
1537.24
1568.45
1672.03
1730.11
1707.41
1659.12
1596.01
1498.36
1371.45
1273.12
1217.70
1187.87
1175.31
1174.42
1212.45
1311.12
1458.26
1559.08
1597.61
1618.30
1621.68
1604.66
1570.41
1546.14
1517.01
1514.32
1594.72
1641.53
1607.70
1551.38
1489.29
1405.13
1298.19
1207.44
1133.92
1089.20
1064.92
1059.17
1070.02
1110.90
1182.07
1274.92
1369.98
1445.92
1490.21
1507.57
1479.37
1448.39
1427.87
1436.95
1506.32
1531.13
1480.21
1423.29
1354.53
1268.32
1166.58
1065.13
993.58
961.78
946.12
945.38
960.27
1003.14
1063.96
1146.00
1220.97
1243.93
1246.99
1247.03
1247.54
1252.20
1271.56
1325.83
1457.68
1539.03
1519.27
1465.50
1404.26
1316.03
1201.73
1111.62
1054.13
1030.49
1023.87
1036.49
1069.94
1169.92
1322.11
1421.62
1457.09
1465.35
1460.65
1443.12
1394.40
1366.69
1365.37
1394.71
1508.46
1598.73
1579.65
1522.56
1452.23
1349.29
1227.39
1122.93
1063.62
1035.38
1023.28
1028.34
1068.04
1171.30
1330.02
1415.93
1419.58
1393.10
1376.00
1357.51
1343.74
1352.46
1361.72
1404.46
1524.63
1620.99
1610.71
1568.92
1510.91
1410.85
1288.09
1197.54
1142.24
1116.99
1106.39
1110.21
1151.72
1255.48
1416.26
1501.91
1521.79
1506.22
1463.18
1422.65
1405.86
1419.85
1425.82
1462.91
1568.23
1632.95
1612.27
1561.12
1489.91
1383.25
1254.61
1151.40
1073.93
1036.99
1018.93
1019.19
1050.58
1147.28
1294.87
1395.41
1429.38
1440.42
1449.31
1440.84
1412.57
1392.80
1378.68
1396.65
1495.54
1562.32
1538.71
1486.31
1424.13
1327.36
1203.92
1098.94
1033.91
994.62
973.62
975.91
1002.75
1092.69
1237.17
1327.92
1350.41
1334.66
1318.68
1302.03
1283.26
1284.18
1296.75
1332.71
1447.89
1514.12
1492.67
1451.99
1397.52
1323.02
1225.96
1134.63
1070.01
1035.05
1017.33
1015.76
1032.91
1083.24
1154.95
1250.29
1339.65
1391.28
1421.15
1441.37
1457.93
1475.07
1486.34
1514.43
1589.96
1624.61
1588.85
1526.85
1465.07
1378.15
1274.90
1184.63
1118.39
1092.43
1071.43
1069.85
1084.77
1116.68
1168.66
1232.85
1321.34
1384.87
1423.00
1445.22
1447.70
1438.55
1431.45
1466.49
1596.16
1686.70
1672.15
1622.99
1558.37
1463.90
1351.34
1256.97
1205.33
1186.86
1178.72
1189.89
1242.59
1343.36
1503.60
1606.87
1637.66
1645.08
1635.78
1602.79
1571.47
1563.51
1556.11
1576.45
1692.14
1783.01
1763.53
1705.85
1632.12
1529.21
1398.69
1294.14
1229.88
1194.79
1177.56
1185.56
1220.73
1321.42
1468.22
1555.50
1578.31
1564.14
1536.65
1510.97
1483.47
1469.14
1472.69
1505.55
1619.76
1701.51
1689.27
1646.50
1582.69
1488.94
1367.19
1266.02
1199.51
1158.13
1137.47
1134.48
1162.05
1244.74
1370.15
1477.88
1545.79
1585.82
1599.35
1601.26
1563.57
1523.82
1497.54
1514.41
1598.87
1669.62
1648.23
1601.05
1541.01
1447.64
1329.40
1234.26
1174.47
1147.13
1137.19
1149.95
1190.48
1278.75
1418.69
1525.58
1573.19
1572.87
1559.71
1542.37
1518.82
1523.59
1533.24
1552.64
1663.19
1736.80
1724.33
1684.13
1626.63
1542.00
1429.90
1331.39
1259.56
1214.04
1189.25
1184.34
1208.72
1256.09
1326.24
1416.68
1504.77
1572.26
1599.58
1601.98
1586.28
1565.38
1540.00
1549.56
1607.78
1607.81
1544.15
1489.14
1447.40
1393.49
1313.29
1228.34
1158.49
1116.43
1092.78
1083.83
1087.97
1113.45
1164.93
1254.43
1343.05
1398.40
1428.21
1449.70
1446.55
1425.07
1394.30
1394.17
1444.50
1458.07
1425.85
1386.49
1345.50
1283.69
1202.27
1129.58
1070.18
1039.17
1019.01
1008.19
1017.33
1048.41
1100.86
1174.00
1266.21
1332.76
1382.16
1410.63
1410.43
1401.41
1388.84
1396.88
1496.63
1564.54
1545.43
1500.18
1437.99
1357.21
1260.40
1176.65
1125.10
1093.32
1080.69
1088.92
1126.88
1201.72
1308.67
1402.58
1470.92
1520.28
1555.65
1564.99
1550.10
1540.43
1522.60
1537.23
1633.37
1703.34
1673.04
1602.37
1536.36
1436.70
1316.50
1225.84
1162.02
1131.02
1115.88
1118.81
1142.00
1212.41
1323.31
1422.40
1494.42
1532.02
1536.83
1511.47
1483.29
1468.02
1470.10
1491.20
1584.72
1651.11
1618.42
1547.15
1471.27
1369.59
1254.91
1164.16
1097.76
1060.27
1044.70
1046.86
1079.84
1156.30
1272.47
1370.01
1431.20
1448.63
1456.60
1463.42
1460.01
1456.91
1458.01
1471.70
1563.44
1620.76
1587.23
1522.46
1450.92
1356.76
1243.15
1154.26
1086.73
1048.53
1030.52
1032.23
1061.68
1133.26
1240.96
1337.76
1407.24
1450.08
1475.00
1468.67
1453.85
1448.43
1438.13
1440.64
1518.23
1579.32
1548.66
1485.04
1417.19
1323.43
1216.57
1119.42
1050.78
1013.60
994.59
991.80
1011.68
1060.10
1130.43
1210.90
1291.69
1347.27
1378.85
1387.32
1382.86
1373.19
1377.22
1400.92
1478.40
1513.44
1455.79
1380.02
1315.01
1244.48
1170.27
1104.69