564.15
541.25
525.11
520.79
526.80
541.49
567.38
600.47
635.75
659.18
673.21
675.60
678.87
680.03
681.17
694.42
734.59
758.70
750.23
730.41
695.86
668.38
620.32
580.47
551.52
537.17
531.29
535.23
549.33
595.87
674.01
726.10
727.48
710.42
671.68
637.10
625.81
610.04
631.07
673.82
730.08
756.84
750.79
734.40
701.24
673.23
619.15
562.47
532.45
513.76
503.65
502.07
515.15
558.52
626.88
681.48
690.59
685.78
685.35
678.21
672.38
669.23
675.93
686.33
711.79
732.75
721.20
695.81
667.58
642.56
596.32
549.28
517.99
499.96
489.57
486.44
492.76
513.35
547.05
593.51
635.45
661.11
668.68
671.98
672.10
670.42
675.15
686.85
713.69
739.37
720.46
692.92
667.38
642.74
612.69
574.99
549.07
531.67
522.93
525.59
534.14
552.70
584.07
629.78
677.49
703.43
709.11
701.76
684.22
674.85
688.38
714.28
766.29
797.59
788.81
772.29
741.18
714.68
672.65
632.29
608.86
595.75
591.51
594.93
612.39
656.08
734.99
778.35
783.26
782.29
784.43
790.15
792.27
784.38
768.03
763.70
777.10
805.55
798.36
776.78
743.33
707.68
659.98
619.42
594.07
581.70
574.75
578.70
595.61
636.46
715.49
764.65
763.46
753.35
738.03
712.19
690.77
697.30
705.91
718.80
753.20
785.74
778.30
755.51
725.19
693.41
648.10
603.25
581.28
567.46
559.17
560.32
576.67
618.62
694.30
742.66
747.00
730.97
702.02
689.98
699.69
716.38
725.00
734.40
766.02
801.34
798.74
791.07
763.76
746.11
695.66
653.05
626.58
616.66
612.76
616.86
638.09
680.53
752.18
788.53
771.63
752.62
735.96
698.68
672.54
668.09
702.02
742.90
787.19
811.82
807.03
799.78
770.30
747.77
699.54
647.04
622.00
606.16
594.63
592.79
602.14
637.32
706.02
753.95
744.72
734.76
735.40
741.83
740.43
726.09
712.89
715.22
737.82
751.53
735.19
707.75
678.87
651.68
609.72
569.54
535.69
514.71
502.53
499.57
505.64
521.20
556.85
602.69
634.20
632.41
597.19
576.98
597.27
604.48
625.74
644.70
674.81
695.69
674.54
648.34
613.46
587.80
556.35
516.48
488.21
470.22
460.82
459.62
465.15
477.94
506.62
545.91
579.71
585.96
564.80
577.69
580.03
578.62
601.00
653.83
705.11
747.56
736.28
715.94
686.65
656.33
620.18
581.38
557.88
546.21
539.45
546.31
563.74
614.26
696.68
743.98
728.83
723.84
743.42
746.97
743.99
740.98
734.55
737.16
756.09
776.90
767.28
742.44
711.01
675.86
631.04
588.22
562.32
546.67
537.73
536.94
551.12
599.12
680.61
731.54
736.50
723.28
706.20
682.08
654.89
663.59
679.91
693.86
722.38
752.21
744.18
721.52
686.92
649.80
604.52
561.82
536.39
519.44
509.72
509.65
526.91
575.86
657.65
710.86
709.57
701.11
690.20
670.33
665.48
676.06
678.01
698.39
728.95
759.66
753.80
729.84
698.41
665.53
620.94
578.13
554.43
536.27
526.39
529.93
546.94
588.04
663.26
707.52
725.16
732.89
733.62
731.33
704.90
705.37
707.19
723.30
746.28
796.37
795.96
778.00
755.47
729.82
689.22
650.91
629.01
618.90
614.47
620.36
640.63
687.84
764.04
807.33
803.41
799.84
775.11
759.64
747.78
742.91
750.41
779.43
818.78
842.36
836.72
828.37
812.39
812.04
774.41
724.87
686.51
664.83
650.28
646.26
648.04
666.07
699.45
751.16
786.05
799.30
798.70
791.26
788.30
787.91
786.08
793.57
820.30
841.86
828.44
806.17
767.60
737.29
694.95
639.94
606.84
584.48
570.00
561.82
563.51
575.62
605.79
646.53
686.24
709.98
721.73
723.91
725.46
722.79
727.50
737.09
769.28
816.21
804.12
773.26
742.92
712.52
672.93
632.93
609.84
598.50
591.37
593.53
611.51
649.65
718.44
776.86
797.92
786.61
768.33
747.62
732.66
720.32
720.70
741.72
784.94
828.01
819.97
806.22
773.73
757.16
716.12
676.18
657.15
642.44
633.85
638.16
655.21
702.26
781.70
810.12
799.32
814.20
807.69
785.12
770.13
752.39
738.26
758.11
792.12
827.13
824.66
805.57
773.09
750.58
703.51
657.16
629.68
619.23
607.88
610.21
624.88
669.43
748.62
788.69
774.38
737.18
700.37
671.09
644.68
625.78
640.90
686.45
729.53
781.07
780.10
759.72
729.90
699.54
655.38
614.51
591.04
578.78
571.09
573.58
592.87
639.70
723.97
762.98
732.66
681.41
640.82
628.80
614.30
625.22
646.24
676.41
716.68
760.31
754.40
732.85
704.49
673.25
628.21
584.19
559.53
546.05
535.99
537.86
553.36
598.06
681.28
727.44
723.37
693.05
635.53
608.27
612.81
606.53
592.71
617.64
688.13
742.89
739.85
718.70
695.94
672.50
633.59
588.32
556.89
539.86
527.49
523.80
531.34
550.59
586.19
635.46
655.81
659.25
646.66
646.73
648.36
654.68
668.95
690.84
715.46
742.24
727.28
694.56
662.93
634.18
598.07
555.22
526.52
508.18
495.63
491.49
497.06
516.56
550.05
592.89
616.29
618.33
630.53
626.30
616.10
583.03
614.79
651.39
692.83
740.10
729.36
702.31
665.20
629.65
589.70
550.77
529.69
515.43
507.96
510.22
531.57
576.23
658.68
706.81
702.13
687.24
663.02
655.03
657.51
669.22
679.61
693.59
716.67
755.95
752.29
724.05
689.61
656.21
609.06
564.53
542.68
530.81
525.50
527.73
543.45
589.85
673.12
722.85
721.95
710.30
704.03
696.92
693.00
697.29
706.69
720.03
752.88
788.63
785.60
766.19
734.51
701.53
657.13
615.39
592.22
577.05
570.50
574.87
594.00
644.10
729.07
773.13
725.35
649.48
590.43
544.45
515.87
522.12
554.77
633.33
736.73
792.19
799.52
786.25
758.22
728.91
685.57
646.24
625.25
615.18
610.19
609.53
626.28
672.06
754.37
790.97
709.05
610.12
542.13
503.76
486.13
501.00
550.19
644.37
729.57
780.35
783.80
764.36
739.91
712.13
669.15
624.81
601.14
588.77
584.90
587.17
601.77
651.54
730.22
766.63
687.42
585.59
560.94
553.06
566.68
576.55
593.28
663.68
704.84
747.65
737.36
716.78
687.17
663.71
622.07
573.47
543.92
525.92
516.49
510.15
515.52
533.67
572.06
622.12
654.26
656.49
643.22
638.56
647.60
648.33
656.43
673.77
699.89
733.76
726.22
701.48
671.14
646.89
606.73
564.15
534.34
520.13
509.87
507.26
513.53
529.73
565.57
609.62
632.72
594.13
601.64
603.92
558.69
528.23
571.85
630.38
694.71
737.64
718.59
682.30
652.01
631.68
600.08
556.68
530.37
517.35
508.12
507.99
525.94
573.45
656.19
705.91
696.81
649.75
659.79
661.93
670.07
676.62
676.39
679.01
705.72
739.08
740.08
723.97
687.82
656.38
620.18
571.16
543.69
532.42
524.35
525.85
542.26
587.15
667.88
714.99
707.41
705.91
691.54
680.53
682.37
682.42
675.59
676.59
699.05
740.19
734.89
722.27
699.88
670.42
623.26
574.03
546.08
535.96
524.90
524.25
543.00
590.07
677.79
722.80
697.82
641.15
557.04
474.46
431.11
426.51
473.02
574.62
671.35
739.41
740.71
738.22
710.57
683.85
641.81
598.13
572.33
554.70
544.98
548.73
563.07
603.13
671.39
711.84
726.82
735.88
741.66
744.65
735.70
728.80
715.57
708.88
723.06
753.80
744.99
718.06
686.83
650.80
609.48
570.37
544.14
526.86
515.29
512.86
523.94
560.65
617.91
669.54
698.92
713.49
726.48
731.57
719.83
713.47
707.55
694.53
697.32
736.77
737.54
712.17
685.44
662.58
632.01
594.56
568.17
554.82
548.14
549.41
561.11
583.28
626.00
668.86
695.70
702.32
698.27
688.35
677.92
670.30
670.54
680.76
710.21
770.06
780.77
760.95
742.41
722.20
689.11
652.69
628.71
614.62
609.43
607.23
613.47
631.43
662.88
704.28
725.24
722.64
716.92
701.61
684.61
673.49
679.84
691.51
717.54
762.70
759.99
732.34
697.75
656.21
616.87
580.21
552.44
536.63
526.67
526.26
540.51
581.89
661.83
706.33
713.53
719.00
718.71
710.17
696.84
689.55
678.15
680.55
696.47
731.98
737.91
711.15
678.44
646.83
603.64
562.27
541.00
526.17
519.98
519.88
534.17
578.19
657.16
701.17
701.87
701.91
698.43
686.21
680.81
680.40
676.19
676.45
688.00
727.58
733.03
710.28
677.74
648.19
604.38
559.57
534.75
522.05
514.90
518.01
535.00
579.42
660.47
701.62
663.64
613.97
582.64
531.43
483.83
476.79
553.60
614.30
667.71
723.68
735.74
716.22
685.14
651.23
610.58
568.85
543.84
523.91
512.38
514.09
530.02
575.43
653.81
695.69
706.85
706.27
701.73
696.00
684.07
668.99
671.96
680.26
699.75
743.05
756.02
742.98
718.96
692.45
659.18
620.22
598.74
586.46
583.17
587.50
606.77
651.94
730.21
749.83
724.34
714.64
672.40
621.49
586.56
573.33
582.29
629.61
715.88
777.51
784.30
781.19
765.48
765.79
730.45
685.59
664.93
644.13
636.83
637.40
643.35
664.66
704.75
731.78
698.08
642.80
602.71
562.16
527.27
507.41
547.75
637.79
715.19
785.56
789.05
776.41
750.10
727.47
683.09
632.73
600.07
581.02
568.29
562.49
564.47
574.56
602.81
642.21
669.19
674.17
658.21
645.05
633.37
623.61
627.82
646.03
687.52
746.97
756.49
728.35
693.13
658.11
615.82
572.97
543.11
526.50
521.97
523.60
537.63
577.96
654.10
685.20
637.12
569.53
537.96
521.04
502.79
500.63
502.06
552.48
654.31
744.56
768.45
747.08
718.90
689.16
643.89
602.07
578.21
563.02
557.80
560.93
577.15
620.05
695.49
740.32
748.13
754.66
761.76
759.63
750.43
743.08
734.22
730.78
741.92
772.75
765.96
743.51
703.86
665.96
617.52
571.78
540.52
525.84
517.22
520.26
537.41
578.78
660.51
703.71
688.19
643.37
618.90
575.72
520.74
503.38
503.02
562.97
660.50
754.18
780.50
762.31
737.67
707.60
663.97
622.29
598.30
586.57
579.17
580.07
596.08
641.93
724.10
745.90
695.71
656.14
617.94
585.41
574.34
566.71
566.58
607.74
699.44
775.49
789.15
785.48
763.17
749.60
709.04
662.15
637.21
627.21
623.35
619.57
633.03
675.90
757.60
763.89
686.07
625.38
566.19
540.73
506.95
494.79
511.64
566.12
669.56
748.74
771.14
752.40
726.61
709.56
668.69
623.68
592.91
575.72
570.31
570.34
575.89
594.70
630.25
644.24
604.31
555.80
513.14
478.21
441.08
421.44
437.87
513.31
612.27
686.05
705.49
685.02
663.02
641.91
611.47
570.73
545.75
530.47
522.78
519.97
527.04
543.59
576.56
581.45
521.95
468.30
428.20
396.65
381.66
387.29
421.52
503.66
600.06
662.67
680.89
664.59
636.76
605.04
568.83
537.46
518.52
508.03
502.93
507.60
526.22
570.04
642.63
649.28
570.88
471.74
421.42
395.54
381.32
403.49
431.57
505.50
591.14
671.71
696.60
673.89
641.57
612.27
572.98
531.42
511.68
499.63
492.33
492.19
508.02
550.92
625.41
654.37
631.63
611.58
596.70
609.22
609.45
606.34
616.39
611.14
640.30
689.95
709.97
690.11
652.97
622.68
580.30
536.93
511.52
496.72
486.79
487.52
504.76
546.25
623.14
667.59
667.16
640.76
647.49
645.20
629.95
632.70
641.18
633.71
664.27
703.15
711.44
690.82
658.55
629.98
589.91
551.53
521.73
507.64
497.66
496.50
511.30
553.87
624.82
681.11
672.37
688.59
685.53
671.56
657.22
648.15
653.48
671.11
701.06
738.62
754.69
733.55
705.33
676.52
635.41
595.59
571.44
556.27
550.86
550.66
568.15
609.37
678.59
713.41
698.19
675.43
649.42
627.84
610.57
618.77
634.82
655.92
687.71
730.52
749.90
730.87
710.71
692.01
652.49
610.20
580.95
565.21
554.63
552.99
561.26
580.75
615.55
646.38
659.29
658.48
641.21
605.89
583.21
580.61
596.46
631.19
669.37
726.10
749.19
717.53
695.80
681.10
661.61
623.18
583.46
565.17
556.15
556.93
563.02
581.54
609.00
627.61
634.93
626.97
571.92
540.60
519.62
476.96
461.19
505.17
605.41
695.83
716.18
711.19
690.37
665.53
632.59
587.32
564.26
551.35
542.58
544.12
554.29
596.52
661.85
693.62
684.85
671.29
661.84
649.76
603.72
608.32
604.25
608.68
652.34
706.10
709.36
695.23
663.49
635.98
588.75
547.01
523.81
506.70
502.63
501.72
514.38
556.02
624.29
636.72
569.17
475.54
426.98
390.25
401.88
473.42
494.10
562.03
626.55
672.82
691.35
673.55
648.66
618.16
574.86
534.02
509.58
494.69
486.37
486.70
506.16
556.71
638.21
665.02
611.94
569.63
542.05
541.75
547.26
554.14
584.33
613.15
644.93
693.71
709.62
702.52
675.21
646.37
597.79
552.98
525.60
507.80
501.38
505.19
522.44
565.40
641.57
631.79
548.22
478.32
450.56
433.99
440.06
427.13
432.79
490.22
583.75
668.75
708.46
699.12
667.11
634.42
592.17
550.73
527.12
513.44
505.58
506.32
524.01
566.00
636.68
624.88
549.01
489.70
449.02
440.38
471.85
543.25
586.65
623.11
663.24
703.98
707.71
697.84
673.21
654.65
613.84
572.03
542.95
529.00
521.62
521.13
533.71
557.79
589.24
586.56
526.73
447.90
395.72
367.59
349.54
338.61
354.16
424.61
551.47
662.12
698.93
685.55
665.59
642.69
608.96
571.82
548.33
540.50
532.67
520.94
528.21
535.57
560.89
587.12
564.13
473.51
395.88
351.91
328.61
314.56
309.51
339.09
438.88
545.68
636.34
664.06
644.76
614.46
575.50
534.16
503.12
488.46
480.11
483.72
499.92
542.09
621.11
665.91
613.38
528.60
472.47
407.05
348.67
341.15
353.84
409.17
460.33
571.14
642.02
662.58
641.94
609.63
566.88
522.12
497.54
478.88
469.29
469.18
483.84
529.04
606.21
655.15
635.25
616.64
612.41
607.37
595.33
618.50
609.35
615.34
641.70
665.54
678.51
674.67
642.53
605.80
559.54
522.73
492.38
481.56
473.13
475.02
491.37
537.74
616.24
666.25
619.27
537.21
474.96
470.34
461.67
460.86
511.63
540.28
575.17
633.93
669.99
677.57
661.33
628.47
587.35
546.45
519.27
503.81
496.22
497.92
510.59
552.97
631.06
680.53
674.24
643.25
588.12
520.08
474.55
451.56
442.39
489.01
549.27
609.55
653.00
672.02
656.19
627.28
582.60
538.83
508.19
490.04
480.51
481.50
496.35
537.44
615.39
674.65
684.83
683.91
682.95
686.41
673.37
661.28
559.25
457.48
500.15
596.33
659.66
680.89
661.39
636.33
596.50
555.24
525.94
507.42
496.62
494.76
499.56
517.23
547.59
584.28
585.14
547.38
485.25
431.83
393.13
357.37
338.13
368.68
436.28
543.11
625.67
650.86
631.91
605.16
571.26
530.46
499.78
482.34
474.34
473.62
480.01
494.38
524.05
551.82
537.75
497.98
422.07
366.68
329.83
309.14
293.71
314.71
391.33
517.36
624.19
660.95
650.81
620.73
584.44
549.59
526.59
515.63
511.74
514.82
532.39
578.73
652.82
680.53
603.82
486.54
412.16
375.20
350.26
338.85
349.35
377.25
461.40
563.63
645.11
671.82
653.87
628.45
588.94
546.57
521.75
507.23
497.57
498.99
511.74
549.36
614.16
666.04
684.71
697.48
704.48
701.93
691.56
652.35
639.14
639.55
644.84
657.29
674.71
681.61
655.45
624.88
585.99
545.86
516.32
500.84
493.17
494.03
508.94
546.63
604.75
638.10
580.71
475.31
405.27
368.44
346.22
345.50
371.10
434.08
512.41
596.46
647.28
661.28
637.27
607.87
569.42
530.26
503.50
485.96
476.87
478.43
491.62
530.32
589.86
638.71
644.96
612.84
606.12
603.97
559.60
579.60
572.23
565.62
602.40
639.17
662.68
669.84
643.75
614.91
574.51
533.79
503.89
488.25
478.73
478.53
491.90
524.86
575.43
626.10
647.26
638.55
620.91
615.52
613.48
567.12
561.28
528.97
569.11
584.55
617.25
625.53
605.94
578.17
544.40
504.99
477.54
466.19
458.53
461.60
469.67
487.71
518.73
536.35
476.24
382.55
325.18
306.97
297.26
280.71
276.37
294.76
366.78
497.80
606.08
640.38
623.37
599.40
572.39
537.51
512.36
498.42
493.28
494.67
499.46
514.61
537.28
539.22
465.46
374.17
318.94
303.19
289.50
271.93
262.29
281.31
356.83
489.47
599.93
634.93
621.28
593.81
561.89
527.55
505.46
494.76
491.34
489.38
501.37
535.07
590.86
633.98
634.81
595.20
600.86
563.35
544.54
596.78
628.15
653.76
679.40
692.31
685.80
672.73
643.94
621.78
584.26
545.31
519.29
502.29
492.75
490.03
501.97
530.51
580.95
623.77
652.17
651.05
642.33
634.67
611.38
583.53
551.21
534.96
549.04
584.81
631.58
654.37
635.09
608.94
571.81
532.09
508.36
494.97
488.98
489.77
501.17
531.90
585.18
613.48
610.63
550.20
477.92
418.97
403.09
425.77
446.03
504.46
553.75
607.58
644.77
660.95
636.34
607.63
569.70
531.48
505.56
491.25
483.57
484.14
494.77
525.43
576.74
592.29
517.62
435.12
393.07
354.81
340.61
363.71
433.87
468.96
481.29
568.32
638.64
654.47
627.84
597.12
557.57
517.87
490.72
477.82
470.05
467.86
476.84
505.26
553.78
579.24
524.32
456.97
413.00
381.28
348.40
310.96
289.68
298.61
366.10
487.27
594.77
626.00
613.65
587.03
549.38
507.90
481.26
470.22
466.72
466.26
474.77
491.71
519.48
511.28
450.03
426.43
456.48
459.73
470.82
478.75
467.88
479.09
508.65
572.12
616.80
629.65
602.73
569.79
538.67
500.10
473.37
457.81
445.03
441.94
444.94
458.88
481.66
514.76
551.58
588.79
610.64
627.42
638.13
638.21
634.93
635.46
646.74
666.12
662.79
645.75
610.97
581.69
550.28
515.55
492.52
476.73
469.86
470.11
480.73
511.17
560.42
584.53
586.46
535.12
562.12
608.22
626.05
622.33
608.96
612.64
625.48
656.72
667.95
665.52
637.93
605.55
568.02
527.34
502.46
486.15
477.89
476.87
485.20
515.35
559.52
587.31
567.88
531.36
502.63
461.72
399.11
364.47
335.99
337.84
401.91
492.29
588.72
621.07
610.56
582.30
546.98
508.60
484.81
473.11
467.15
467.70
480.63
508.56
552.68
554.59
478.09
382.02
322.47
311.31
322.13
332.33
366.76
415.15
483.56
567.74
616.76
631.29
611.26
581.47
545.06
507.98
488.22
471.10
463.77
467.01
475.38
501.64
549.74
584.42
593.24
584.23
556.46
527.60
524.34
535.92
547.41
571.41
607.75
642.57
652.10
642.34
619.37
599.80
556.55
518.59
493.64
476.97
467.31
464.68
474.36
499.08
541.52
583.12
593.84
590.60
575.79
570.01
568.41
553.12
547.90
554.82
579.01
608.27
621.62
615.79
590.24
563.12
525.94
487.97
462.38
446.87
437.85
434.02
440.10
453.73
479.64
486.51
479.23
437.88
368.79
346.79
342.39
333.14
344.80
398.70
466.43
520.59
562.14
581.21
564.35
537.36
507.75
472.37
448.98
435.61
427.03
424.28
427.53
439.90
459.08
471.83
480.13
471.24
445.88
453.18
488.13
511.84
528.27
539.75
561.82
581.44
581.11
586.09
567.55
539.32
509.15
471.10
451.78
438.78
433.86
433.04
445.56
474.87
519.94
517.86
437.81
345.34
292.02
270.75
261.45
246.54
238.68
261.64
337.37
465.79
560.06
590.27
579.53
550.73
512.70
476.36
451.74
437.67
428.78
429.22
441.13
470.86
513.86
510.05
427.63
339.98
289.55
280.03
266.12
256.68
255.61
302.40
394.90
483.82
558.14
587.90
575.92
547.14
512.95
476.31
453.57
440.09
431.12
433.05
443.61
470.25
512.74
533.27
510.95
469.05
435.16
402.70
396.10
380.58
360.98
405.25
467.48
526.48
570.72
590.89
575.84
547.25
512.82
475.64
451.86
437.90
430.80
429.48
441.50
469.16
515.07
538.81
553.41
586.55
610.05
636.06
635.66
620.63
607.26
600.55
602.77
626.12
628.21
618.09
596.92
573.41
537.66
502.53
476.25
461.63
452.22
450.02
458.38
483.35
524.68
548.94
550.55
529.18
516.81
505.14
495.11
478.76
488.66
522.29
543.06
574.53
601.39
607.29
594.07
570.79
538.25
500.63
474.21
457.90
448.94
444.96
448.87
462.58
483.77
492.26
488.35
463.01
421.48
399.53
368.88
345.57
340.02
382.80
428.97
489.19
548.07
581.58
574.14
548.32
520.69
486.83
461.11
446.31
437.77
436.28
440.74
454.26
465.03
452.13
405.77
346.03
315.21
268.27
334.86
370.31
423.98
475.75
477.35
524.47
535.25
551.68
545.77
518.09
490.54
455.99
432.94
418.97
412.23
411.28
420.71
448.22
490.30
531.72
566.26
576.69
588.33
583.85
567.30
559.41
551.61
573.68
586.45
593.67
603.72
596.30
567.85
538.00
504.62
470.89
447.33
438.06
433.01
436.05
448.10
473.75
511.81
525.08
516.61
475.05
390.46
325.61
301.62
297.48
313.55
367.40
415.74
492.25
554.87
589.49
582.29
555.38
521.38
484.97
461.38
446.67
437.04
437.45
448.18
476.12
512.08
508.24
433.12
358.04
333.47
345.36
345.53
352.90
352.51
373.38
416.74
498.03
554.86
589.75
585.98
566.37
532.06
492.60
466.88
452.86
446.15
443.86
455.16
482.88
523.56
525.77
480.57
446.78
438.03
414.56
395.81
374.59
366.33
383.57
433.35
503.32
568.95
600.37
600.55
578.96
543.69
506.81
478.62
468.33
459.25
459.14
468.91
495.36
530.60
525.27
467.64
431.25
433.75
413.24
403.66
379.68
385.55
411.07
458.34
520.48
567.51
589.36
580.57
559.75
527.81
491.22
463.66
449.52
437.96
436.33
443.11
458.92
479.27
488.99
479.49
429.84
408.47
411.91
394.33
393.54
377.01
366.63
390.35
450.79
520.39
561.70
566.90
545.85
518.56
484.07
457.97
445.42
439.26
437.06
440.28
454.67
462.05
431.64
361.40
292.52
267.08
245.95
221.00
257.84
343.68
423.74
500.88
549.18
565.45
561.81
546.69
519.63
489.26
456.28
430.93
419.31
414.97
418.09
431.61
465.79
502.00
488.20
415.56
338.20
299.17
279.46
268.25
252.23
240.53
254.58
315.06
418.14
521.45
565.91
575.04
552.54
517.60
481.77
460.02
448.24
443.77
444.26
455.42
483.35
515.90
497.79
440.79
442.72
518.51
588.37
598.76
592.37
576.27
573.77
545.91
539.54
560.18
592.63
594.87
572.70
536.85
498.83
478.26
462.98
455.58
458.13
469.70
501.09
543.09
575.53
581.17
567.70
534.97
491.34
474.07
437.98
438.54
448.06
493.25
557.85
596.52
610.81
609.32
585.83
553.94
513.42
489.05
477.91
470.62
471.18
480.22
509.82
538.24
510.84
426.54
343.27
301.53
284.79
270.71
256.21
245.43
263.69
323.20
425.46
524.07
569.45
577.26
558.97
523.94
485.90
461.07
446.34
440.05
441.39
451.49
478.56
508.86
515.93
478.43
404.54
390.97
381.33
364.18
369.90
349.79
343.68
393.85
486.13
536.00
561.32
563.96
541.42
507.86
472.21
445.96
430.15
422.19
420.89
423.63
436.26
454.10
431.14
366.86
305.15
246.02
215.72
207.70
187.32
178.11
204.85
278.41
388.53
489.95
535.77
546.15
524.87
494.29
461.59
436.01
421.91
415.47
413.75
417.50
429.10
438.59
439.65
421.40
423.22
435.87
452.70
438.23
437.62
484.22
527.80
569.66
605.17
608.91
595.26
572.08
542.75
510.37
475.90
451.76
440.93
435.55
434.96
445.34
477.26
526.39
572.32
598.18
601.40
597.35
568.65
564.44
561.63
565.01
567.21
583.41
616.15
617.06
611.73
598.21
572.03
537.29
497.32
470.19
455.53
446.79
447.95
456.92
486.90
523.94
517.16
456.54
381.44
326.02
312.32
304.91
291.89
284.62
301.63
360.88
454.39
530.81
567.27
576.96
559.24
525.48
487.47
463.50
450.49
445.25
446.40
459.10
490.88
520.12
502.57
429.10
379.77
325.28
286.74
260.67
287.65
361.06
448.87
491.96
570.29
586.73
588.10
572.77
548.75
513.80
474.54
450.04
432.85
424.78
424.70
436.08
466.82
513.68
557.85
587.55
593.75
592.19
600.50
587.62
573.72
565.80
567.81
593.68
618.02
613.45
602.93
586.23
562.58
525.45
484.71
457.87
443.75
433.26
433.05
440.24
466.18
505.52
548.10
563.31
549.24
538.11
501.10
455.41
435.37
422.48
438.41
462.23
520.62
545.51
558.87
555.93
535.94
505.33
467.27
441.98
425.39
419.80
420.48
425.56
438.44
445.37
410.15
342.33
273.15
233.23
212.84
200.61
188.57
191.51
260.00
355.80
439.76
483.11
528.80
538.45
522.04
493.84
456.74
427.67
413.56
404.28
402.35
405.95
416.55
431.35
432.66
390.52
333.50
281.32
243.03
231.72
270.93
283.68
310.73
351.73
425.26
495.39
531.10
543.48
526.87
494.01
455.09
426.75
411.76
403.37
402.79
413.27
441.27
471.68
463.75
438.72
459.72
502.65
502.58
488.82
506.85
506.97
513.46
539.36
582.94
600.26
594.77
581.38
553.32
519.98
478.13
452.42
439.82
434.65
435.78
446.72
480.43
521.22
540.05
505.62
448.99
413.66
374.57
347.17
327.27
312.16
312.97
364.19
457.98
541.16
576.28
583.34
566.10
530.12
491.72
466.70
452.18
446.71
447.01
459.39
488.74
516.20
495.08
433.07
382.71
370.97
370.08
342.54
359.89
385.54
404.98
429.31
487.44
532.48
562.21
569.11
548.58
514.19
475.52
451.42
439.39
434.38
435.07
447.27
477.88
506.46
486.49
411.05
332.50
294.13
285.95
296.93
309.33
340.07
383.60
395.16
451.83
527.00
563.79
568.95
548.70
514.53
474.92
452.29
438.59
431.70
431.23
442.88
471.39
502.32
499.43
447.53
400.25
342.38
317.89
328.44
353.71
371.22
407.87
469.77
532.66
563.14
574.01
571.51
554.39
523.58
486.78
461.89
448.59
441.19
440.50
444.75
460.67
486.32
514.50
518.88
481.03
481.10
463.60
433.39
411.19
391.70
379.84
409.41
495.63
558.02
585.49
589.00
570.18
541.07
503.01
475.80
460.63
450.70
447.69
451.77
460.30
465.96
455.93
447.56
463.15
478.54
460.96
411.38
356.02
363.14
391.63
434.72
486.57
527.76
552.42
558.24
542.28
512.92
478.16
455.15
441.00
434.55
435.87
446.87
477.08
509.32
513.67
489.07
433.20
405.75
455.23
523.38
565.09
572.51
560.59
581.43
611.96
606.31
600.78
591.64
582.26
542.32
495.57
468.59
454.37
445.19
445.55
457.97
488.75
517.80
512.23
455.42
396.57
360.85
329.80
299.13
290.09
298.73
343.53
403.31
492.06
544.35
578.58
585.71
580.69
537.10
496.95
473.93
460.38
453.12
454.85
466.53
498.21
523.00
494.42
419.21
342.85
313.94
302.89
290.57
276.53
264.16
274.94
322.65
416.69
513.78
559.44
571.57
561.47
525.07
485.20
459.07
445.76
439.13
439.74
452.16
482.27
503.50
476.90
408.84
334.47
290.07
270.60
257.04
250.28
265.42
308.67
361.19
460.76
542.31
563.58
569.41
550.13
511.29
468.75
442.92
427.44
418.62
418.01
425.95
454.07
495.21
528.81
528.97
494.81
456.29
431.06
437.30
470.80
489.78
498.06
506.10
572.38
602.13
590.73
569.77
547.03
506.10
467.00
442.69
425.72
416.78
415.13
416.04
431.56
449.96
466.90
476.60
477.88
469.18
447.95
405.20
355.87
341.00
364.43
405.63
462.53
511.87
538.76
544.41
531.62
501.87
465.10
434.47
418.97
411.96
410.67
412.04
422.29
426.13
419.87
396.98
371.34
357.39
330.40
320.95
307.74
295.69
314.54
353.18
434.55
508.59
543.36
553.32
536.71
498.77
458.82
432.92
418.77
411.51
408.62
417.75
448.37
483.39
519.28
502.66
468.43
446.80
392.82
341.20
319.99
313.84
312.59
348.58
432.38
520.89
561.54
571.15
555.09
513.56
468.21
437.15
420.39
411.72
412.89
426.63
453.28
475.96
458.42
393.65
326.21
290.62
275.33
267.57
266.77
273.38
286.60
352.28
451.83
533.61
559.33
571.20
558.08
516.14
471.04
441.67
425.41
417.36
417.76
428.31
454.04
482.06
464.35
400.16
338.63
300.75
287.32
278.89
275.01
276.80
297.02
351.62
439.27
529.18
571.24
584.22
572.24
524.87
480.61
448.72
432.25
421.92
421.95
431.42
457.55
482.04
466.56
405.78
337.06
302.31
291.08
291.13
293.64
294.27
317.70
366.38
449.61
539.69
577.60
588.13
582.12
535.72
486.88
455.77
437.10
426.57
424.15
431.65
454.17
478.56
463.54
411.58
353.89
321.48
312.00
303.31
303.70
312.11
336.32
396.53
479.08
560.12
595.77
602.18
591.89
550.37
504.62
467.65
448.13
435.50
429.77
427.57
427.51
427.69
414.48
377.64
327.55
285.26
266.60
258.39
251.12
262.27
290.91
351.23
439.61
516.61
553.42
562.45
554.79
519.26
474.91
443.18
425.74
415.35
410.44
412.39
416.58
412.57
383.76
337.39
292.07
263.97
244.43
241.73
245.88
259.88
295.31
348.99
423.78
507.04
546.71
558.02
551.24
514.85
472.92
439.89
421.72
411.27
407.59
412.27
416.78
416.81
403.51
387.53
401.24
395.88
350.51
346.88
365.73
408.77
422.98
434.80
478.57
535.36
563.35
576.18
572.19
530.56
487.27
458.56
445.53
436.28
433.15
442.53
469.27
503.87
519.42
495.44
442.98
395.44
387.03
402.83
415.68
432.67
468.34
529.70
606.34
675.44
706.81
713.01
708.27
664.74
609.45
565.80
533.04
513.87
505.52
509.85
529.86
561.67
571.20
545.41
505.13
483.60
483.89
496.97
526.74
546.15
576.67
631.26
703.06
744.06
748.59
749.97
737.56
700.35
638.16
597.28
571.68
547.26
538.36
543.40
564.53
593.74
613.18
594.12
562.83
560.77
545.14
543.82
576.27
594.79
603.30
626.03
690.37
723.80
715.46
711.18
711.21
672.17
621.39
584.85
558.93
541.96
536.39
542.20
561.35
591.22
610.84
578.78
563.48
557.17
548.21
555.76
585.52
579.79
638.86
648.48
682.98
723.83
701.98
668.28
652.32
613.20
568.25
532.37
513.14
499.27
488.22
486.92
489.64
488.08
476.71
465.07
455.19
418.05
373.82
333.92
302.30
294.48
321.14
383.04
489.17
554.03
578.90
574.07
558.28
523.00
478.63
445.33
426.54
412.61
407.04
405.60
407.33
401.16
370.69
324.54
301.26
309.24
326.20
333.54
356.29
378.06
409.25
450.04
484.74
505.63
529.25
537.81
531.38
495.65
456.00
431.43
418.20
411.91
412.31
423.27
450.97
476.82
462.47
417.42
385.61
347.62
353.55
380.23
392.78
409.73
449.80
506.77
557.98
568.66
564.24
564.05
554.10
515.37
472.27
445.55
432.72
424.47
424.16
434.88
460.73
492.15
521.11
537.11
533.30
475.76
392.72
353.87
410.77
476.08
486.44
509.95
539.67
564.07
581.33
580.66
562.14
522.86
476.95
448.54
433.90
423.68
424.00
434.54
462.36
504.48
541.27
548.31
524.41
510.77
520.34
523.33
520.94
532.31
547.70
558.34
583.67
594.92
587.54
592.66
575.97
535.19
490.67
460.79
443.92
434.42
431.59
441.28
465.89
500.93
500.68
457.03
406.64
381.92
392.63
436.64
463.53
471.92
477.25
489.71
544.84
607.09
633.96
642.64
634.24
588.84
537.37
500.48
480.98
467.32
461.92
468.61
489.56
522.58
535.15
518.46
468.46
450.84
462.45
476.59
475.17
496.21
512.74
563.18
613.08
663.96
670.06
675.33
668.03
646.81
593.73
552.46
518.33
503.75
493.71
489.63
494.77
499.99
507.93
497.19
498.05
488.89
443.09
427.89
415.75
409.78
418.11
470.75
574.73
622.02
616.72
599.30
581.87
544.15
500.57
469.27
450.69
441.50
433.64
434.21
437.22
433.99
419.27
389.93
349.31
323.19
336.63
361.77
382.40
390.52
373.44
414.16
486.36
539.45
561.24
569.17
565.05
528.82
486.21
457.46
440.99
431.51
429.38
439.48
462.80
490.37
479.68
426.88
367.26
340.82
333.71
325.53
323.16
324.44
336.58
393.82
488.57
564.10
603.82
607.82
599.20
558.63
509.32
475.79
460.35
450.05
448.34
458.66
485.33
528.37
572.84
592.86
598.91
596.02
550.81
510.96
480.38
497.45
491.98
512.86
542.57
581.47
596.77
604.48
600.59
560.10
511.13
481.83
461.91
450.34
447.12
458.21
480.54
506.31
525.12
484.47
468.47
441.16
460.35
446.75
487.51
544.12
558.71
551.12
575.61
604.32
613.61
619.75
617.62
578.33
532.22
505.64
490.77
482.02
479.70
489.36
516.92
568.63
623.81
654.28
628.27
627.32
576.36
538.73
527.38
530.60
516.44
524.89
573.24
629.36
661.67
644.35
639.77
610.00
551.48
512.62
482.54
464.80
458.40
462.73
480.45
505.89
496.72
454.06
411.90
386.63
437.26
441.61
416.45
407.99
396.03
425.70
490.10
550.52
582.43
587.62
581.04
545.34
497.01
466.33
445.52
434.67
426.05
428.49
434.65
443.55
438.74
418.14
391.10
380.28
382.10
377.21
398.37
400.33
431.53
461.49
493.58
520.50
533.59
536.84
533.44
504.55
467.37
438.47
423.92
414.51
411.93
416.56
418.58
408.68
389.57
355.70
349.13
370.76
398.36
398.01
380.34
386.32
395.92
416.09
454.54
504.76
539.64
551.43
548.71
512.61
470.01
443.24
429.11
422.58
420.07
427.57
451.36
482.78
481.61
432.81
364.73
348.81
370.79
392.66
377.99
371.73
388.41
424.10
483.88
550.53
586.79
593.27
586.67
543.02
493.33
461.33
443.59
434.91
431.71
440.78
462.35
488.03
480.41
429.15
374.59
345.64
339.42
337.11
342.20
348.56
379.54
437.26
516.20
596.57
636.25
636.42
628.46
580.91
525.74
489.02
468.94
456.55
450.73
456.60
478.37
507.04
502.48
457.42
409.36
384.79
384.28
390.54
401.38
417.08
445.88
506.65
581.82
658.16
693.35
676.28
671.86
627.96
567.63
520.38
496.58
480.15
471.94
477.64
497.57
527.85
527.79
491.53
451.56
432.86
434.26
441.51
458.63
475.18
510.65
568.69
635.60
707.32
726.93
722.71
719.43
682.08
619.92
575.00
550.28
529.74
521.00
526.20
543.41
577.39
593.05
568.96
529.61
518.91
519.85
527.20
553.09
558.88
583.23
622.99
679.60
735.59
751.03
744.47
753.35
698.53
648.60
597.35
561.51
542.84
529.78
524.76
526.49
533.16
529.15
504.91
481.46
463.14
460.95
475.81
512.35
542.09
569.69
609.87
661.78
723.91
754.29
754.29
747.14
698.25
639.40
595.79
569.96
549.92
538.08
530.64
529.72
532.68
525.85
504.44
483.17
470.32
484.57
500.14
511.89
525.82
555.72
611.51
688.34
762.40
781.57
778.16
768.24
715.39
652.25
610.45
584.53
566.36
558.14
561.74
578.87
610.62
627.56
609.84
581.63
565.51
580.70
613.70
634.64
638.80
660.51
712.19
782.07
809.45
808.66
799.60
796.35
745.53
683.96
643.82
616.40
589.60
578.65
581.15
602.31
643.66
664.19
641.53
600.94
589.00
609.04
625.84
638.13
658.74
694.36
722.72
776.30
809.71
819.89
818.63
820.24
769.17
707.42
654.82
629.30
612.47
604.14
610.83
636.16
667.62
707.84
718.50
688.95
638.72
587.46
542.39
526.89
523.15
542.41
570.74
628.73
678.77
691.52
686.09
676.40
627.28
568.90
528.71
505.03
489.19
480.39
483.90
502.30
532.81
526.90
482.49
429.72
416.84
445.25
466.83
475.58
489.83
499.05
521.62
559.51
628.17
662.29
662.30
655.58
613.55
562.91
525.55
504.03
490.73
483.89
488.46
503.63
527.54
538.82
497.33
451.77
438.88
462.46
467.67
481.56
482.73
506.80
557.15
616.40
656.38
667.74
661.37
655.38
613.61
562.64
523.25
500.21
484.76
476.15
478.18
482.67
486.19
486.36
480.91
501.54
524.19
533.41
520.40
490.10
453.57
441.18
480.99
560.49
611.10
631.48
631.57
623.91
591.40
544.13
512.01
493.88
481.26
473.53
475.89
478.10
479.91
471.17
466.69
471.08
476.72
488.10
508.40
544.75
568.90
559.64
577.28
616.77
649.69
669.17
671.16
660.47
620.60
573.17
539.95
521.63
508.03
505.38
512.29
537.84
580.93
618.57
630.56
624.84
630.29
628.64
615.43
620.43
611.23
604.43
623.41
653.38
662.34
668.29
659.21
644.55
604.91
557.19
527.68
509.06
496.29
489.95
493.62
522.17
557.14
594.67
599.65
571.88
547.89
528.91
530.10
544.29
589.02
613.46
652.69
663.74
670.55
664.32
660.13
653.52
612.89
563.29
529.13
511.38
498.32
493.56
499.66
524.94
564.00
590.15
601.87
580.87
563.02
545.25
533.32
547.61
571.70
613.99
618.88
621.60
662.19
684.12
684.11
685.34
655.51
587.97
546.51
522.49
506.75
499.28
504.69
526.03
558.69
574.89
552.71
510.40
483.11
483.28
500.86
535.57
590.08
633.99
688.18
711.29
738.82
756.69
766.38
759.67
717.61
653.94
605.60
572.09
553.47
542.30
541.63
553.72
567.95
582.81
582.15
569.66
539.47
539.47
523.30
530.46
538.51
561.58
605.92
657.82
700.91
708.94
702.98
692.00
650.25
597.31
555.25
528.43
510.26
499.69
497.33
499.82
502.94
507.42
481.52
431.82
399.37
396.84
400.45
397.47
398.49
428.33
487.13
564.87
637.10
666.33
658.71
646.33
614.22
569.75
534.22
508.87
492.75
481.63
476.41
474.70
470.90
454.03
439.29
436.08
410.53
403.69
392.38
412.83
452.65
526.41
578.61
645.30
674.75
689.65
685.19
674.12
629.32
575.67
538.70
514.48
500.14
491.20
493.88
513.79
542.32
550.86
512.84
468.85
447.41
444.65
447.73
462.22
473.59
499.75
553.60
626.69
701.63
731.85
722.88
706.80
649.93
588.89
548.55
522.94
508.87
500.24
503.51
527.57
560.98
578.59
555.99
520.93
501.36
487.02
487.55
511.99
536.81
580.49
647.95
725.07
763.76
769.06
771.61
770.04
728.62
668.04
614.72
588.48
574.20
565.69
570.98
594.37
628.83
665.23
657.92
639.41
637.65
626.67
622.97
635.52
675.24
718.64
742.53
747.22
760.18
769.96
765.72
753.07
699.84
641.83
600.88
576.05
561.74
553.76
560.72
587.14
621.82
653.26
641.84
606.45
575.70
578.27
588.65
626.27
657.00
673.45
702.11
757.00
812.65
846.76
844.45
843.53
793.32
726.47
673.59
637.30
618.25
609.22
612.29
631.21
664.48
683.05
660.92
638.64
631.46
641.27
657.60
673.04
689.99
720.09
768.26
804.38
826.11
826.15
819.36
813.67
764.82
704.86
663.89
635.68
620.16
610.55
608.98
615.24
626.84
648.17
681.72
688.12
676.48
658.09
637.68
617.18
617.28
617.37
661.84
730.52
796.00
802.11
798.35
787.14
741.39
684.53
642.70
617.42
599.95
585.15
582.10
582.68
584.29
603.87
611.52
609.28
606.17
589.00
591.01
564.91
549.49
553.98
587.75
662.56
730.14
752.72
749.64
734.83
685.88
628.90
590.87
566.85
550.74
542.41
545.23
569.41
603.22
620.66
608.46
574.67
565.97
574.11
587.60
598.11
563.97
598.67
649.83
704.93
729.82
746.92
746.28
735.03
684.53
624.05
584.34
558.09
543.65
535.20
540.46
567.19
606.68
643.97
648.68
637.84
623.86
622.50
602.62
606.62
595.28
557.22
571.99
608.23
662.23
692.03
692.33
680.92
635.03
582.99
546.04
523.97
510.28
504.59
508.73
531.21
566.54
597.30
593.41
560.72
507.63
473.13
468.22
484.89
483.72
498.87
541.15
608.80
676.85
709.92
707.03
697.42
650.00
595.24
560.66
538.05
525.11
518.07
526.91
552.83
590.27
614.70
614.92
588.70
558.85
531.54
544.81
572.88
606.02
618.45
661.13
701.90
717.20
714.29
711.90
695.95
650.17
597.21
560.21
539.63
525.70
516.69
516.96
543.66
583.81
624.76
654.50
657.22
643.36
625.75
600.90
584.07
552.49
522.80
548.46
609.04
671.76
710.08
711.65
705.07
661.16
606.64
566.95
545.81
529.56
515.67
513.05
521.66
532.58
530.73
505.04
465.47
442.40
444.25
460.09
484.91
512.28
560.29
622.79
690.38
754.69
769.27
767.85
753.26
704.80
644.86
602.86
577.20
560.13
548.70
542.47
546.09
546.05
542.85
548.27
526.53
498.81
506.78
517.08
527.89
558.69
634.06
718.72
776.94
809.62
840.78
830.81
822.14
770.74
712.37
661.83
635.15
618.68
610.01
617.81
645.85
685.41
713.60
704.97
671.13
648.61
644.45
627.63
633.92
639.81
665.71
695.34
750.51
800.72
823.81
818.24
803.17
747.19
680.87
627.22
596.50
576.41
564.71
567.55
589.99
619.53
635.21
614.65
583.65
565.96
549.94
539.88
544.24
549.16
564.95
605.56
673.03
729.93
749.45
742.13
729.16
673.80
613.90
572.51
550.40
533.23
527.89
532.53
559.32
596.20
622.70
613.34
607.37
584.61
563.26
592.25
630.34
644.61
661.34
672.33
680.86
718.81
734.97
734.61
720.43
673.27
620.20
584.47
563.48
550.29
544.22
551.33
581.47
625.00
667.35
689.47
676.34
666.33
633.43
618.05
614.44
619.01
651.14
680.93
709.94
744.02
759.57
755.45
738.18
684.41
625.06
586.61
562.05
542.67
532.03
535.93
559.39
588.45
606.44
582.05
533.68
506.38
490.25
484.64
490.81
504.48
527.92
581.98
654.68
722.12
750.83
742.28
723.23
672.07
613.13
571.52
542.10
522.44
511.87
507.05
511.10
516.69
511.74
482.69
440.94
419.95
423.04
441.11
451.29
463.09
488.68
553.25
642.64
713.20
737.43
734.09
719.88
669.80
616.73
579.94
556.19
538.21
527.15
523.41
527.80
531.55
537.45
538.34
510.14
509.77
499.25
485.80
521.33
573.75
604.39
667.54
741.09
778.28
798.76
803.39
794.52
742.95
686.31
647.48
624.89
610.76
603.15
607.71
635.96
680.47
718.31
726.97
694.53
661.63
644.01
662.48
729.94
780.18
797.06
780.53
825.32
866.69
885.45
882.40
870.66
817.57
754.19
700.43
669.92
653.24
640.85
645.68
668.97
710.11
753.12
779.82
760.05
715.69
689.72
664.41
645.10
633.33
636.72
674.96
735.86
788.31
812.81
798.19
778.35
718.06
653.87
607.72
581.33
562.10
551.23
555.20
576.26
607.07
616.86
582.25
536.10
520.43
538.36
594.33
662.90
674.05
632.45
661.15
741.88
752.90
765.42
764.31
745.40
695.83
639.69
597.63
573.44
555.28
546.56
552.10
575.39
610.29
631.91
603.28
579.84
568.73
586.83
593.79
609.91
587.01
612.76
656.63
697.10
730.67
748.13
739.78
718.85
667.02
609.89
567.59
541.04
525.25
515.70
517.18
540.65
573.50
582.33
550.71
504.40
476.50
480.33
484.45
498.95
504.47
531.75
575.82
642.94
709.47
735.41
727.61
713.18
662.75
604.73
562.54
535.75
520.13
508.21
505.64
510.10
517.97
510.19
475.85
439.00
414.83
420.77
435.52
446.16
463.85
504.38
575.12
655.89
715.92
734.32
730.45
721.84
685.54
631.46
582.22
556.48
539.86
530.98
527.81
533.88
541.25
554.76
576.70
603.72
610.69
575.45
588.51
585.57
595.91
614.88
653.28
683.11
727.97
733.34
738.20
735.31
713.72
660.41
622.86
594.25
583.48
577.99
582.07
603.21
639.41
666.60
671.90
654.01
631.55
637.69
641.06
633.78
609.62
593.79
620.52
667.61
729.71
740.93
734.58
725.39
674.23
609.97
575.39
552.86
539.47
531.50
537.33
565.84
610.75
649.63
664.87
675.06
682.72
687.38
700.21
712.86
707.89
714.72
713.73
718.60
710.03
690.89
665.19
641.19
612.46
570.64
542.77
526.89
512.02
503.97
515.34
544.71
587.61
603.65
584.46
548.32
542.33
547.78
551.50
539.35
507.17
524.42
556.94
615.66
681.11
697.59
694.26
670.36
619.50
568.01
532.19
512.09
496.20
488.13
493.74
518.78
554.39
559.72
525.30
465.13
445.30
435.62
430.98
420.20
425.45
449.51
498.41
578.04
651.93
678.00
678.60
662.45
614.33
561.39
525.98
500.78
486.83
479.50
485.50
511.76
547.58
552.93
520.03
522.84
518.24
473.74
435.12
457.48
468.22
498.84
564.56
622.41
668.14
688.68
689.75
668.23
621.96
570.39
534.94
511.39
497.77
489.61
489.57
497.49
511.16
519.62
502.06
472.98
421.65
408.74
426.17
447.54
487.21
525.84
570.36
639.24
699.66
721.07
716.77
695.40
652.57
602.42
567.19
545.08
528.97
517.87
514.44
518.46
523.10
527.12
519.87
492.10
467.63
480.71
493.64
507.94
534.94
571.54
655.54
717.71
737.57
736.02
728.17
715.79
672.78
614.77
580.80
560.14
546.20
540.87
546.56
574.56
619.76
652.11
648.05
594.54
565.32
576.11
582.01
590.08
602.98
655.92
739.52
795.34
826.70
828.47
821.98
796.96
741.64
681.87
631.79
604.14
586.51
577.41
582.56
609.45
649.68
673.16
646.45
620.04
596.95
594.00
627.61
632.12
639.92
662.02
718.07
790.88
847.65
848.01
818.60
804.70
759.48
699.09
655.05
632.56
615.07
600.15
603.54
628.42
659.43
678.39
653.49
632.98
632.63
618.22
601.80
597.09
602.93
615.52
669.01
738.11
799.43
814.27
800.67
766.90
704.36
640.10
597.62
569.54
549.88
539.43
540.90
563.70
596.72
614.28
593.35
567.66
542.23
541.79
546.57
566.70
568.78
590.48
634.80
704.06
769.95
787.13
778.66
746.38
687.35
628.97
588.04
560.31
543.12
534.48
537.54
558.60
591.87
605.04
576.42
525.91
491.65
487.70
502.76
524.13
536.91
548.17
590.12
653.35
718.16
735.23
724.39
689.55
640.93
590.42
552.50
529.41
513.48
502.89
500.83
505.75
514.73
505.83
467.38
431.54
410.04
405.79
435.47
467.17
478.83
490.82
535.71
606.12
676.00
697.81
693.90
669.47
627.34
578.30
544.22
523.67
508.66
499.80
494.64
499.30
506.10
503.63
476.49
447.21
432.18
453.36
468.73
472.52
473.03
490.93
545.98
603.33
652.25
673.39
675.06
648.02
603.08
553.85
523.32
506.55
494.22
486.98
493.19
524.50
567.26
585.60
551.58
488.99
481.72
501.50
526.28
583.64
594.33
601.49
598.51
649.64
703.12
717.39
710.03
681.26
636.00
588.15
555.35
533.06
520.89
512.74
517.63
544.28
589.35
615.22
570.74
519.87
510.90
497.04
497.70
509.81
522.21
558.91
594.07
638.95
689.25
690.40
679.37
647.60
601.12
552.10
520.40
501.89
488.63
482.77
489.38
515.96
559.82
580.23
568.53
511.63
446.32
471.73
488.62
494.47
494.31
487.46
508.65
574.31
641.93
661.13
659.71
632.34
585.69
537.70
506.14
486.72
474.17
469.44
476.83
504.14
545.65
555.53
502.19
437.99
411.70
424.08
410.61
411.49
426.49
449.73
504.43
590.19
649.01
669.25
668.30
641.86
596.61
549.90
518.35
501.45
490.96
485.76
493.75
520.44
564.40
582.79
567.29
531.60
496.63
480.25
507.37
543.85
586.77
601.00
635.38
642.98
668.45
677.42
672.63
651.54
609.72
561.41
529.23
509.45
495.82
487.25
488.48
499.68
518.32
531.78
549.47
543.81
485.37
464.63
443.61
432.51
435.46
457.86
513.67
589.95
659.99
677.40
669.10
643.23
601.85
554.87
520.23
500.06
485.11
476.36
476.35
484.14
497.27
511.04
515.66
507.50
496.93
475.11
430.83
422.90
432.10
495.92
570.52
657.75
723.48
741.00
732.92
697.52
651.84
602.76
566.23
547.06
531.28
522.95
529.42
555.86
600.46
624.11
602.66
575.54
569.15
587.36
573.09
603.53
652.63
647.85
703.07
751.99
775.66
774.61
760.82
721.66
667.01
615.11
581.18
553.71
539.93
532.37
538.56
568.12
616.81
657.86
660.52
641.89
607.88
586.81
609.04
596.87
588.45
602.46
601.85
654.09
692.55
693.95
675.63
638.10
590.76
541.96
508.70
487.76
473.98
466.81
473.32
499.00
544.05
556.13
511.60
433.56
370.59
338.70
332.15
330.37
331.26
354.43
421.81
520.75
601.12
624.39
617.89
591.32
548.80
505.65
475.25
457.34
444.23
440.70
449.10
478.55
527.55
562.50
570.01
558.67
586.37
594.76
561.30
521.74
527.07
561.32
587.81
605.38
620.09
626.42
618.65
588.44
547.13
504.48
477.44
460.51
450.75
447.84
457.46
487.58
535.93
560.70
526.21
468.32
425.80
408.72
397.10
390.79
398.23
410.16
455.94
536.01
611.52
630.73
622.41
600.20
560.49
515.27
485.15
466.28
454.71
450.78
453.95
466.93
493.25
531.91
565.65
576.78
578.75
579.93
586.23
592.16
582.78
537.07
546.06
596.37
651.81
658.81
648.45
623.74
584.59
536.93
501.98
482.19
468.52
460.80
459.98
467.66
480.57
489.17
489.32
487.94
474.26
454.79
430.64
403.16
389.31
404.18
457.62
532.53
596.37
618.41
607.75
580.97
540.87
499.70
473.94
459.95
451.18
448.07
457.80
490.63
542.84
553.17
491.40
418.41
380.85
388.52
390.72
393.21
396.27
417.79
474.92
561.77
634.35
656.13
644.88
610.81
565.20
516.64
488.42
470.17
461.88
461.40
472.41
504.65
555.83
587.25
594.57
561.46
524.95
523.45
499.56
494.83
522.67
570.05
610.84
638.26
671.06
679.44
659.92
635.45
591.67
547.44
517.72
502.33
492.83
488.43
493.38
524.42
581.93
627.84
648.79
645.43
643.34
633.87
621.96
609.98
610.92
616.39
658.96
692.21
691.37
689.50
674.83
662.31
627.09
579.64
537.77
518.77
502.97
495.36
502.04
533.81
580.07
598.40
559.46
495.51
448.12
446.89
451.30
470.22
493.76
595.72
635.99
648.43
669.07
684.84
673.84
644.36
603.39
553.29
519.39
501.72
490.52
486.40
492.51
524.95
574.43
587.60
537.19
460.79
406.08
391.43
403.10
413.29
419.71
440.54
501.79
586.46
641.05
654.61
640.40
611.64
569.55
524.03
491.77
470.17
454.67
449.05
449.66
461.04
479.07
473.99
421.24
361.29
313.52
310.83
349.47
362.66
377.43
410.63
463.72
539.33
596.79
611.34
596.86
573.60
539.84
499.64
470.43
451.71
442.40
436.88
436.15
444.37
463.08
459.58
412.18
360.92
328.22
315.41
306.06
302.58
325.53
370.25
428.20
513.59
585.19
607.90
595.84
571.18
534.41
492.15
465.33
448.12
438.08
434.55
438.06
451.88
474.01
484.45
489.56
496.93
470.84
400.50
403.96
438.71
474.54
510.56
564.77
613.35
648.73
662.74
642.05
610.63
571.51
528.34
499.83
484.68
475.16
470.93
481.21
518.42
578.75
594.46
556.05
501.64
458.59
458.17
463.29
487.79
572.37
604.10
639.62
679.96
694.78
702.74
689.32
667.20
623.13
573.66
530.10
509.89
496.35
488.69
494.20
526.62
583.90
615.97
580.54
507.16
465.09
432.30
436.00
457.54
486.71
528.08
594.29
651.90
698.91
710.02
696.56
661.44
611.70
560.54
537.92
521.87
507.30
495.61
499.64
533.68
592.18
614.30
583.45
543.95
525.69
524.57
549.88
600.97
610.65
634.76
653.54
692.95
705.72
701.75
684.17
653.30
608.55
549.85
513.15
492.44
479.52
473.71
479.38
508.40
563.14
596.26
574.13
533.36
504.41
467.95
425.59
390.83
373.12
381.44
435.01
526.65
598.40
615.44
597.13
571.14
535.30
493.15
462.15
444.20
434.97
430.95
433.97
447.94
472.35
476.82
435.31
357.98
289.83
268.47
261.81
262.24
273.84
319.69
405.38
506.59
577.85
599.35
582.56
559.31
524.95
483.55
459.53
444.29
434.48
429.43
431.39
442.22
461.48
468.20
446.15
393.01
344.71
339.70
363.29
402.23
469.27
554.14
599.33
634.73
639.00
635.61
610.19
577.69
540.91
502.32
477.82
465.79
455.70
452.29
462.01
496.39
559.21
585.92
554.72
506.16
432.88
385.03
365.71
365.04
390.17
422.15
477.29
553.27
616.89
635.22
608.42
576.78
533.46
489.15
463.60
449.29
438.93
437.12
448.08
487.47
554.22
576.86
538.20
477.08
415.83
384.75
369.60
362.94
366.97
408.33
475.55
571.97
627.40
640.55
612.36
578.31
535.24
493.11
465.13
450.02
440.99
438.97
451.32
488.29
552.75
579.00
524.95
452.82
400.07
357.71
345.75
353.68
374.42
418.53
508.10
589.98
634.71
650.72
624.55
588.87
546.48
503.52
477.22
462.77
451.80
451.36
461.21
498.59
563.39
608.78
614.36
601.33
591.34
587.51
586.31
583.90
578.27
564.75
579.42
615.39
645.62
655.22
625.64
591.74
549.16
504.61
477.78
460.86
453.12
452.32
460.41
494.96
558.44
582.59
527.86
444.65
381.84
348.48
324.28
319.85
324.23
358.05
433.97
534.25
606.20
620.76
600.30
574.88
538.27
498.64
472.06
454.80
447.35
445.92
450.25
467.98
501.59
508.98
451.01
371.44
301.42
286.74
279.32
261.79
257.42
295.29
384.25
503.52
584.19
602.60
582.03
560.17
526.61
490.89
465.67
452.68
445.75
442.81
445.50
459.36
484.54
493.97
440.70
364.46
302.55
288.61
297.10
282.31
277.06
306.72
394.78
520.06
601.32
620.14
595.26
561.56
523.25
481.82
458.51
445.03
441.59
443.98
459.32
499.65
572.17
598.71
537.52
446.01
376.93
344.30
327.23
330.62
336.42
374.34
452.33
557.39
624.82
642.98
612.12
576.68
534.45
491.94
466.83
451.71
444.52
444.31
458.15
498.06
569.40
595.44
536.66
448.42
379.17
341.24
324.74
322.43
337.33
373.76
451.00
545.99
613.80
633.87
601.85
567.76
525.79
483.52
458.57
444.21
437.88
436.58
448.01
485.80
550.54
577.29
534.17
461.69
430.04
437.20
440.95
430.73
421.89
447.10
505.46
589.56
637.20
650.37
621.90
588.48
547.53
501.91
470.21
451.42
442.67
439.84
449.95
486.22
554.87
581.52
529.52
457.56
411.40
385.77
384.19
410.39
463.40
521.23
564.29
614.69
652.66
660.11
631.90
598.12
554.04
508.64
481.26
464.84
455.92
453.36
461.38
494.01
556.89
588.39
563.19
524.96
489.08
457.77
450.14
401.49
403.64
441.59
511.14
591.04
634.73
641.66
614.88
591.07
553.01
507.24
475.37
457.85
447.03
444.76
447.06
458.56
487.04
507.29
487.37
438.08
386.15
344.48
319.43
306.81
321.43
375.84
470.18
565.87
617.86
629.44
605.84
584.98
553.05
511.89
484.09
468.62
460.59
457.87
460.69
470.33
493.93
518.60
528.96
516.96
512.76
488.40
454.41
442.90
470.12
493.18
538.56
611.02
660.07
673.80
643.71
617.25
575.88
533.35
504.49
490.64
484.25
482.14
493.40
531.13
595.05
636.92
628.77
631.40
632.18
620.63
604.68
607.68
609.80
595.66
616.38
659.47
697.56
699.52
672.39
641.58
594.94
549.60
519.35
502.04
493.62
493.48
503.81
538.01
605.37
639.10
627.43
584.30
536.12
522.65
558.33
581.40
611.42
639.88
667.09
688.21
701.50
683.73
647.22
611.38
573.73
533.39
500.57
482.83
472.05
468.00
476.60
508.16
557.36
608.30
624.04
618.88
612.62
589.27
533.85
484.03
475.30
504.18
535.13
613.01
648.71
651.51
619.18
587.37
543.78
499.21
472.15
460.37
448.76
448.98
460.88
496.73
563.53
594.23
537.26
456.60
426.00
448.26
465.12
463.02
437.77
462.75
520.34
603.88
644.61
649.61
632.51
607.43
568.06
514.42
478.39
462.63
454.26
451.83
462.50
500.96
564.19
625.71
647.18
654.08
653.16
658.42
653.85
641.53
592.13
584.25
551.43
607.08
657.76
658.80
629.55
601.37
560.83
513.10
480.77
463.57
453.53
451.58
453.04
470.28
500.51
537.20
550.67
530.64
476.37
437.86
415.19
409.69
427.34
476.37
526.14
588.16
626.59
625.79
596.94
573.06
536.70
496.24
470.89
454.79
445.63
440.92
445.05
458.21
485.78
514.65
520.74
474.15
423.19
422.15
449.49
390.14
367.80
408.94
483.28
576.98
636.07
641.84
609.79
577.53
539.21
497.96
470.78
456.37
450.65
451.11
463.99
502.70
578.22
629.41
591.64
515.11
477.57
435.83
442.92
472.40
515.72
555.94
594.02
639.66
673.01
668.32
640.70
610.05
563.50
509.77
484.40
464.51
458.15
458.14
470.61
510.16
582.66
624.12
601.24
549.14
495.29
456.38
453.03
439.41
438.18
487.20
564.60
629.29
668.98
660.68
632.51
602.43
556.41
504.26
475.33
460.20
452.26
449.68
461.29
500.82
568.17
611.97
590.13
563.51
587.73
620.15
650.20
639.21
622.64
623.81
618.23
659.61
684.20
670.35
634.70
600.01
559.27
515.84
489.29
469.53
458.86
458.57
472.09
512.23
585.94
633.12
598.42
527.28
484.12
436.22
414.84
430.10
448.56
482.37
543.40
610.94
662.44
663.66
637.98
607.78
565.62
528.70
502.60
484.75
477.60
480.11
496.69
536.63
606.77
648.09
571.96
462.98
390.73
348.57
329.07
323.01
329.51
385.02
497.94
594.24
643.78
642.54
620.14
595.39
557.13
512.78
481.36
463.82
453.22
444.62
450.37
465.18
496.67
528.40
508.65
448.94
399.66
342.64
352.52
358.98
400.05
478.22
566.83
629.67
657.24
631.54
596.19
566.37
532.74
489.69
460.11
440.86
430.95
425.83
427.39
443.41
469.38
504.59
495.46
419.73
316.83
280.04
265.57
259.24
269.87
330.95
442.37
574.51
637.78
635.28
604.04
572.27
536.58
494.86
467.64
452.80
448.66
451.48
466.16
502.70
569.17
627.38
599.88
505.98
439.55
413.94
385.66
385.81
385.98
429.19
516.55
619.04
665.41
654.85
623.77
593.82
543.07
501.25
475.73
460.78
453.79
454.93
466.22
504.15
572.84
632.08
651.77
650.48
651.00
655.04
651.82
639.99
635.61
617.07
624.79
663.01
673.40
656.72
626.23
598.15
549.72
502.76
477.23
463.72
456.84
454.48
470.55
507.42
572.63
614.66
571.35
484.66
395.33
342.67
345.88
380.88
411.52
434.34
499.18
602.23
650.80
644.81
610.88
580.20
538.82
497.97
474.95
460.75
453.51
455.91
469.50
508.91
576.73
621.43
570.54
489.90
432.40
384.39
386.40
359.68
372.11
412.04
504.81
606.13
654.33
643.34
613.03
580.41
534.45
491.30
463.10
447.76
439.73
437.72
447.69
482.13
541.27
602.21
632.71
651.08
659.55
658.76
648.02
643.13
638.96
634.64
646.72
664.16
657.59
635.55
604.00
576.07
536.81
494.58
467.31
450.65
442.20
440.84
444.94
459.33
492.05
532.01
550.32
489.11
393.19
337.75
295.08
275.02
290.49
358.13
454.46
564.00
613.20
605.35
580.42
559.39
528.37
490.81
466.10
451.14
444.39
442.56
445.21
458.82
486.28
515.99
488.86
435.01
363.53
316.03
303.82
329.19
395.48
462.86
511.03
590.65
637.40
624.61
591.34
558.23
520.92
480.65
451.79
435.31
430.83
433.06
445.29
485.68
555.36
607.88
596.21
569.90
549.56
538.23
554.22
562.74
583.98
603.47
624.84
657.60
667.83
644.14
605.71
573.93
531.53
488.35
463.80
449.97
441.76
441.80
454.81
493.24
559.39
616.85
632.33
636.13
638.45
629.28
627.71
619.00
606.19
614.95
628.55
652.30
662.24
641.95
601.25
567.91
526.11
484.37
457.57
440.06
433.70
432.36
444.64
483.28
550.30
609.18
617.64
601.91
597.45
570.36
554.20
550.89
531.92
550.86
582.44
634.20
662.99
643.53
609.26
571.24
526.97
482.72
454.10
438.14
429.09
427.58
438.40
475.97
548.30
592.52
559.00
510.77
470.61
445.02
449.08
471.11
497.59
539.95
572.55
612.21
643.04
628.59
597.88
565.11
527.04
485.62
455.10
437.60
429.49
428.66
440.92
477.68
545.61
604.76
607.74
584.92
540.57
495.92
460.04
455.59
453.71
482.93
551.18
611.89
639.77
624.78
598.62
573.33
538.36
495.47
464.94
452.79
443.72
439.91
442.81
458.14
482.89
518.43
550.21
576.22
581.12
562.60
525.55
487.04
469.47
481.64
539.90
601.58
625.62
607.90
579.04
557.37
525.39
486.49
460.53
444.32
436.01
431.90
437.89
451.21
475.99
513.01
537.06
510.64
440.15
388.13
354.22
335.84
346.70
420.92
525.55
616.88
655.76
637.70
602.63
570.88
533.01
492.77
467.17
451.82
445.40
448.43
461.93
506.20
578.60
639.85
664.80
670.40
666.46
662.72
659.98
658.48
651.59
650.49
662.41
679.56
676.50
658.77
621.41
599.34
552.64
503.13
477.79
463.96
455.24
453.31
466.11
506.06
575.42
636.98
635.14
602.95
581.93
539.12
481.93
460.44
528.42
575.75
612.03
667.45
676.54
662.97
630.27
604.70
554.67
514.45
491.93
476.40
468.73
468.70
481.50
517.52
583.44
643.26
660.67
663.93
654.82
625.12
611.36
589.94
575.93
572.59
604.16
659.58
673.05
660.83
628.91
604.22
556.43
513.12
486.45
468.35
462.84
462.50
475.61
515.80
586.67
644.23
649.38
645.12
646.19
643.71
651.14
660.83
661.13
661.45
671.27
693.47
701.45
675.70
642.40
615.33
571.92
528.93
503.97
491.14
482.70
485.36
499.12
535.11
603.67
663.40
679.11
668.55
619.21
600.85
551.38
501.23
493.74
511.15
582.15
660.88
693.64
681.67
657.06
638.64
599.42
559.84
537.02
524.25
515.29
516.12
522.22
542.95
576.08
615.84
595.72
494.66
404.20
352.92
324.91
311.33
326.69
394.04
519.92
624.33
649.09
633.62
613.80
600.25
574.56
539.72
518.52
499.69
491.38
490.49
497.69
515.10
541.87
554.26
549.71
534.66
529.21
526.06
504.81
548.80
614.47
631.50
664.46
683.78
659.09
626.43
590.74
563.98
530.32
499.81
479.89
472.38
472.92
480.06
501.34
548.87
626.84
676.46
688.08
673.99
668.75
669.97
638.96
582.42
585.45
657.35
727.32
770.63
752.80
720.13
681.19
654.52
608.01
569.75
545.77
529.72
520.86
521.48
537.94
581.42
651.91
694.42
702.76
684.27
660.33
640.32
615.50
624.26
638.16
677.76
722.39
762.53
747.48
718.15
681.58
656.43
615.97
578.94
551.64
537.82
531.38
529.74
538.35
577.15
644.47
656.77
593.55
550.01
514.48
430.53
419.16
427.33
478.60
583.44
671.62
720.47
706.93
678.64
638.57
608.57
566.20
528.65
503.06
487.40
482.08
485.13
498.84
542.15
613.28
614.01
510.81
424.21
384.96
368.80
370.99
420.15
481.74
586.86
651.90
694.93
681.73
648.80
615.61
584.54
546.56
506.61
482.14
467.32
456.86
460.11
473.08
514.48
584.26
610.67
528.33
435.41
384.94
369.17
384.56
441.79
510.96
578.52
637.27
674.89
657.32
628.11
597.41
568.53
532.18
494.64
470.55
455.56
447.18
444.78
452.22
473.07
506.68
510.57
465.10
391.53
335.02
335.75
365.78
381.59
444.97
525.54
602.10
646.55
628.05
601.58
571.71
552.97
521.91
485.97
460.62
446.86
437.51
435.68
440.18
455.68
481.93
487.68
433.72
365.47
318.33
307.05
313.24
343.21
411.73
521.36
611.20
665.88
646.44
615.15
581.38
549.75
514.45
480.06
462.30
449.65
445.75
449.24
467.59
510.32
584.44
600.87
529.91
447.44
393.52
385.59
398.46
436.99
496.26
582.94
654.91
702.55
687.08
654.09
616.30
585.32
543.08
502.61
478.67
461.06
458.33
460.31
474.75
520.54
588.17
598.03
520.19
432.92
382.92
370.81
375.76
419.37
509.37
599.63
647.67
691.27
676.69
641.54
609.11
578.98
542.37
501.71
478.64
465.58
459.95
460.08
468.18
506.22
567.60
591.42
584.27
589.78
611.97
633.11
645.61
650.94
656.30
657.99
685.41
710.97
687.80
654.00
616.17
584.52
540.66
498.52
474.26
457.79
447.93
444.89
458.86
500.75
568.48
612.00
613.67
604.58
595.45
595.39
576.16
572.90
593.67
630.46
674.38
713.40
700.50
672.40
637.09
608.77
568.59
528.58
506.17
493.77
488.64
488.37
503.08
543.60
615.16
658.45
669.89
672.25
685.13
677.84
671.52
670.90
671.27
679.24
702.09
720.00
701.53
669.43
634.83
611.01
570.89
532.12
511.27
496.96
489.86
487.78
495.00
514.17
547.71
575.50
592.40
591.68
586.99
577.81
579.63
579.71
583.68
614.46
675.17
719.20
703.48
672.77
642.00
620.72
587.06
551.96
528.07
516.60
509.32
505.54
511.52
532.09
561.19
571.27
556.46
577.69
634.59
628.23
624.05
640.38
649.49
679.81
717.84
734.53
708.13
673.60
634.47
601.40
557.48
517.43
493.52
478.49
473.42
475.21
491.83
536.60
605.16
646.35
628.71
630.27
633.52
649.90
650.70
656.20
661.93
672.87
706.66
731.73
713.60
679.90
645.80
616.17
579.89
546.55
523.59
512.62
507.67
509.26
526.11
569.26
639.37
679.73
664.26
644.49
632.59
634.83
640.90
657.79
675.61
697.34
742.30
772.43
765.37
737.31
706.55
677.21
641.80
610.77
585.77
573.36
565.02
568.37
585.42
631.16
696.83
743.05
732.07
696.32
707.52
696.51
677.87
686.64
706.49
750.07
788.23
817.00
814.04
789.09
760.95
740.41
703.74
655.00
626.24
614.46
608.23
609.14
623.28
661.59
725.81
754.87
740.17
714.22
651.31
591.21
609.20
651.13
622.68
660.18
721.14
752.75
731.74
700.84
663.97
633.29
589.76
546.77
517.87
500.18
493.22
492.55
506.94
543.78
606.34
653.47
657.87
638.62
632.42
618.99
582.89
566.47
579.57
609.53
654.68
684.32
670.12
640.48
608.18
581.40
544.63
507.81
480.14
465.88
457.23
455.46
463.59
483.60
513.32
540.98
535.11
517.77
497.06
480.12
478.26
489.77
531.09
599.49
660.75
692.12
674.09
645.06
613.42
591.55
563.15
531.70
515.60
505.87
503.48
506.87
517.25
537.83
567.38
577.84
522.45
490.13
533.50
586.28
614.33
633.77
649.75
672.03
713.02
730.52
709.77
677.36
642.41
609.37
568.20
525.54
501.11
485.24
480.00
477.54
490.65
531.18
592.41
642.49
663.78
673.12
678.74
666.54
636.93
599.93
635.88
683.13
729.23
761.31
745.24
717.61
682.77
655.15
620.21
581.65
558.57
548.18
541.41
545.67
562.48
607.11
672.19
713.77
701.50
655.52
612.78
567.05
536.73
552.98
608.91
703.31
770.41
805.90
794.17
765.97
731.65
707.51
666.92
625.26
595.62
582.41
576.40
575.72
588.07
620.31
672.83
720.18
743.38
735.15
721.23
711.93
701.24
704.70
701.92
701.63
724.99
736.18
717.90
686.98
653.30
625.10
581.56
533.55
502.06
480.27
469.78
464.57
470.78
487.70
513.85
554.28
601.48
640.39
667.90
678.23
684.74
657.21
641.66
637.26
648.85
637.57
611.16
590.26
566.69
544.23
514.79
478.31
452.85
437.23
430.02
428.85
439.82
463.67
500.21
535.36
561.18
576.88
582.26
577.49
578.12
582.07
583.38
604.09
641.83
661.14
644.01
617.40
586.63
562.67
529.35
488.19
463.75
454.06
446.67
444.68
449.57
467.70
498.22
533.30
566.57
590.18
596.30
575.70
566.86
564.66
575.20
610.72
663.69
692.51
678.30
648.91
618.09
595.29
564.73
525.30
499.47
484.90
476.71
474.57
476.60
490.01
512.75
530.07
497.72
441.05
371.68
344.20
344.44
370.26
447.73
550.44
636.85
679.03
664.48
637.74
606.55
578.28
543.38
510.80
486.16
473.55
470.54
473.12
487.98
526.39
595.59
648.07
661.77
658.31
656.87
674.37
685.64
691.07
683.71
683.19
704.30
716.44
692.72
661.32
622.21
588.33
546.65
503.61
472.55
454.80
446.38
448.83
460.65
497.55
562.64
611.30
598.91
533.03
493.61
524.98
561.73
572.13
581.60
614.74
663.37
696.96
685.82
662.06
626.67
598.07
560.46
520.91
498.92
488.00
486.93
489.76
508.29
549.43
617.27
668.71
670.57
658.68
652.26
675.68
681.88
684.36
694.44
714.89
756.33
788.94
775.67
746.33
706.13
674.26
638.24
601.62
571.41
555.33
548.35
550.04
564.95
603.71
671.66
717.31
694.64
615.63
512.95
458.64
438.65
474.98
554.13
636.76
703.99
739.45
728.43
700.21
665.03
634.84
592.11
548.56
519.70
503.23
498.73
498.24
511.92
550.85
615.10
667.14
675.03
644.54
621.51
619.79
627.73
651.20
659.80
670.82
706.94
725.26
709.06
684.20
650.69
624.91
584.77
539.91
512.06
496.02
485.80
483.94
491.45
509.83
543.31
579.88
616.85
637.96
649.91
657.62
660.33
662.15
666.44
682.42
723.94
747.17
731.33
703.82
672.43
656.54
623.10
591.39
565.67
551.87
549.29
550.25
558.38
577.29
606.56
642.06
672.84
685.62
690.42
699.83
701.16
682.70
701.63
740.65
802.76
822.09
812.52
787.78
751.27
722.47
677.04
631.23
606.82
594.76
590.08
591.11
608.06
650.01
717.93
772.01
779.82
775.98
778.20
772.95
772.59
783.61
784.24
797.16
828.61
840.81
831.22
805.98
778.28
749.95
697.41
646.29
617.16
603.25
595.86
594.37
609.25
651.00
717.15
771.59
783.42
774.88
766.23
773.27
774.71
780.06
775.44
792.15
823.41
842.19
833.99
807.46
783.79
750.37
698.56
652.61
624.81
606.69
597.81
598.71
612.48
651.66
713.61
763.63
768.20
755.15
740.52
744.26
745.83
742.32
735.02
740.36
772.66
800.82
785.90
752.94
714.44
680.35
631.47
585.82
557.77
541.89
529.91
529.91
543.10
582.25
645.69
701.28
716.13
704.97
695.34
675.81
666.97
660.92
671.91
700.18
746.86
781.15
770.41
742.46
713.56
681.68
639.35
595.14
567.36
551.38
542.63
543.06
553.25
590.58
655.69
700.49
680.94
635.78
571.69
538.14
529.86
533.23
579.25
641.96
703.23
734.46
720.91
693.53
662.11
636.67
595.87
552.21
521.66
505.74
492.76
492.00
500.25
519.11
554.63
593.83
612.77
630.78
630.42
625.15
629.67
642.19
656.31
677.44
717.08
733.67
710.95
681.99
647.41
619.98
578.85
536.19
506.30
485.00
477.19
475.72
475.86
490.95
517.14
552.33
582.32
607.34
625.43
631.68
600.96
584.56
589.10
631.75
700.11
731.77
714.76
682.33
651.49
631.40
584.54
546.91
524.62
514.27
509.30
513.79
529.20
571.36
643.73
703.59
718.41
708.69
686.29
696.25
707.25
716.28
726.62
740.68
781.45
810.60
795.02
765.84
732.92
703.39
658.08
612.56
591.11
579.60
577.71
587.36
598.62
642.06
720.98
778.46
764.55
714.80
656.95
599.30
568.34
587.19
659.74
764.23
826.88
844.81
841.19
828.91
800.93
784.12
742.23
689.53
664.74
654.64
649.97
654.86
669.05
709.71
778.24
822.24
816.27
812.49
807.02
761.20
768.32
771.15
806.68
822.24
837.46
841.69
837.33
813.07
779.64
750.24
702.41
655.63
627.06
611.45
605.11
605.49
618.77
657.20
718.06
767.49
790.84
809.33
817.75
822.56
813.33
804.51
789.29
782.14
813.30
845.17
837.86
821.45
788.39
760.84
716.61
664.86
635.91
620.84
612.95
615.68
632.17
673.57
743.53
802.72
820.72
813.74
791.33
771.00
748.04
738.63
744.57
776.27
829.33
852.87
851.05
832.76
809.03
789.60
750.19
691.24
658.80
640.58
631.66
630.25
639.23
662.63
700.31
743.71
767.25
761.11
744.37
726.32
708.30
708.09
728.45
750.94
802.99
834.04
818.35
790.75
756.34
725.18
680.68
634.11
603.18
584.85
574.95
572.09
575.66
587.94
614.81
656.85
693.63
720.81
729.42
727.41
726.76
728.02
731.84
747.61
791.99
817.36
799.31
767.53
728.38
687.23
641.51
590.77
560.46
545.13
536.73
536.29
549.96
590.56
659.68
718.36
738.75
738.11
733.57
723.95
715.24
712.83
711.03
716.88
759.91
794.15
782.00
752.37
717.87
683.63
633.10
586.03
552.33
534.08
527.12
528.75
543.14
584.20
648.95
706.96
731.20
728.84
711.87
699.15
704.70
714.56
716.66
726.80
767.60
798.18
793.37
765.65
732.88
704.72
665.18
620.20
589.80
576.29
570.51
574.08
594.52
631.93
695.24
753.42
737.16
671.14
621.60
623.51
652.40
690.60
715.50
735.32
777.41
800.85
784.23
755.72
721.52
691.04
645.35
592.29
555.41
532.09
521.10
517.29
522.39
545.24
586.25
632.99
667.05
679.71
655.62
628.69
624.94
627.19
646.20
669.58
707.02
711.74
682.31
646.78
618.20
601.60
566.78
520.00
485.07
464.11
450.72
444.02
446.25
461.67
490.13
533.05
578.49
602.59
602.92
602.22
608.06
618.14
618.05
630.06
655.55
657.08
635.90
615.56
592.79
577.61
549.00
515.99
492.16
480.19
480.51
487.22
496.18
517.13
554.43
595.19
616.64
630.15
647.71
646.82
661.70
672.46
701.15
737.74
784.64
813.25
800.08
772.51
744.22
717.14
675.42
630.50
597.48
578.85
566.36
562.21
564.98
577.58
606.65
643.32
670.55
680.14
676.24
678.17
651.71
635.02
666.85
710.73
769.39
812.86
798.03
770.78
737.45
704.19
662.86
619.76
588.86
571.24
563.70
563.84
575.42
604.07
654.46
707.82
730.70
740.77
743.89
742.66
741.76
725.28
719.46
730.12
761.17
790.07
772.96
740.34
705.74
672.86
629.38
583.98
556.31
543.90
540.40
546.34
567.82
604.26
667.47
725.43
730.51
689.71
634.21
608.54
603.89
628.50
667.68
746.65
810.54
849.09
834.98
814.29
782.54
761.85
721.20
677.40
649.01
633.35
624.89
626.16
636.13
667.29
718.43
773.80
776.19
771.45
778.40
777.78
771.56
763.04
747.06
768.14
811.79
837.17
815.09
777.55
738.76
702.70
650.15
596.78