1337.26
1278.00
1234.81
1216.82
1230.44
1269.35
1323.97
1357.35
1377.96
1373.26
1380.23
1402.82
1441.20
1455.30
1492.49
1584.74
1752.09
1896.52
1880.83
1832.56
1762.00
1655.07
1513.00
1395.44
1314.22
1265.90
1249.94
1259.04
1303.47
1413.49
1598.67
1703.01
1699.31
1673.56
1620.69
1577.95
1529.52
1527.83
1565.50
1671.14
1816.59
1936.01
1926.23
1870.44
1783.37
1658.40
1492.61
1352.99
1264.38
1210.93
1185.18
1182.35
1223.83
1317.14
1483.44
1590.67
1632.95
1654.34
1680.38
1671.79
1647.51
1654.72
1654.94
1672.95
1764.42
1835.85
1807.69
1748.45
1674.49
1574.35
1446.75
1327.03
1228.37
1171.77
1141.00
1132.18
1146.15
1186.93
1266.63
1350.74
1444.80
1535.12
1603.83
1646.00
1663.31
1664.08
1649.26
1656.14
1730.35
1786.67
1760.46
1695.05
1633.25
1549.99
1462.72
1360.12
1267.18
1202.67
1175.11
1168.95
1185.94
1221.80
1287.65
1351.61
1397.74
1420.63
1484.87
1568.74
1600.55
1571.84
1563.54
1639.37
1797.23
1932.35
1917.45
1860.13
1778.96
1662.95
1524.16
1410.93
1339.12
1298.14
1288.73
1301.62
1359.33
1483.92
1687.37
1791.09
1785.01
1728.82
1733.59
1802.00
1824.98
1803.17
1758.40
1785.55
1888.71
2017.71
2015.27
1961.52
1875.30
1744.09
1580.14
1449.47
1364.75
1317.76
1297.17
1302.67
1348.22
1466.20
1668.75
1762.31
1733.59
1690.25
1669.96
1600.86
1549.46
1628.18
1651.04
1700.18
1839.12
1964.55
1956.69
1900.99
1818.00
1695.01
1531.53
1402.39
1326.65
1285.30
1264.46
1266.91
1312.95
1432.55
1634.39
1737.15
1753.37
1754.58
1724.16
1657.01
1587.84
1586.31
1628.66
1721.83
1857.92
1974.64
1979.76
1943.98
1877.97
1772.00
1621.96
1503.37
1431.67
1396.85
1389.60
1396.34
1448.50
1576.95
1778.57
1877.04
1847.42
1764.70
1702.18
1666.53
1641.18
1644.67
1690.87
1784.90
1919.52
2041.43
2045.93
2021.38
1945.38
1824.21
1663.96
1532.08
1445.57
1395.76
1372.17
1371.93
1410.14
1509.36
1693.04
1778.84
1768.80
1761.25
1761.15
1759.91
1744.60
1733.71
1697.87
1705.54
1775.04
1840.99
1808.23
1745.74
1669.61
1566.56
1434.37
1313.01
1220.04
1162.97
1130.04
1117.75
1126.67
1168.50
1247.17
1322.48
1404.03
1414.93
1378.74
1355.48
1361.55
1368.02
1396.51
1448.32
1559.88
1648.38
1613.85
1558.43
1496.58
1416.47
1314.77
1212.17
1126.95
1069.36
1039.35
1025.04
1031.42
1064.91
1114.81
1186.09
1287.40
1370.74
1375.08
1367.67
1341.17
1339.11
1362.34
1424.98
1542.57
1689.33
1675.61
1621.48
1549.53
1442.16
1321.61
1216.11
1150.26
1119.04
1109.78
1121.36
1172.88
1300.94
1507.67
1628.43
1662.43
1671.82
1684.42
1691.58
1689.79
1691.58
1686.53
1720.11
1813.31
1898.27
1887.04
1824.39
1737.39
1611.86
1461.69
1337.75
1253.65
1208.26
1190.39
1194.77
1239.41
1356.93
1555.42
1661.40
1672.64
1675.44
1665.37
1685.40
1689.22
1689.41
1684.81
1709.32
1797.18
1896.38
1890.07
1836.43
1746.05
1623.78
1470.62
1337.69
1255.51
1208.81
1186.83
1185.97
1227.69
1339.52
1532.82
1623.78
1581.89
1499.84
1439.47
1414.76
1402.40
1420.21
1456.49
1543.82
1669.17
1819.99
1833.74
1796.45
1735.56
1627.68
1480.29
1365.77
1291.15
1246.00
1221.86
1222.72
1263.70
1381.39
1572.62
1689.48
1716.84
1730.56
1622.20
1528.97
1586.24
1595.89
1602.52
1669.70
1796.05
1931.58
1943.26
1901.14
1829.51
1719.92
1576.03
1458.11
1392.51
1365.40
1364.31
1383.36
1440.61
1570.68
1777.39
1893.10
1875.80
1811.32
1751.18
1710.01
1680.30
1698.31
1750.68
1846.90
1974.15
2083.18
2073.99
2036.01
1974.51
1881.53
1760.14
1650.01
1567.23
1522.58
1496.72
1490.02
1506.54
1553.14
1639.38
1727.94
1817.63
1845.24
1832.89
1875.70
1847.40
1854.37
1869.98
1893.25
1967.28
2034.30
2006.51
1941.69
1859.59
1759.83
1630.85
1505.39
1412.45
1346.48
1317.28
1302.27
1306.14
1334.77
1396.19
1460.38
1540.33
1530.04
1501.74
1472.90
1459.51
1478.87
1517.26
1602.90
1721.19
1838.30
1829.48
1776.22
1717.62
1627.15
1522.64
1433.54
1374.10
1349.95
1351.42
1371.92
1422.45
1520.18
1659.34
1768.36
1822.96
1822.32
1788.33
1759.14
1731.73
1731.77
1767.15
1838.63
1961.42
2104.57
2090.89
2043.31
1967.57
1838.96
1686.70
1568.86
1504.28
1470.61
1459.77
1466.95
1522.18
1645.85
1849.30
1939.99
1897.23
1811.45
1739.19
1700.47
1681.80
1715.88
1765.21
1849.14
1950.56
2081.85
2094.90
2067.11
2002.15
1881.95
1731.05
1604.78
1530.97
1495.77
1488.10
1498.48
1550.07
1672.62
1871.73
1960.74
1903.54
1799.01
1715.76
1648.80
1610.14
1605.25
1633.35
1712.78
1843.87
2011.95
2029.53
1992.17
1918.53
1795.67
1645.12
1523.76
1451.83
1416.89
1408.63
1415.81
1466.61
1587.50
1786.34
1874.48
1805.26
1696.09
1614.71
1591.41
1553.13
1523.20
1576.50
1669.20
1789.15
1927.67
1930.40
1888.58
1809.85
1695.11
1546.73
1426.02
1351.54
1312.05
1300.38
1306.25
1354.32
1470.73
1670.35
1770.15
1721.13
1623.75
1543.86
1501.25
1485.20
1499.50
1487.92
1556.33
1680.54
1811.27
1810.32
1764.57
1704.63
1611.05
1488.75
1378.56
1301.33
1254.09
1231.84
1225.75
1244.68
1289.15
1369.19
1443.26
1533.09
1597.92
1619.23
1609.87
1608.90
1608.04
1609.63
1628.27
1697.35
1757.30
1725.98
1663.49
1588.02
1495.39
1380.56
1272.32
1190.87
1139.32
1114.49
1105.21
1113.88
1152.14
1218.63
1289.83
1355.62
1356.57
1330.14
1310.46
1317.11
1371.61
1409.88
1491.51
1620.56
1766.60
1773.69
1726.50
1653.16
1546.80
1415.17
1307.57
1240.09
1205.96
1197.19
1209.08
1267.91
1392.88
1590.31
1678.21
1654.91
1649.87
1628.05
1593.27
1527.82
1518.53
1553.51
1639.80
1747.40
1879.13
1880.78
1827.55
1741.50
1619.41
1459.86
1335.28
1262.67
1219.08
1202.09
1206.80
1256.82
1376.80
1576.94
1664.19
1634.66
1581.85
1620.68
1670.40
1689.29
1695.62
1697.59
1726.48
1804.89
1917.32
1922.27
1868.29
1787.74
1662.22
1508.52
1388.02
1311.79
1274.49
1260.60
1265.03
1315.74
1436.83
1639.99
1740.03
1726.83
1637.47
1561.26
1509.45
1470.21
1467.02
1497.10
1591.40
1732.08
1902.56
1931.72
1897.07
1828.47
1711.31
1561.88
1442.75
1377.46
1342.49
1335.32
1343.07
1399.01
1522.57
1728.66
1816.76
1764.87
1674.38
1602.37
1549.40
1516.78
1513.43
1545.62
1643.22
1790.16
1948.22
1970.85
1936.93
1864.40
1749.52
1600.19
1480.82
1406.50
1367.70
1358.60
1368.81
1416.98
1532.32
1721.97
1804.19
1740.21
1632.38
1553.84
1489.17
1457.70
1474.34
1507.10
1588.09
1697.41
1823.42
1827.37
1776.33
1711.76
1618.16
1495.41
1378.19
1293.96
1243.55
1221.83
1219.65
1239.43
1294.79
1383.84
1458.99
1523.41
1565.40
1607.83
1625.97
1608.35
1608.04
1612.08
1630.73
1682.98
1766.01
1742.94
1684.78
1620.97
1542.39
1437.09
1337.35
1260.38
1211.18
1187.67
1177.52
1188.58
1226.63
1296.27
1369.07
1463.18
1520.84
1507.62
1503.48
1573.23
1598.41
1604.73
1637.01
1726.36
1854.54
1814.50
1719.48
1643.88
1560.97
1463.98
1361.73
1281.78
1245.90
1237.49
1251.87
1306.85
1430.68
1617.54
1709.37
1664.87
1556.73
1502.56
1507.28
1550.47
1599.72
1583.65
1588.66
1681.86
1847.84
1878.74
1838.50
1761.12
1633.95
1485.75
1366.38
1298.75
1264.31
1250.45
1254.85
1301.72
1416.39
1610.76
1698.54
1711.18
1692.12
1666.00
1675.65
1646.78
1637.34
1604.58
1603.41
1691.46
1840.42
1864.83
1819.01
1739.57
1609.62
1457.95
1327.63
1242.42
1194.73
1175.79
1181.26
1228.73
1352.36
1552.39
1646.92
1650.87
1649.59
1684.59
1673.88
1662.88
1667.47
1636.15
1656.01
1730.08
1879.58
1902.50
1866.61
1797.29
1676.92
1523.40
1396.18
1312.37
1269.11
1247.12
1254.58
1298.55
1415.61
1603.76
1707.40
1757.90
1789.96
1801.34
1799.75
1760.52
1753.96
1737.88
1748.58
1803.74
1881.08
1873.89
1831.42
1747.89
1630.39
1477.73
1353.44
1273.84
1234.70
1216.63
1220.24
1263.32
1378.00
1566.96
1675.87
1719.36
1740.90
1745.75
1740.55
1700.67
1635.44
1579.61
1591.36
1536.80
1632.53
1650.85
1627.21
1595.94
1543.14
1447.52
1369.29
1317.52
1287.14
1271.97
1273.71
1306.00
1367.29
1464.84
1530.15
1557.43
1529.06
1489.97
1458.28
1443.05
1461.81
1498.54
1554.28
1654.17
1798.05
1815.82
1770.23
1716.31
1640.69
1541.68
1450.06
1380.84
1337.94
1317.52
1315.12
1330.63
1372.62
1444.76
1490.84
1519.43
1492.02
1481.83
1475.43
1559.88
1571.79
1577.24
1635.59
1735.09
1868.54
1874.58
1814.61
1725.46
1606.25
1468.99
1354.16
1270.58
1220.33
1199.36
1203.32
1250.97
1367.95
1561.15
1658.08
1676.03
1692.85
1692.17
1710.14
1679.89
1674.73
1677.37
1694.86
1767.41
1870.07
1879.40
1819.58
1727.74
1594.12
1439.44
1313.25
1238.81
1191.89
1176.70
1178.39
1226.15
1336.44
1533.91
1641.80
1679.00
1686.88
1702.90
1715.10
1715.37
1718.60
1703.78
1718.44
1758.06
1852.09
1864.74
1815.19
1731.75
1612.23
1460.19
1334.21
1255.85
1218.24
1207.57
1218.45
1276.27
1400.92
1596.63
1660.34
1596.37
1554.48
1497.19
1431.34
1376.20
1432.88
1485.59
1543.15
1652.78
1815.93
1859.71
1817.23
1741.84
1628.10
1478.14
1345.47
1264.19
1226.87
1214.70
1222.52
1270.68
1389.31
1578.46
1685.88
1723.27
1736.95
1741.17
1754.88
1757.16
1755.65
1735.98
1743.10
1779.41
1861.53
1873.55
1826.13
1756.09
1646.04
1499.31
1376.87
1297.33
1254.94
1242.59
1249.53
1299.80
1417.61
1608.32
1697.59
1687.97
1683.87
1629.23
1559.16
1501.93
1507.02
1537.14
1619.63
1757.80
1908.51
1962.78
1933.17
1897.13
1821.01
1707.87
1606.18
1533.30
1495.13
1480.92
1480.97
1503.27
1555.42
1639.90
1685.89
1676.42
1637.43
1588.57
1551.05
1514.49
1496.98
1513.66
1610.91
1738.17
1881.20
1909.52
1866.79
1805.99
1721.23
1605.82
1503.84
1421.75
1364.68
1330.23
1313.16
1317.97
1344.76
1402.00
1443.59
1473.31
1459.73
1466.60
1491.07
1522.05
1536.81
1535.53
1541.65
1615.41
1745.92
1777.15
1727.27
1654.22
1565.95
1462.47
1367.64
1300.80
1269.33
1259.75
1268.53
1308.05
1390.41
1500.29
1558.76
1523.65
1474.73
1435.07
1400.15
1376.08
1370.98
1397.00
1469.64
1604.16
1779.02
1830.30
1784.35
1716.27
1615.05
1489.20
1385.24
1318.69
1280.64
1267.94
1274.75
1323.33
1433.96
1582.27
1675.15
1701.36
1690.67
1718.61
1763.55
1760.78
1773.34
1782.54
1796.37
1840.32
1910.19
1897.94
1828.01
1735.55
1614.65
1471.38
1351.42
1270.18
1223.30
1204.96
1206.62
1249.86
1353.68
1510.40
1608.39
1584.22
1472.91
1415.07
1387.27
1375.35
1379.02
1401.28
1475.50
1613.80
1791.26
1864.28
1830.29
1766.02
1666.24
1538.65
1431.67
1360.38
1324.84
1315.22
1326.31
1376.79
1487.82
1643.39
1711.99
1651.98
1571.91
1517.79
1495.21
1512.41
1556.74
1602.14
1667.82
1748.43
1873.06
1926.58
1899.78
1841.01
1739.80
1607.27
1498.25
1432.47
1398.77
1392.28
1406.72
1459.15
1574.42
1723.44
1784.72
1745.17
1700.73
1630.96
1580.24
1541.86
1533.97
1542.26
1599.78
1726.26
1869.61
1923.99
1883.72
1825.20
1734.75
1614.82
1507.04
1428.99
1380.71
1353.93
1345.31
1357.94
1402.99
1475.75
1496.52
1475.40
1436.46
1396.14
1345.53
1301.82
1294.52
1310.82
1377.39
1506.76
1655.81
1707.65
1672.43
1626.29
1559.37
1465.43
1377.60
1310.82
1271.86
1252.86
1250.81
1262.59
1300.49
1354.85
1367.15
1343.91
1309.77
1269.83
1236.28
1212.85
1210.49
1237.12
1322.20
1469.98
1648.02
1718.29
1681.03
1611.82
1505.40
1385.05
1285.53
1226.74
1200.78
1194.20
1208.32
1263.11
1391.61
1573.61
1612.25
1521.80
1426.85
1363.01
1321.83
1291.11
1293.03
1318.12
1392.20
1515.76
1683.15
1763.11
1719.28
1640.96
1519.51
1377.31
1261.00
1188.17
1145.81
1123.54
1125.24
1171.33
1288.92
1472.74
1563.76
1573.62
1522.28
1501.75
1498.47
1446.39
1428.12
1463.24
1532.66
1608.62
1729.59
1770.57
1722.70
1645.15
1526.98
1379.34
1259.97
1178.63
1137.77
1121.05
1124.48
1170.48
1283.99
1471.21
1558.84
1563.80
1564.06
1550.76
1524.41
1505.00
1526.78
1535.92
1570.86
1648.62
1761.17
1790.94
1743.92
1671.77
1550.99
1405.72
1287.19
1208.98
1166.90
1148.79
1154.04
1200.17
1307.40
1490.41
1590.76
1617.38
1600.31
1471.71
1398.22
1417.18
1453.80
1477.98
1487.56
1595.80
1761.79
1843.42
1812.79
1752.95
1650.82
1513.03
1398.12
1323.20
1285.97
1275.62
1284.53
1335.15
1457.36
1628.64
1660.98
1591.30
1510.61
1457.08
1431.73
1390.80
1402.58
1436.10
1518.81
1635.67
1770.81
1827.76
1787.32
1728.10
1644.06
1529.27
1424.54
1348.32
1307.11
1288.75
1287.59
1309.60
1362.61
1441.09
1467.52
1459.01
1415.56
1387.10
1401.64
1464.68
1461.56
1476.13
1527.54
1612.84
1736.96
1799.05
1768.46
1725.42
1657.95
1560.52
1479.82
1401.21
1360.40
1343.46
1330.99
1357.94
1399.58
1450.85
1461.37
1441.36
1414.18
1419.69
1390.72
1364.84
1358.80
1377.22
1458.32
1604.54
1781.73
1864.89
1836.53
1767.46
1662.00
1531.13
1431.83
1370.43
1339.14
1326.19
1334.43
1381.81
1496.67
1674.97
1712.49
1619.05
1523.41
1487.99
1469.04
1449.64
1399.37
1383.09
1435.49
1555.35
1720.27
1793.96
1756.41
1680.13
1551.92
1398.16
1269.80
1193.72
1148.76
1128.33
1129.67
1174.63
1287.12
1449.13
1484.89
1410.57
1356.34
1300.58
1273.20
1266.26
1331.98
1414.01
1456.84
1522.40
1638.49
1710.25
1677.86
1605.35
1483.71
1334.83
1215.87
1139.95
1098.62
1085.07
1090.88
1140.22
1262.79
1434.15
1483.44
1433.25
1397.76
1377.81
1383.45
1385.75
1369.74
1332.60
1386.22
1504.88
1660.72
1761.28
1727.89
1656.52
1544.05
1394.86
1276.78
1207.62
1169.44
1156.66
1165.31
1216.80
1341.87
1509.30
1531.27
1451.48
1371.47
1315.35
1282.97
1258.35
1265.36
1292.25
1356.45
1478.80
1636.97
1738.86
1717.32
1659.53
1557.36
1420.89
1309.82
1239.58
1206.10
1195.91
1204.16
1255.05
1374.72
1537.14
1587.26
1503.43
1406.92
1370.91
1383.10
1412.08
1512.80
1560.23
1590.03
1648.26
1743.52
1774.19
1730.80
1675.49
1588.72
1477.75
1373.50
1302.44
1260.70
1240.89
1243.55
1265.85
1317.99
1408.19
1500.44
1567.83
1578.57
1552.94
1489.49
1400.54
1356.50
1349.13
1395.45
1507.75
1645.49
1724.23
1686.16
1632.90
1561.70
1459.81
1362.30
1297.34
1278.28
1259.22
1244.97
1249.71
1275.46
1327.95
1378.47
1393.68
1353.94
1342.59
1317.01
1271.09
1226.19
1222.01
1268.27
1326.15
1458.55
1581.12
1657.78
1611.99
1511.67
1384.36
1265.40
1185.84
1141.81
1122.35
1126.37
1168.25
1281.65
1472.65
1571.95
1515.98
1426.94
1360.77
1306.89
1265.40
1255.09
1246.59
1261.01
1340.82
1464.18
1575.48
1646.24
1582.91
1469.72
1321.17
1194.53
1113.75
1066.68
1046.84
1049.59
1088.86
1196.74
1391.15
1485.46
1470.40
1456.42
1391.53
1322.01
1297.01
1282.58
1309.20
1328.00
1382.66
1485.61
1590.76
1646.96
1578.43
1464.30
1317.55
1188.93
1108.25
1056.57
1040.54
1035.45
1072.61
1176.77
1377.67
1477.87
1430.79
1353.48
1291.92
1248.34
1229.62
1238.74
1282.40
1386.88
1431.28
1499.49
1602.83
1672.13
1621.00
1508.23
1364.88
1244.43
1165.62
1129.67
1120.79
1129.85
1175.02
1293.92
1497.19
1592.51
1536.72
1459.75
1430.08
1428.51
1411.22
1426.83
1390.50
1395.49
1454.34
1540.19
1642.43
1707.46
1649.33
1543.35
1402.06
1278.27
1194.05
1142.37
1123.64
1121.67
1156.56
1251.18
1418.07
1534.87
1592.39
1633.88
1663.20
1664.60
1638.88
1633.97
1603.23
1545.23
1492.48
1549.23
1608.16
1644.82
1582.81
1498.39
1384.03
1273.90
1191.34
1142.26
1118.09
1115.31
1133.42
1176.76
1260.23
1329.24
1345.20
1325.43
1281.85
1240.11
1209.11
1200.01
1250.19
1259.84
1312.96
1431.21
1542.21
1591.45
1532.86
1449.66
1341.17
1240.64
1164.18
1110.84
1086.72
1078.70
1089.16
1119.53
1180.74
1242.72
1261.23
1256.60
1238.59
1222.32
1204.95
1179.46
1165.77
1185.87
1282.34
1429.30
1541.27
1623.65
1586.43
1502.40
1399.62
1301.11
1231.95
1194.80
1183.08
1199.68
1248.19
1345.67
1508.16
1604.06
1594.12
1529.00
1476.19
1441.23
1418.38
1387.60
1374.12
1395.55
1499.79
1635.85
1731.79
1804.55
1739.41
1637.41
1495.78
1378.78
1294.15
1245.58
1221.50
1217.22
1248.64
1331.35
1469.66
1601.14
1697.15
1741.60
1763.09
1780.77
1744.18
1719.72
1698.51
1661.45
1653.82
1714.03
1736.07
1741.73
1661.93
1554.71
1424.52
1308.61
1232.78
1186.79
1168.47
1170.90
1211.20
1303.82
1444.54
1535.66
1520.12
1445.80
1385.25
1343.17
1308.73
1286.53
1264.89
1292.66
1360.75
1509.63
1624.03
1679.63
1606.69
1499.88
1368.98
1259.17
1181.16
1133.55
1113.40
1112.04
1147.99
1224.40
1361.61
1488.81
1593.66
1662.83
1693.87
1700.56
1692.62
1672.72
1644.86
1631.30
1657.29
1711.13
1742.68
1738.17
1645.67
1535.84
1408.43
1290.86
1210.10
1157.29
1132.36
1127.55
1155.50
1230.95
1356.21
1469.66
1555.29
1585.50
1582.88
1550.01
1542.66
1484.03
1491.35
1478.29
1443.79
1498.64
1552.45
1609.31
1535.96
1425.27
1313.86
1202.25
1112.22
1055.41
1028.80
1020.79
1034.27
1077.66
1148.33
1213.45
1288.70
1313.50
1273.70
1274.17
1220.37
1170.86
1140.82
1148.31
1240.85
1394.07
1518.73
1599.33
1554.01
1470.39
1375.29
1284.94
1218.12
1177.08
1161.59
1156.93
1170.46
1206.35
1262.84
1296.41
1305.55
1296.91
1286.56
1285.24
1270.33
1239.68
1219.86
1233.23
1333.97
1497.37
1617.60
1705.39
1654.98
1555.91
1449.64
1349.40
1276.07
1234.55
1218.55
1224.05
1252.53
1338.04
1467.75
1571.81
1617.68
1645.90
1669.60
1712.94
1695.39
1723.31
1741.70
1757.33
1805.94
1854.74
1835.45
1791.46
1702.60
1575.89
1448.03
1335.10
1257.38
1206.33
1181.93
1180.27
1209.51
1283.99
1403.88
1509.62
1579.17
1564.50
1508.82
1468.33
1442.54
1416.71
1404.39
1466.28
1523.54
1612.26
1652.23
1683.31
1612.47
1506.22
1392.77
1288.98
1209.44
1163.36
1140.18
1137.24
1163.64
1232.33
1351.74
1449.04
1535.59
1586.65
1625.93
1653.56
1653.95
1649.85
1622.34
1592.95
1614.65
1701.33
1729.88
1736.03
1653.63
1544.25
1430.43
1320.84
1242.15
1197.34
1172.58
1168.29
1196.88
1270.87
1389.25
1469.07
1495.47
1433.06
1346.05
1306.87
1282.44
1248.85
1224.29
1229.72
1312.21
1452.82
1555.84
1626.76
1579.12
1473.07
1359.38
1252.38
1172.63
1124.72
1096.42
1082.27
1104.07
1169.69
1277.24
1363.74
1387.54
1319.32
1254.42
1222.28
1211.77
1170.40
1135.62
1136.89
1212.24
1345.58
1443.36
1512.78
1467.75
1376.54
1277.53
1188.02
1118.71
1083.49
1064.90
1064.93
1088.18
1133.34
1198.44
1225.78
1217.96
1182.17
1189.92
1175.30
1263.99
1251.50
1295.42
1319.60
1421.22
1503.21
1552.77
1558.54
1484.59
1388.61
1293.81
1197.70
1125.51
1075.70
1047.88
1035.85
1039.86
1064.06
1111.77
1169.88
1261.15
1365.76
1436.52
1507.32
1564.84
1581.51
1572.94
1580.16
1625.27
1669.11
1657.98
1635.46
1552.16
1434.56
1330.25
1232.50
1159.44
1111.01
1088.50
1089.52
1118.20
1186.95
1303.84
1416.52
1510.60
1555.00
1584.11
1581.71
1587.23
1588.03
1580.95
1577.44
1625.48
1708.70
1727.18
1715.64
1633.70
1525.90
1410.30
1305.76
1228.84
1180.78
1153.97
1153.34
1181.38
1254.89
1368.55
1459.67
1523.04
1532.85
1497.64
1444.17
1425.16
1411.95
1364.38
1325.13
1366.98
1497.97
1603.88
1677.08
1636.90
1542.14
1434.71
1326.52
1256.51
1213.23
1192.55
1182.52
1212.78
1280.32
1389.85
1474.61
1517.33
1511.37
1518.45
1524.64
1516.55
1518.38
1509.59
1486.35
1509.78
1603.08
1636.34
1670.82
1623.33
1518.52
1396.89
1292.71
1220.91
1169.15
1144.35
1140.31
1166.10
1236.84
1340.24
1430.49
1508.28
1515.08
1504.51
1487.50
1529.68
1542.47
1517.49
1526.06
1565.41
1649.58
1673.67
1673.78
1606.59
1514.49
1400.41
1294.47
1208.62
1159.11
1131.17
1124.70
1142.03
1204.64
1307.78
1418.55
1518.26
1590.45
1648.58
1690.89
1704.66
1676.05
1634.15
1614.25
1632.96
1681.96
1676.56
1662.39
1609.42
1507.34
1400.60
1299.33
1219.10
1166.53
1137.50
1125.21
1136.37
1167.99
1225.18
1286.98
1365.87
1439.41
1485.99
1498.14
1460.03
1369.91
1287.36
1256.69
1286.67
1408.08
1522.24
1587.99
1559.14
1469.62
1378.13
1283.64
1211.95
1157.31
1122.83
1107.30
1108.01
1128.23
1161.71
1200.38
1247.19
1274.45
1258.37
1246.90
1255.16
1223.14
1202.30
1200.38
1255.83
1399.09
1504.95
1548.24
1496.92
1398.43
1295.34
1196.66
1123.00
1080.48
1061.51
1064.70
1094.98
1173.01
1274.82
1332.26
1323.86
1269.67
1220.50
1194.37
1182.94
1168.30
1158.03
1165.53
1237.46
1381.17
1480.23
1543.27
1506.69
1407.97
1296.33
1194.05
1125.83
1080.93
1057.77
1052.79
1079.76
1150.28
1247.89
1319.20
1311.89
1246.63
1197.94
1172.98
1171.47
1159.15
1139.15
1144.07
1248.47
1371.94
1466.20
1521.66
1486.78
1386.10
1272.26
1166.52
1095.95
1048.34
1027.08
1020.45
1044.19
1112.70
1221.12
1345.52
1445.58
1500.87
1529.04
1523.62
1517.38
1480.90
1397.71
1322.37
1356.38
1491.70
1545.87
1565.42
1533.76
1437.14
1327.25
1225.92
1150.52
1108.92
1085.63
1087.99
1109.26
1176.16
1266.24
1334.26
1429.01
1471.54
1531.12
1548.22
1589.64
1629.12
1646.13
1624.69
1624.55
1622.78
1588.31
1597.89
1565.89
1472.75
1360.69
1255.70
1188.50
1142.86
1121.38
1120.40
1143.34
1209.90
1296.27
1328.97
1316.33
1322.86
1314.60
1366.02
1419.51
1384.43
1349.32
1364.08
1399.58
1536.35
1588.94
1605.15
1551.36
1459.31
1358.69
1262.76
1185.54
1139.19
1114.80
1107.84
1123.87
1157.42
1197.87
1203.56
1181.52
1152.28
1139.09
1134.16
1125.96
1100.38
1095.90
1102.97
1187.26
1334.98
1444.55
1512.88
1503.36
1416.84
1322.10
1231.73
1162.29
1118.84
1097.16
1092.47
1106.36
1138.12
1175.58
1172.84
1151.78
1121.08
1096.25
1099.04
1112.97
1165.37
1088.11
1112.12
1225.94
1367.19
1404.53
1431.68
1403.51
1320.20
1227.47
1132.31
1060.29
1014.21
990.30
985.48
1005.84
1071.51
1173.04
1293.39
1406.58
1486.75
1547.81
1565.51
1585.70
1594.37
1545.11
1487.89
1490.21
1503.12
1456.85
1436.46
1382.57
1287.58
1197.90
1108.63
1040.25
1000.36
981.35
985.93
1013.75
1082.08
1170.51
1229.92
1232.28
1196.71
1166.94
1180.28
1191.20
1176.96
1199.82
1188.48
1267.30
1366.80
1443.91
1498.81
1477.80
1386.74
1271.10
1169.62
1095.12
1050.88
1031.22
1026.89
1049.97
1120.36
1226.24
1349.00
1441.14
1479.42
1474.21
1425.93
1378.44
1314.72
1254.03
1226.40
1279.13
1400.10
1490.94
1547.01
1532.29
1445.85
1342.52
1245.87
1184.30
1148.70
1131.05
1128.23
1152.42
1219.05
1307.15
1365.03
1381.51
1356.57
1356.02
1390.89
1432.35
1386.68
1348.85
1321.95
1354.13
1477.02
1554.69
1599.54
1581.61
1491.23
1381.62
1280.78
1209.29
1172.21
1154.69
1156.39
1184.64
1255.95
1341.20
1375.05
1353.29
1300.07
1274.03
1258.94
1234.01
1199.60
1192.60
1217.97
1314.71
1427.99
1499.41
1549.43
1525.05
1432.67
1330.45
1230.34
1155.44
1110.82
1091.65
1090.48
1105.22
1147.87
1203.52
1286.67
1386.68
1471.52
1523.76
1576.15
1592.47
1594.41
1590.40
1589.88
1615.23
1632.74
1628.20
1620.38
1574.45
1484.43
1385.47
1293.43
1218.97
1170.46
1143.02
1133.37
1140.91
1167.01
1190.74
1187.63
1171.60
1143.09
1104.55
1075.60
1050.00
1017.40
1003.29
1029.29
1140.53
1306.57
1419.55
1472.71
1447.05
1354.82
1247.88
1148.37
1075.43
1031.62
1011.79
1010.07
1036.19
1100.43
1181.57
1266.31
1323.78
1360.40
1380.00
1385.95
1427.52
1433.53
1360.55
1330.37
1358.35
1472.96
1534.54
1563.61
1543.52
1454.52
1354.99
1260.93
1196.99
1161.64
1145.40
1149.07
1182.00
1252.51
1327.42
1364.66
1328.23
1283.41
1343.07
1454.28
1447.27
1467.95
1472.56
1493.04
1576.13
1653.26
1639.31
1590.41
1562.32
1473.16
1364.12
1264.70
1199.84
1163.85
1147.95
1150.83
1185.88
1258.68
1342.69
1385.33
1376.35
1353.65
1369.92
1389.09
1388.77
1378.21
1348.88
1330.62
1371.43
1473.49
1551.35
1598.83
1598.55
1512.11
1402.09
1299.54
1229.23
1191.25
1171.38
1171.75
1206.69
1276.90
1357.36
1383.08
1352.70
1290.92
1241.86
1220.90
1197.79
1239.04
1247.34
1234.54
1381.35
1487.20
1536.93
1554.18
1525.21
1429.48
1323.24
1219.17
1143.53
1096.93
1072.93
1068.03
1090.96
1155.89
1252.90
1371.36
1477.06
1519.29
1558.15
1599.47
1614.15
1611.65
1594.65
1554.22
1567.57
1601.99
1600.39
1597.95
1555.65
1459.40
1355.52
1256.40
1184.57
1139.23
1116.43
1111.82
1129.51
1161.17
1189.00
1180.26
1154.15
1136.67
1078.06
1052.87
1043.93
1047.76
1000.51
1005.15
1105.34
1256.25
1355.22
1408.39
1415.49
1333.76
1245.24
1151.78
1084.72
1041.07
1019.29
1012.67
1020.20
1040.33
1070.12
1112.03
1186.47
1278.44
1318.76
1357.61
1392.99
1431.76
1431.99
1461.03
1538.06
1617.70
1613.28
1582.35
1524.70
1419.86
1311.85
1214.16
1141.15
1101.81
1076.96
1074.80
1104.32
1175.25
1288.00
1416.49
1518.84
1567.72
1595.03
1627.78
1647.42
1642.14
1633.97
1628.11
1643.91
1708.51
1712.21
1687.95
1637.23
1536.13
1418.71
1308.59
1234.09
1181.66
1155.42
1148.99
1175.06
1240.45
1332.56
1420.80
1453.02
1421.08
1408.39
1378.91
1375.70
1317.84
1277.80
1280.69
1335.25
1447.95
1517.77
1553.76
1548.35
1460.14
1351.16
1241.25
1169.75
1130.82
1114.94
1118.09
1150.35
1220.72
1295.62
1318.10
1293.58
1234.56
1193.26
1161.51
1150.11
1131.69
1139.22
1182.25
1286.66
1474.38
1547.64
1546.84
1502.18
1404.37
1291.01
1186.66
1114.88
1073.06
1049.80
1046.37
1071.73
1137.69
1243.27
1349.83
1437.98
1501.67
1535.98
1546.36
1550.82
1532.60
1458.60
1388.20
1419.13
1486.27
1537.09
1544.98
1522.44
1430.36
1317.60
1205.61
1123.03
1074.95
1048.96
1039.65
1057.29
1116.87
1207.82
1329.06
1431.25
1448.07
1474.60
1491.69
1481.81
1413.08
1361.92
1285.17
1273.19
1364.16
1435.79
1470.79
1457.43
1373.41
1268.55
1171.61
1087.07
1036.97
1003.17
990.45
999.50
1023.33
1051.76
1055.13
1045.61
1026.71
1014.92
1000.85
991.21
972.44
970.79
1005.68
1134.60
1251.26
1332.37
1380.84
1393.82
1320.40
1221.44
1125.25
1052.26
1002.87
971.21
957.07
957.90
970.64
988.96
999.88
1019.65
1050.25
1056.10
1085.14
1050.73
1016.42
1016.62
1042.84
1140.47
1276.63
1367.06
1407.11
1430.49
1347.79
1232.26
1127.06
1041.55
998.46
971.34
968.96
983.94
1041.62
1134.69
1226.38
1249.71
1210.22
1178.06
1163.90
1191.84
1300.84
1373.04
1375.15
1380.60
1466.82
1492.80
1475.58
1450.55
1355.79
1242.63
1136.86
1061.82
1017.82
998.74
995.37
1018.51
1077.94
1160.07
1213.05
1209.67
1164.79
1135.74
1135.23
1142.26
1145.67
1138.42
1135.36
1211.11
1345.76
1422.31
1447.97
1460.67
1374.87
1264.67
1160.26
1085.79
1045.76
1031.10
1033.45
1064.31
1126.77
1199.58
1241.22
1257.47
1248.79
1246.87
1272.67
1197.37
1233.42
1229.48
1299.47
1402.45
1503.14
1534.39
1521.34
1480.87
1395.92
1285.29
1180.29
1107.19
1064.12
1043.39
1041.96
1076.73
1128.41
1211.82
1278.37
1254.90
1217.04
1221.21
1258.45
1281.74
1286.94
1249.01
1209.15
1247.35
1342.14
1418.72
1446.38
1460.69
1378.43
1266.82
1159.22
1081.40
1034.66
1010.09
1004.26
1027.26
1081.45
1157.32
1204.34
1203.75
1214.78
1285.53
1279.78
1257.36
1298.04
1359.64
1373.13
1408.53
1475.98
1507.74
1509.73
1469.18
1383.12
1279.48
1179.06
1108.71
1060.15
1035.99
1026.33
1038.42
1072.56
1114.40
1164.44
1230.11
1281.21
1293.74
1234.26
1220.70
1215.74
1197.56
1195.81
1257.98
1364.84
1441.83
1489.57
1513.57
1453.44
1354.29
1261.88
1190.06
1141.33
1116.03
1108.18
1113.53
1126.87
1139.22
1148.51
1152.11
1154.53
1145.48
1177.50
1157.29
1074.46
1035.98
1033.12
1124.91
1245.08
1332.14
1376.04
1404.34
1337.69
1237.57
1139.03
1069.31
1025.18
1009.65
1013.28
1042.30
1104.45
1182.85
1230.35
1229.14
1194.94
1201.54
1267.75
1407.01
1417.06
1383.04
1347.62
1383.67
1486.72
1540.72
1503.27
1469.87
1387.00
1274.66
1172.01
1099.48
1056.28
1036.27
1040.54
1070.62
1129.56
1213.78
1256.22
1257.02
1237.64
1263.12
1283.01
1286.03
1250.00
1207.89
1191.01
1245.59
1363.37
1446.68
1471.99
1486.46
1407.42
1294.21
1191.05
1119.08
1081.06
1065.34
1069.52
1102.96
1164.70
1248.87
1282.18
1272.16
1220.00
1185.24
1165.05
1157.70
1138.19
1126.65
1133.23
1205.58
1338.81
1426.32
1455.65
1473.73
1394.65
1281.35
1174.30
1104.61
1062.65
1048.11
1045.57
1080.10
1138.60
1220.14
1251.45
1239.38
1193.18
1165.48
1136.41
1128.26
1114.77
1109.60
1122.85
1194.32
1321.84
1406.18
1439.19
1453.27
1368.74
1255.08
1142.26
1065.53
1015.22
993.76
989.99
1007.77
1056.81
1155.78
1265.35
1322.05
1322.25
1272.95
1200.26
1184.20
1200.51
1217.96
1250.38
1337.75
1439.76
1483.67
1496.74
1503.19
1427.95
1314.06
1206.77
1117.40
1063.38
1026.40
1010.41
1011.08
1018.45
1035.40
1059.98
1076.19
1098.36
1116.74
1106.04
1087.90
1088.31
1107.20
1150.13
1202.87
1292.04
1366.75
1384.19
1393.95
1329.40
1229.69
1130.71
1052.87
1001.30
971.85
958.46
959.98
964.22
980.42
1009.97
1056.95
1091.60
1071.38
1077.04
1094.13
1098.96
1118.18
1115.53
1187.02
1312.62
1379.88
1394.28
1412.12
1332.21
1219.69
1113.70
1037.39
993.63
971.51
968.55
990.38
1046.56
1143.57
1253.15
1342.80
1411.32
1436.98
1421.70
1406.73
1351.43
1354.62
1346.42
1354.81
1428.14
1453.66
1455.44
1464.74
1391.99
1276.61
1162.34
1081.46
1035.25
1012.66
1003.77
1026.69
1075.55
1157.43
1211.97
1219.17
1186.37
1160.78
1151.35
1151.82
1146.30
1138.14
1142.88
1219.38
1357.09
1437.52
1457.13
1473.23
1390.49
1274.87
1163.26
1088.31
1043.51
1022.62
1022.47
1050.18
1102.68
1181.27
1227.08
1237.55
1199.38
1174.08
1164.19
1163.40
1155.17
1147.29
1160.23
1235.86
1360.87
1447.45
1466.50
1474.74
1401.29
1283.77
1167.39
1093.94
1049.83
1026.91
1024.17
1053.53
1106.93
1189.92
1235.43
1239.24
1206.90
1182.35
1178.32
1176.54
1173.31
1175.34
1194.02
1256.23
1379.34
1453.72
1468.10
1476.67
1410.13
1283.29
1162.69
1078.85
1029.95
1004.18
997.47
1020.04
1057.17
1138.87
1207.18
1241.74
1233.23
1232.59
1239.12
1246.91
1251.27
1267.47
1301.30
1386.13
1494.92
1554.68
1554.36
1554.26
1492.15
1372.17
1254.02
1158.10
1095.21
1059.93
1045.00
1043.62
1051.38
1090.78
1156.69
1241.83
1300.26
1344.01
1387.91
1397.71
1397.11
1364.17
1337.95
1345.43
1385.39
1400.97
1403.26
1413.94
1351.96
1249.89
1144.90
1066.84
1017.55
989.41
975.50
979.13
981.42
1000.59
1020.84
1042.20
1045.85
1039.84
1042.09
1039.01
1019.75
1015.55
1043.57
1127.46
1252.97
1339.56
1367.53
1385.41
1330.76
1232.52
1135.09
1055.37
1004.02
978.38
971.13
981.27
1000.92
1040.69
1095.52
1165.75
1230.69
1279.33
1284.60
1300.61
1274.79
1210.38
1209.81
1262.57
1367.95
1430.44
1450.59
1457.21
1379.87
1259.57
1142.10
1062.85
1016.25
989.46
986.14
1006.13
1055.08
1144.23
1247.36
1308.35
1308.87
1327.25
1358.95
1403.84
1449.02
1480.31
1515.38
1588.18
1708.07
1760.32
1745.69
1728.50
1633.80
1479.40
1339.42
1218.34
1155.39
1116.46
1095.93
1109.13
1150.61
1229.69
1323.06
1381.61
1402.63
1429.50
1490.71
1546.14
1596.97
1649.09
1698.21
1789.81
1860.26
1883.33
1842.61
1813.31
1713.41
1549.79
1403.73
1292.31
1219.08
1177.68
1159.21
1175.72
1220.17
1309.48
1426.71
1523.72
1560.20
1585.11
1625.56
1682.62
1726.57
1732.61
1762.79
1813.69
1872.80
1860.37
1837.50
1824.56
1730.26
1578.30
1437.00
1333.90
1260.98
1222.86
1201.63
1211.24
1257.23
1347.34
1462.79
1561.03
1649.29
1692.64
1701.75
1737.62
1753.82
1770.86
1808.42
1840.00
1868.21
1857.24
1818.83
1776.22
1684.43
1558.78
1426.65
1317.34
1237.40
1187.14
1156.96
1148.98
1151.85
1183.67
1248.57
1323.95
1400.38
1452.84
1498.56
1544.13
1571.27
1597.40
1629.09
1703.15
1794.45
1841.67
1789.46
1727.96
1641.97
1490.85
1358.64
1246.72
1165.64
1113.47
1079.75
1062.26
1043.10
1063.47
1077.05
1104.61
1120.29
1126.00
1129.90
1141.39
1138.36
1152.76
1195.19
1309.66
1425.32
1478.65
1468.20
1461.35
1397.75
1271.27
1158.31
1073.07
1021.32
995.01
995.55
1017.59
1060.41
1149.83
1216.62
1241.35
1227.45
1224.29
1268.61
1310.35
1303.20
1307.71
1324.59
1358.19
1450.71
1505.02
1509.97
1499.19
1427.28
1297.08
1181.87
1098.83
1049.68
1023.83
1017.45
1040.78
1076.98
1159.26
1241.63
1272.10
1254.36
1266.38
1287.23
1286.19
1283.55
1286.26
1321.19
1417.79
1508.78
1556.13
1575.86
1557.47
1461.61
1338.83
1223.45
1138.39
1085.75
1057.94
1049.45
1069.87
1112.50
1196.35
1296.57
1383.61
1374.00
1377.44
1425.86
1531.66
1687.61
1676.51
1682.69
1685.95
1782.19
1843.32
1824.92
1808.29
1734.92
1581.41
1433.77
1315.52
1229.57
1177.83
1149.75
1153.80
1186.11
1290.50
1407.45
1499.98
1560.86
1625.12
1698.54
1780.05
1862.07
1939.58
1997.42
2064.60
2113.85
2098.63
2042.11
1996.60
1886.48
1709.18
1538.71
1413.37
1326.85
1272.69
1238.81
1249.91
1285.17
1382.51
1501.68
1606.30
1657.46
1693.20
1710.30
1758.20
1763.21
1741.86
1810.74
1888.21
1961.15
1973.02
1932.90
1897.14
1813.78
1668.79
1523.68
1403.49
1320.35
1264.86
1235.81
1232.51
1239.75
1277.73
1341.80
1441.85
1530.56
1605.73
1684.32
1751.18
1821.92
1902.30
1999.99
1962.28
1949.32
1882.10
1827.00
1788.47
1714.97
1566.80
1417.38
1289.95
1196.93
1136.60
1100.73
1085.19
1070.42
1083.78
1115.86
1173.82
1283.36
1336.46
1404.72
1426.49
1399.04
1373.36
1365.94
1388.39
1477.77
1538.99
1538.62
1521.99
1457.37
1342.67
1225.23
1132.77
1076.01
1044.99
1031.65
1051.82
1092.07
1187.09
1280.63
1333.98
1347.01
1356.76
1372.65
1412.00
1451.37
1495.30
1546.06
1645.50
1764.01
1820.32
1788.20
1730.99
1635.58
1472.82
1327.66
1213.09
1147.18
1114.39
1096.48
1117.45
1162.56
1268.49
1373.27
1463.42
1467.58
1459.95
1534.67
1585.66
1575.25
1572.21
1669.69
1774.24
1860.66
1874.38
1857.58
1810.88
1713.61
1545.51
1392.32
1301.23
1224.73
1179.59
1158.75
1170.09
1205.20
1290.38
1402.67
1490.79
1527.82
1561.50
1602.50
1661.07
1712.82
1755.71
1810.24
1891.48
1975.98
1949.64
1905.94
1860.54
1766.07
1618.44
1471.61
1369.56
1299.40
1254.91
1236.02
1250.12
1293.26
1406.83
1538.26
1664.32
1741.68
1794.85
1830.75
1879.55
1906.29
1880.66
1850.96
1854.65
1898.93
1886.24
1822.44
1768.01
1692.03
1558.53
1428.60
1324.76
1258.74
1221.07
1206.57
1221.78
1271.29
1380.02
1515.31
1631.34
1727.05
1758.53
1792.76
1815.13
1847.05
1887.12
1932.49
1997.76
2073.61
2082.76
2018.22
1934.75
1842.88
1672.19
1494.95
1354.21
1260.99
1198.64
1161.99
1148.51
1128.87
1159.35
1201.11
1259.16
1297.43
1323.66
1352.84
1372.30
1402.22
1430.23
1475.34
1522.84
1598.42
1635.45
1602.86
1580.10
1523.09
1404.63
1274.80
1175.65
1103.47
1058.40
1037.64
1035.90
1027.47
1046.24
1070.14
1120.22
1175.31
1197.74
1201.52
1221.28
1235.22
1250.38
1290.90
1389.18
1516.73
1582.01
1571.76
1545.24
1485.11
1354.35
1227.09
1135.87
1085.41
1060.64
1057.86
1079.33
1135.60
1238.07
1350.89
1417.90
1425.92
1411.14
1393.00
1401.76
1435.73
1461.67
1491.09
1543.65
1620.62
1664.97
1648.12
1614.93
1540.73
1395.22
1259.92
1160.66
1101.80
1070.88
1062.09
1081.30
1122.02
1215.62
1300.49
1355.88
1363.05
1363.71
1378.10
1403.09
1438.30
1473.34
1524.68
1616.58
1728.90
1776.54
1742.09
1692.89
1616.32
1460.89
1307.81
1202.65
1135.63
1097.29
1083.40
1102.07
1139.35
1236.77
1330.57
1396.16
1435.53
1452.63
1486.62
1532.35
1579.56
1635.39
1712.73
1827.42
1949.75
1998.33
1952.04
1880.75
1788.74
1616.15
1453.86
1321.58
1244.16
1193.85
1174.40
1191.28
1230.42
1342.76
1463.96
1552.13
1586.72
1661.06
1768.39
1860.61
1964.87
2051.58
2132.22
2221.23
2313.08
2335.92
2272.35
2176.51
2064.83
1865.86
1675.83
1521.05
1422.20
1362.38
1334.43
1345.58
1388.47
1492.34
1641.32
1756.93
1825.80
1902.62
1994.98
2109.34
2210.85
2279.97
2325.06
2365.69
2399.83
2369.49
2290.67
2176.33
2069.94
1877.13
1687.50
1533.14
1428.86
1355.11
1311.65
1298.59
1297.25
1354.45
1452.23
1591.90
1737.58
1887.90
2021.27
2130.30
2214.12
2286.74
2348.90
2431.55
2505.19
2512.00
2413.59
2302.07
2193.06
2002.20
1800.43
1643.26
1531.86
1445.73
1393.49
1364.79
1344.27
1374.55
1471.70
1620.42
1771.74
1930.01
2082.18
2207.23
2291.89
2348.83
2397.89
2405.05
2432.57
2415.77
2344.01
2268.49
2170.38
1962.44
1757.78
1605.80
1500.63
1436.88
1402.10
1410.81
1454.07
1564.70
1698.19
1812.60
1903.08
1937.99
1989.52
2052.12
2106.07
2162.10
2242.69
2339.45
2410.31
2392.39
2302.19
2208.26
2087.17
1884.80
1691.35
1542.20
1450.99
1393.13
1366.06
1374.54
1420.75
1525.35
1656.01
1775.32
1867.59
1978.13
2127.72
2268.21
2385.98
2459.27
2515.70
2575.83
2625.21
2600.26
2501.47
2379.79
2244.22
2015.80
1803.13
1647.58
1549.75
1492.07
1465.74
1480.23
1534.00
1654.57
1792.35
1928.91
2038.46
2139.44
2202.47
2289.29
2445.24
2439.09
2452.27
2547.88
2635.38
2632.62
2536.04
2406.02
2257.06
2018.47
1781.07
1606.64
1485.89
1405.35
1357.82
1350.68
1375.58
1493.89
1636.69
1763.73
1875.12
1955.67
2067.40
2175.63
2244.26
2322.61
2354.30
2427.81
2501.70
2479.64
2381.73
2272.67
2150.07
1943.91
1740.01
1588.14
1485.12
1420.74
1388.40
1388.49
1417.83
1527.86
1672.76
1814.09
1915.14
2005.72
2109.75
2196.47
2216.33
2210.85
2252.13
2326.66
2385.68
2381.42
2303.89
2195.30
2091.72
1899.70
1695.87
1534.55
1423.41
1347.19
1300.42
1277.52
1268.00
1322.94
1420.20
1558.31
1692.53
1809.46
1943.28
2092.32
2118.75
2087.77
2071.17
2040.50
2021.20
1991.81
1924.98
1878.34
1815.18
1691.84
1563.46
1452.58
1367.98
1308.66
1270.05
1251.05
1237.71
1274.38
1350.04
1472.47
1609.94
1755.21
1920.36
2059.84
2147.90
2188.28
2207.47
2258.23
2272.22
2191.67
2081.22
1989.88
1889.81
1733.16
1578.45
1457.43
1375.80
1325.60
1308.43
1327.00
1378.88
1498.36
1634.02
1747.53
1836.95
1908.97
1948.84
2030.07
2069.33
2025.16
1961.63
1920.00
1965.71
1965.60
1924.36
1880.87
1792.73
1650.82
1504.76
1385.16
1310.92
1267.37
1245.46
1260.00
1308.46
1411.49
1539.78
1649.77
1705.69
1753.01
1804.71
1828.38
1855.75
1858.18
1892.44
1925.32
1962.68
1969.36
1931.00
1889.42
1805.65
1656.93
1502.87
1382.21
1303.47
1258.26
1239.94
1255.42
1298.76
1404.00
1528.15
1649.86
1740.36
1802.21
1849.66
1916.08
1968.00
2016.05
2025.03
2045.86
2070.62
2039.03
1989.29
1943.54
1871.35
1718.24
1547.19
1416.23
1335.36
1283.34
1260.01
1272.30
1314.71
1419.86
1547.94
1664.23
1758.11
1865.55
1985.22
2099.04
2219.62
2308.57
2405.52
2524.18
2620.39
2632.81
2549.94
2442.64
2322.24
2111.47
1895.80
1722.30
1608.38
1538.37
1498.69
1485.12
1491.82
1561.54
1649.18
1764.01
1841.72
1851.28
1851.94
1881.90
1872.22
1850.50
1839.87
1847.81
1859.21
1833.98
1793.33
1760.94
1695.80
1576.83
1451.84
1345.23
1267.28
1221.10
1195.03
1191.99
1202.56
1238.38
1300.07
1399.30
1479.11
1537.01
1592.74
1602.73
1618.86
1661.89
1714.45
1816.93
1931.65
1975.29
1927.65
1865.56
1802.19
1696.57
1563.50
1438.52
1348.49
1292.79
1259.71
1251.09
1250.29
1272.98
1330.02
1436.88
1540.38
1624.64
1711.57
1780.98
1857.75
1964.22
2050.80
2178.71
2256.86
2273.19
2221.29
2162.47
2068.12
1896.63
1711.36
1549.35
1440.42
1376.61
1349.02
1363.82
1406.90
1516.03
1640.48
1763.28
1835.25
1872.50
1887.58
1910.73
1931.24
1929.04
1978.50
2059.87
2153.02
2179.52
2098.90
2009.24
1909.68
1735.03
1553.95
1417.38
1331.21
1282.55
1255.31
1264.20
1308.38
1402.70
1506.03
1593.87
1631.15
1676.86
1735.20
1799.66
1871.93
1928.87
1975.15
2019.18
2078.43
2081.07
2013.88
1962.80
1878.66
1728.34
1568.71
1447.76
1373.73
1334.06
1316.53
1340.47
1398.96
1518.65
1665.74
1804.48
1905.16
2012.94
2108.45
2210.12
2312.71
2424.02
2486.17
2580.61
2633.23
2602.67
2511.67
2431.02
2319.44
2110.14
1900.89
1749.17
1638.98
1566.76
1532.35
1540.25
1595.90
1731.34
1912.09
2076.20
2198.68
2315.02
2441.32
2583.93
2700.19
2770.86
2845.37
2901.56
2954.92
2929.01
2818.92
2686.08
2531.95
2279.27
2028.73
1835.90
1703.09
1620.77
1579.79
1586.57
1627.94
1736.29
1886.98
2029.15
2162.28
2302.81
2438.82
2521.97
2595.39
2612.21
2646.55
2620.81
2614.34
2578.17
2506.35
2438.08
2334.25
2167.85
1984.74
1829.51
1719.12
1647.25
1600.61
1585.61
1589.83
1643.03
1754.93
1917.68
2080.41
2226.24
2381.07
2481.74
2569.42
2637.41
2684.71
2718.50
2715.58
2660.46
2581.92
2512.82
2411.76
2241.23
2053.56
1897.44
1777.38
1691.39
1626.95
1593.06
1575.03
1611.02
1713.97
1860.82
2009.20
2149.67
2267.98
2356.11
2420.42
2483.44
2554.94
2645.88
2758.31
2779.16
2691.10
2581.02
2456.50
2221.37
1988.99
1807.11
1683.87
1610.94
1571.04
1577.27
1625.73
1734.11
1887.95
2031.29
2147.29
2191.05
2311.02
2432.82
2494.22
2498.68
2539.91
2604.80
2713.37
2683.53
2564.62
2452.90
2308.81
2087.22
1876.15
1717.18
1606.88
1530.57
1480.49
1480.50
1520.99
1634.57
1785.24
1919.15
2042.32
2121.72
2178.70
2223.65
2244.85
2333.34
2369.62
2290.27
2268.33
2238.06
2156.03
2091.52
1980.35
1807.90
1635.43
1503.54
1412.67
1361.04
1334.08
1343.35
1388.45
1482.67
1594.22
1689.26
1741.14
1775.09
1806.01
1807.13
1802.03
1807.54
1836.06
1901.54
1978.80
2010.50
1950.60
1880.00
1790.74
1632.77
1461.37
1340.60
1260.51
1213.76
1190.87
1202.93
1245.58
1350.84
1467.76
1536.63
1564.28
1593.11
1631.83
1688.29
1745.10
1789.70
1844.02
1920.47
1982.28
1971.81
1912.40
1867.04
1782.92
1615.41
1454.13
1330.64
1253.49
1209.76
1190.59
1210.55
1269.01
1371.75
1505.23
1619.88
1690.79
1735.46
1780.53
1787.59
1784.73
1768.32
1791.71
1812.36
1852.89
1872.32
1863.80
1869.80
1829.14
1705.59
1567.51
1448.54
1365.35
1315.57
1289.25
1288.86
1297.47
1360.91
1476.13
1642.68
1805.31
1979.02
2136.44
2258.26
2362.31
2449.97
2541.79
2646.21
2738.74
2749.29
2645.46
2529.87
2407.46
2189.87
1978.38
1804.71
1670.92
1582.15
1523.28
1495.36
1480.55
1512.71
1617.77
1777.84
1967.99
2165.83
2346.95
2498.68
2600.82
2685.39
2767.40
2849.80
2939.70
2912.66
2784.66
2671.46
2514.25
2272.59
2053.08
1884.99
1770.85
1704.58
1676.02
1692.61
1751.18
1879.82
2050.12
2232.85
2323.87
2410.75
2511.66
2682.07
2869.65
2997.64
3084.00
3138.06
3200.26
3193.42
3112.53
2988.08
2810.56
2528.78
2255.53
2038.53
1881.34
1766.77
1688.62
1656.08
1665.46
1776.02
1956.06
2125.99
2272.16
2434.14
2553.53
2651.57
2784.42
2868.72
2941.53
3008.08
3073.95
3068.17
2947.60
2796.02
2608.85
2337.62
2088.32
1900.01
1766.27
1675.59
1618.65
1611.71
1654.09
1768.89
1925.22
2065.45
2117.97
2184.01
2247.08
2310.58
2423.86
2518.63
2628.41
2735.95
2836.63
2805.27
2700.69
2626.55
2475.77
2260.03
2064.68
1901.12
1796.82
1738.37
1712.37
1730.17
1791.37
1899.44
2045.95
2195.84
2323.35
2477.56
2694.66
2884.37
2973.05
2964.81
3006.16
2989.45
2897.01
2758.36
2640.21
2550.36
2417.41
2208.86
2015.22
1862.73
1757.39
1682.56
1641.88
1642.52
1682.85
1770.78
1897.85
2025.86
2114.13
2178.35
2283.73
2381.00
2477.34
2555.72
2572.59
2573.85
2582.70
2531.91
2439.17
2367.40
2248.51
2051.06
1850.34
1684.35
1561.32
1478.19
1427.24
1405.09
1406.01
1462.05
1590.31
1759.46
1933.82
2103.55
2266.76
2385.38
2475.45
2539.05
2628.39
2701.87
2767.12
2739.78
2640.14
2538.77
2418.25
2216.77
2020.25
1864.62
1742.17
1669.24
1622.86
1609.26
1605.49
1642.50
1767.17
1938.07
2121.65
2281.88
2450.20
2563.29
2644.06
2726.80
2839.74
2946.47
2958.53
2921.75
2846.82
2772.50
2624.62
2379.71
2144.58
1957.43
1831.11
1744.96
1695.96
1695.97
1748.09
1880.15
2087.63
2292.92
2486.45
2680.45
2868.64
3028.10
3130.29
3209.40
3268.28
3305.02
3366.46
3332.22
3218.95
3097.52
2912.64
2635.27
2377.76
2184.43
2048.24
1957.79
1908.32
1905.51
1948.80
2072.27
2284.40
2500.17
2700.32
2886.42
3059.39
3203.10
3307.10
3331.81
3343.77
3330.91
3291.74
3210.09
3095.57
2977.48
2780.80
2497.50
2243.60
2051.54
1911.31
1813.25
1743.26
1711.73
1724.03
1809.32
1969.18
2113.06
2228.33
2329.12
2523.39
2625.48
2684.86
2795.71
2884.19
2943.45
3000.15
2975.88
2834.46
2700.58
2523.46
2280.50
2051.27
1882.13
1773.44
1707.85
1672.89
1687.98
1749.46
1873.49
2037.38
2175.01
2284.71
2462.78
2665.90
2815.11
2879.08
2973.61
3018.63
3061.32
3051.45
2984.67
2888.55
2792.54
2626.33
2380.30
2146.31
1974.28
1848.33
1762.00
1705.56
1703.74
1749.65
1840.20
1952.95
2055.98
2121.40
2195.60
2246.04
2274.76
2391.28
2480.50
2542.57
2635.22
2680.97
2651.42
2537.12
2427.32
2286.84
2074.37
1866.66
1691.07
1571.43
1491.88
1443.09
1428.52
1431.69
1484.10
1600.28
1749.72
1904.94
2057.75
2202.63
2324.87
2430.13
2516.63
2586.40
2660.04
2725.13
2709.46
2599.44
2502.72
2376.87
2184.74
1994.70
1833.44
1718.46
1633.67
1587.10
1561.62
1542.05
1572.57
1680.78
1819.48
1979.33
2136.58
2250.20
2333.94
2391.77
2471.83
2564.88
2656.32
2681.45
2644.72
2602.91
2588.31
2491.86
2326.99
2172.98
2048.68
1958.74
1898.57
1868.76
1888.54
1937.32
2072.28
2287.17
2480.99
2615.07
2727.52
2831.67
2925.56
2997.39
3059.22
3109.90
3159.32
3211.91
3171.88
3055.20
2941.08
2750.55
2492.39
2257.64
2073.19
1939.41
1853.63
1805.75
1806.18
1863.93
1976.40
2137.52
2277.87
2399.55
2574.21
2733.07
2766.48
2842.22
2882.39
2854.41
2789.96
2583.74
2481.87
2400.07
2323.78
2233.49
2060.60
1881.61
1747.87
1651.19
1591.63
1561.58
1571.68
1629.54
1753.85
1932.97
2046.42
2174.02
2321.29
2456.09
2561.44
2673.03
2766.80
2825.33
2890.64
2945.63
2892.30
2743.26
2646.20
2551.14
2290.60
2031.08
1833.12
1689.16
1596.28
1538.10
1530.55
1558.66
1643.09
1784.88
1907.46
1998.21
2097.00
2251.69
2331.80
2444.07
2465.00
2448.45
2451.83
2519.05
2508.10
2407.70
2327.30
2175.60
1963.35
1763.87
1610.96
1503.82
1436.68
1401.89
1412.48
1463.47
1556.11
1675.78
1802.65
1870.58
1917.45
1959.35
2077.42
2197.49
2223.08
2197.18
2184.12
2213.20
2227.51
2162.82
2112.04
1990.66
1820.37
1655.44
1525.68
1433.40
1378.28
1349.77
1344.96
1363.58
1405.70
1479.92
1589.05
1708.85
1795.95
1823.74
1896.01
2006.49
2116.33
2220.89
2320.83
2403.86
2404.06
2300.65
2235.79
2122.15
1964.00
1797.67
1648.63
1539.31
1467.25
1421.01
1399.28
1398.97
1424.24
1509.70
1652.33
1808.69
1996.79
2208.57
2386.68
2479.25
2534.92
2587.42
2677.83
2753.08
2732.46
2631.11
2552.31
2399.11
2183.60
1981.79
1820.03
1715.63
1647.12
1611.77
1618.76
1674.03
1790.25
1968.52
2129.22
2292.47
2466.49
2638.27
2791.73
2925.67
3000.20
3037.67
3072.75
3125.31
3084.52
2979.31
2865.04
2659.29
2400.79
2162.30
2062.36
1940.43
1850.96
1800.14
1802.06
1853.58
1966.99
2134.16
2313.37
2493.98
2677.70
2865.12
3003.95
3030.71
3075.55
3143.12
3169.95
3202.04
3140.53
3012.71
2890.39
2691.47
2454.74
2241.42
2088.75
1982.72
1909.45
1873.54
1883.93
1942.02
2059.25
2228.37
2389.09
2526.43
2643.51
2788.22
2937.09
3075.16
3141.46
3168.40
3203.44
3252.84
3220.02
3109.15
2996.25
2794.69
2530.04
2274.88
2100.93
1965.15
1879.42
1817.76
1796.05
1821.21
1898.98
2039.47
2162.63
2283.05
2376.42
2471.72
2584.12
2660.22
2679.13
2712.52
2753.25
2726.04
2669.58
2585.55
2524.82
2362.57
2144.57
1928.36
1760.97
1639.03
1558.56
1508.29
1508.78
1544.32
1633.86
1766.66
1903.12
2007.89
2090.62
2188.24
2303.19
2423.87
2469.64
2498.10
2511.41
2517.06
2436.69
2317.98
2250.84
2093.76
1906.25
1728.97
1584.11
1489.78
1428.60
1391.73
1383.84
1396.79
1438.13
1528.70
1639.70
1718.87
1776.47
1812.00
1814.01
1786.80
1743.45
1740.23
1760.17
1791.31
1792.70
1780.77
1757.05
1687.07
1583.10
1471.06
1375.15
1309.55
1266.02
1245.08
1241.72
1255.80
1286.58
1353.42
1463.96
1555.49
1636.81
1711.59
1749.93
1726.02
1711.94
1699.31
1733.81
1783.39
1794.42
1776.29
1735.28
1641.76
1518.56
1396.04
1303.19
1240.47
1206.00
1195.38
1221.10
1288.68
1398.99
1523.30
1611.53
1657.04
1691.70
1718.78
1749.41
1757.52
1777.49
1824.19
1905.60
2019.28
2034.62
1977.00
1939.06
1813.79
1667.76
1523.68
1418.58
1348.80
1311.72
1295.63
1316.88
1383.52
1492.87
1607.68
1701.92
1774.94
1840.52
1922.68
2011.95
2119.44
2188.86
2263.58
2342.26
2408.56
2398.76
2299.39
2226.62
2062.14
1859.05
1674.68
1523.67
1421.66
1352.78
1314.98
1315.28
1354.81
1436.25
1559.34
1655.34
1718.14
1807.56
1906.57
1983.01
2090.36
2096.47
2006.22
1938.99
1999.17
2012.33
1972.17
1932.19
1804.98
1632.87
1487.33
1361.42
1280.24
1228.64
1205.13
1217.89
1273.51
1371.06
1477.34
1547.11
1579.87
1614.55
1650.39
1711.89
1782.22
1859.51
1936.02
2034.65
2122.06
2121.58
2042.82
1995.50
1859.71
1689.32
1533.82
1411.81
1328.77
1280.70
1257.89
1269.23
1328.05
1418.20
1539.50
1650.71
1730.40
1785.62
1890.33
2004.54
2124.45
2229.34
2331.49
2428.45
2496.67
2474.15
2381.23
2310.58
2163.27
1979.42
1799.76
1650.77
1538.90
1462.90
1417.89
1401.27
1414.76
1446.21
1534.49
1667.42
1799.05
1909.98
2029.74
2168.08
2220.76
2279.67
2314.67
2284.51
2323.50
2284.23
2197.27
2141.32
2022.61
1869.23
1709.91
1573.70
1472.87
1402.03
1357.25
1332.09
1332.15
1347.82
1422.12
1543.53
1667.72
1809.70
1995.19
2170.20
2330.96
2453.13
2532.83
2634.35
2683.05
2549.87
2400.81
2271.91
2116.59
1932.98
1764.45
1635.06
1542.02
1490.47
1464.57
1487.77
1555.25
1667.69
1819.05
1967.68
2077.61
2195.50
2360.07
2488.00
2640.18
2741.96
2769.33
2737.16
2773.36
2770.74
2676.18
2579.22
2383.66
2158.75
1954.16
1801.46
1699.04
1638.63
1609.75
1620.38
1681.71
1794.82
1953.80
2111.20
2260.31
2405.16
2529.75
2643.12
2704.10
2752.92
2834.78
2926.04
2927.91
2858.32
2733.42
2586.53
2355.06
2100.80
1860.44
1671.06
1533.55
1443.00
1382.18
1366.91
1400.15
1474.97
1563.60
1604.36
1595.58
1608.49
1634.28
1622.38
1648.86
1705.70
1777.69
1873.35
1968.17
1960.07
1911.72
1860.52
1720.58
1568.70
1419.07
1311.84
1239.44
1189.34
1175.92
1198.04
1263.53
1372.56
1495.12
1599.70
1627.62
1697.80
1672.29
1621.13
1756.74
1831.04
1801.51
1812.91
1841.95
1832.24
1818.63
1759.14
1653.06
1520.90
1395.96
1301.93
1237.62
1206.97
1196.19
1226.56
1298.38
1415.72
1534.16
1621.08
1657.52
1688.16
1770.50
1853.56
1888.04
1950.14
2031.07
2111.17
2173.61
2155.02
2101.53
2033.35
1896.34
1735.23
1583.52
1454.25
1365.30
1313.55
1291.60
1298.68
1340.40
1404.22
1501.17
1639.68
1772.31
1889.39
1958.99
1994.36
2016.13
2025.85
2007.77
2022.32
2079.06
2099.71
2101.29
2063.71
1958.55
1825.11
1684.58
1565.54
1464.07
1373.96
1310.25
1275.19
1268.43
1275.02
1331.45
1407.72
1472.84
1546.44
1594.95
1635.86
1652.17
1669.99
1713.80
1794.72
1874.08
1867.72
1823.43
1766.17
1635.01
1481.03
1337.45
1229.65
1160.23
1124.91
1111.91
1133.09
1201.26
1303.82
1408.16
1470.06
1494.50
1513.20
1560.74
1647.03
1700.55
1728.76
1753.06
1778.24
1824.05
1836.03
1841.83
1783.22
1652.76
1500.29
1361.87
1262.37
1205.29
1171.05
1154.07
1174.64
1237.26
1340.14
1450.66
1519.95
1554.68
1600.94
1641.77
1688.99
1732.92
1745.20
1776.80
1857.70
1940.05
1941.88
1904.59
1838.22
1700.13
1536.80
1394.55
1293.26
1232.06
1197.34
1189.81
1217.14
1295.69
1422.91
1547.32
1658.24
1736.03
1791.49
1836.51
1867.78
1876.74
1842.35
1830.73
1845.90
1905.61
1937.53
1948.10
1902.81
1808.86
1687.20
1561.50
1463.92
1401.59
1367.57
1358.30
1391.46
1475.50
1626.01
1786.03
1926.76
2049.97
2120.29
2160.64
2164.51
2137.93
2091.03
2066.88
2090.51
2143.58
2159.52
2164.81
2102.61
1969.81
1802.29
1644.52
1518.55
1438.51
1386.29
1366.51
1389.33
1457.32
1569.84
1700.73
1828.36
1929.85
2026.28
2130.78
2240.10
2344.51
2413.01
2435.43
2460.63
2453.60
2354.07
2233.43
2105.46
1923.52
1738.15
1560.56
1419.02
1320.77
1250.19
1210.91
1194.88
1208.13
1238.20
1289.70
1351.19
1383.40
1397.91
1427.08
1452.45
1504.63
1569.30
1646.81
1748.21
1831.32
1827.46
1795.29
1733.64
1629.16
1501.51
1377.24
1282.19
1207.17
1161.93
1139.29
1135.81
1151.67
1183.83
1233.77
1323.87
1361.49
1407.30
1497.00
1578.80
1641.10
1688.76
1731.44
1796.43
1855.04
1845.21
1841.02
1787.33
1684.95
1566.01
1439.75
1333.73
1257.41
1214.65
1189.83
1194.99
1216.94
1250.97
1301.58
1376.90
1438.35
1479.77
1540.92
1601.19
1660.44
1721.21
1803.23
1906.60
1983.51
1970.41
1968.33
1897.22
1758.60
1595.61
1443.66
1335.83
1258.06
1216.86
1204.69
1222.04
1305.60
1437.51
1567.53
1665.64
1707.24
1733.30
1780.72
1889.70
2008.69
2116.85
2211.48
2300.74
2363.88
2310.65
2286.36
2175.78
2004.66
1815.65
1636.95
1505.63
1420.71
1370.32
1343.34
1358.38
1423.45
1541.29
1656.85
1729.95
1778.63
1845.59
1950.81
2045.68
2109.28
2144.55
2194.19
2222.02
2240.88
2251.39
2265.95
2177.99
2035.35
1874.68
1710.06
1592.30
1515.46
1464.28
1442.72
1467.32
1547.44
1695.41
1843.11
1965.29
2071.25
2162.73
2245.25
2281.67
2316.22
2346.45
2361.14
2379.09
2413.19
2401.38
2404.66
2307.47
2161.96
1987.71
1821.03
1693.70
1604.52
1541.27
1509.37
1516.63
1567.30
1668.93
1762.15
1813.64
1833.48
1806.49
1773.31
1732.56
1688.06
1656.29
1616.95
1615.89
1686.01
1705.38
1708.27
1638.19
1527.86
1406.08
1281.44
1186.45
1122.37
1083.18
1066.00
1073.45
1103.33
1155.15
1206.93
1250.11
1264.59
1265.74
1261.19
1262.47
1271.90
1295.19
1342.21
1447.94
1530.15
1567.73
1595.71
1532.56
1434.79
1320.59
1213.26
1129.86
1075.15
1044.72
1030.74
1034.69
1056.62
1089.68
1131.91
1193.51
1237.16
1287.49
1322.22
1353.52
1367.26
1393.29
1452.04
1567.28
1672.15
1713.51
1734.50
1676.05
1559.13
1437.47
1323.23
1249.42
1202.33
1182.09
1179.22
1216.80
1299.37
1443.24
1565.06
1633.61
1660.38
1654.25
1660.16
1676.91
1688.12
1702.11
1737.71
1795.40
1855.50
1850.02
1831.87
1714.59
1563.78
1401.44
1264.64
1168.23
1106.63
1073.44
1062.16
1086.57
1158.20
1286.93
1381.47
1421.27
1404.70
1377.33
1362.15
1359.56
1381.93
1414.23
1458.15
1530.32
1618.13
1666.37
1683.20
1592.51
1470.15
1330.09
1204.80
1125.08
1081.42
1060.03
1055.99
1084.62
1164.52
1300.35
1407.95
1449.16
1439.35
1426.81
1420.95
1409.88
1423.02
1451.02
1493.35
1570.37
1657.76
1706.55
1730.24
1650.58
1529.32
1387.03
1265.48
1182.09
1135.85
1108.16
1105.65
1132.81
1211.60
1345.97
1456.71
1510.72
1518.39
1524.89
1557.46
1573.20
1622.48
1668.55
1702.98
1745.55
1798.19
1837.51
1854.45
1767.79
1644.52
1500.23
1359.58
1260.35
1194.28
1154.92
1144.29
1163.28
1232.79
1361.16
1484.24
1538.53
1536.44
1542.24
1540.03
1521.16
1474.16
1455.99
1460.49
1494.73
1568.03
1605.14
1620.58
1542.22
1443.35
1321.95
1198.20
1106.34
1049.69
1017.43
1005.84
1015.33
1051.18
1110.02
1170.20
1204.21
1196.67
1172.53
1167.52
1139.46
1126.82
1139.77
1183.02
1285.95
1411.29
1479.03
1510.03
1453.55
1367.16
1263.20
1157.65
1087.64
1036.14
1011.60
998.13
1007.04
1032.83
1075.08
1126.95
1176.35
1195.98
1213.02
1230.60
1227.16
1198.75
1195.66
1223.66
1321.39
1464.90
1545.95
1576.20
1502.44
1387.99
1267.46
1155.62
1077.64
1035.34
1018.08
1029.49
1059.06
1154.49
1305.33
1410.96
1423.56
1387.97
1345.26
1322.76
1298.24
1294.90
1312.11
1352.68
1436.83
1562.01
1636.45
1659.94
1568.28
1449.24
1304.53
1186.86
1110.92
1070.33
1053.71
1056.29
1093.65
1182.94
1334.51
1453.19
1503.56
1498.41
1470.89
1453.22
1428.84
1415.85
1429.61
1458.44
1495.33
1581.96
1651.06
1668.84
1576.03
1450.49
1308.32
1187.77
1110.61
1064.45
1044.23
1044.50
1076.19
1159.78
1301.71
1414.20
1429.60
1395.02
1368.22
1370.63
1370.11
1390.36
1421.46
1488.48
1584.64
1675.80
1732.40
1751.96
1658.41
1527.35
1384.98
1257.51
1168.77
1114.13
1083.41
1072.71
1097.43
1172.87
1306.42
1407.48
1449.10
1448.97
1450.46
1489.92
1534.52
1591.07
1629.68
1652.15
1672.30
1721.06
1771.82
1779.93
1692.12
1569.11
1421.41
1290.16
1197.17
1138.97
1103.36
1088.95
1111.78
1186.89
1319.89
1428.19
1468.35
1463.20
1466.78
1496.79
1534.68
1584.50
1643.23
1697.28
1737.40
1768.36
1781.21
1775.04
1678.57
1569.81
1440.96
1314.39
1223.33
1159.64
1119.45
1100.97
1107.22
1142.39
1207.93
1279.18
1360.46
1376.18
1364.34
1380.48
1395.66
1431.23
1483.52
1542.58
1631.19
1699.74
1735.57
1740.35
1662.16
1562.82
1450.38
1339.97
1249.04
1187.99
1149.15
1133.08
1135.32
1156.89
1201.66
1265.71
1368.90
1447.90
1503.74
1591.14
1644.28
1680.59
1717.01
1748.16
1815.29
1892.50
1939.75
1949.82
1859.79
1724.85
1573.76
1435.15
1335.28
1281.60
1255.62
1253.20
1286.91
1377.57
1524.27
1655.47
1729.10
1782.25
1850.92
1921.21
1974.72
1974.79
1948.01
1922.66
1948.32
1996.31
2035.55
2021.40
1898.48
1764.78
1604.10
1458.01
1352.34
1287.44
1243.81
1224.38
1242.15
1319.35
1468.76
1595.73
1658.78
1674.12
1725.33
1773.33
1806.73
1850.20
1860.14
1860.34
1930.76
1975.76
2019.54
2011.79
1915.93
1773.88
1662.02
1560.87
1455.06
1392.42
1359.40
1343.31
1387.52
1481.14
1628.37
1759.32
1807.68
1834.56
1855.81
1787.03
1733.41
1714.26
1687.40
1707.94
1758.83
1809.92
1824.71
1805.39
1690.01
1556.56
1409.25
1275.34
1186.03
1132.12
1104.93
1096.50
1122.05
1201.78
1341.25
1443.88
1473.72
1467.10
1468.65
1507.17
1542.88
1577.25
1601.69
1635.55
1695.76
1757.69
1788.77
1780.32
1704.15
1575.35
1430.39
1297.57
1206.02
1141.24
1106.83
1095.53
1116.71
1187.37
1324.04
1437.15
1490.46
1491.30
1516.29
1582.91
1594.46
1582.48
1583.96
1557.55
1543.37
1573.68
1623.48
1617.79
1531.39
1431.84
1313.87
1199.17
1116.55
1062.31
1033.37
1021.98
1036.40
1073.06
1144.56
1209.09
1245.30
1239.32
1219.45
1201.67
1202.58
1222.72
1249.72
1283.61
1363.37
1461.54
1532.42
1527.68
1459.26
1373.08
1268.85
1168.06
1094.62
1043.28
1013.59
1002.37
1011.84
1039.72
1091.24
1138.52
1176.92
1180.48
1169.26
1169.99
1177.65
1199.23
1225.91
1291.02
1410.62
1511.73
1584.38
1575.03
1484.42
1375.55
1257.88
1152.52
1085.61
1045.76
1032.14
1030.33
1060.16
1149.90
1299.41
1439.90
1529.07
1560.84
1576.63
1596.21
1543.69
1481.43
1443.16
1456.86
1520.52
1629.22
1698.61
1678.17
1575.71
1454.88
1316.02
1197.02
1118.30
1073.22
1048.47
1047.92
1076.66
1164.02
1320.53
1433.27
1445.29
1404.79
1372.44
1369.62
1356.71
1362.74
1382.04
1432.71
1534.02
1626.68
1701.13
1679.63
1584.68
1461.31
1324.49
1210.63
1130.01
1081.50
1056.17
1054.04
1089.43
1165.59
1310.92
1423.81
1474.76
1452.90
1428.23
1406.80
1408.40
1480.46
1555.90
1580.78
1604.96
1666.61
1604.11
1511.41
1438.28
1344.04
1246.27
1155.48
1083.32
1036.81
1016.36
1014.87
1038.45
1119.73
1266.11
1369.77
1381.71
1340.98
1301.18
1288.06
1275.08
1285.27
1297.83
1339.48
1428.89
1548.12
1641.19
1639.02
1551.54
1442.26
1306.05
1185.62
1103.14
1062.49
1044.15
1042.73
1074.86
1163.48
1319.26
1436.82
1448.22
1395.04
1343.11
1311.58
1288.70
1281.11
1290.66
1330.72
1419.68
1531.49
1611.14
1598.18
1524.11
1427.20
1309.75
1197.69
1120.48
1066.33
1036.84
1024.28
1033.70
1071.29
1143.03
1212.41
1259.43
1274.96
1252.81
1244.55
1253.01
1261.28
1277.87
1314.66
1407.00
1508.57
1589.24
1569.30
1495.66
1411.61
1308.06
1208.26
1142.41
1088.75
1055.98
1041.21
1038.63
1055.08
1090.86
1130.94
1171.89
1187.59
1174.01
1162.18
1183.55
1202.73
1192.73
1260.49
1356.37
1457.93
1544.74
1515.74
1438.91
1345.44
1232.39
1136.52
1070.26
1023.65
1004.35
1000.38
1024.44
1087.94
1201.43
1293.74
1387.36
1469.01
1510.70
1534.19
1515.08
1508.06
1515.74
1546.77
1589.50
1659.78
1687.56
1637.65
1545.92
1427.15
1286.19
1172.02
1099.04
1057.26
1036.46
1034.46
1076.27
1152.31
1303.32
1456.22
1539.04
1579.81
1599.62
1632.44
1645.39
1635.41
1625.27
1621.88
1651.04
1711.22
1736.61
1669.84
1578.58
1450.05
1319.20
1204.48
1124.21
1073.10
1048.29
1045.30
1077.23
1166.28
1314.84
1425.48
1436.93
1391.09
1353.89
1338.59
1326.47
1339.35
1367.79
1409.26
1501.56
1611.01
1694.46
1655.86
1558.96
1446.06
1313.15
1188.85
1114.89
1066.65
1044.13
1042.54
1075.28
1168.09
1330.17
1448.25
1469.96
1417.04
1384.07
1367.83
1352.65
1355.74
1377.67
1423.74
1516.92
1613.17
1699.47
1668.42
1581.54
1469.98
1335.03
1223.42
1145.50
1094.12
1065.06
1065.83
1090.23
1180.99
1323.38
1462.80
1535.09
1578.01
1592.09
1627.32
1647.09
1616.41
1592.47
1587.71
1600.70
1643.08
1677.07
1612.27
1522.55
1420.35
1316.41
1196.63
1125.44
1064.10
1032.76
1024.72
1030.60
1070.61
1147.17
1235.70
1335.01
1396.49
1326.01
1262.04
1214.57
1197.76
1210.43
1252.77
1356.18
1481.68
1580.11
1545.02
1482.26
1403.82
1306.87
1211.21
1130.01
1088.17
1052.75
1051.18
1057.26
1086.42
1153.58
1212.89
1263.03
1263.51
1224.37
1199.66
1188.66
1189.71
1209.02
1263.94
1373.52
1510.74
1614.14
1575.15
1490.03
1384.70
1260.08
1154.30
1084.44
1049.68
1034.42
1042.43
1075.44
1179.76
1350.80
1493.28
1512.20
1460.51
1406.46
1400.43
1370.73
1361.06
1367.79
1412.63
1495.85
1623.13
1708.38
1664.37
1577.59
1447.62
1315.80
1198.40
1121.53
1075.14
1051.23
1048.96
1081.75
1176.73
1335.96
1468.30
1533.20
1576.62
1592.16
1471.93
1517.05
1553.21
1557.03
1554.37
1592.58
1684.37
1725.58
1676.63
1591.79
1469.49
1329.61
1212.40
1127.97
1082.30
1055.36
1050.22
1078.50
1157.04
1307.72
1443.28
1514.20
1530.72
1541.25
1562.90
1549.86
1519.70
1497.33
1533.62
1594.93
1675.73
1739.09
1693.91
1616.99
1505.84
1368.42
1249.77
1167.82
1116.18
1086.28
1077.31
1099.66
1181.57
1335.04
1456.10
1494.34
1480.81
1463.86
1467.79
1474.89
1502.99
1543.65
1569.88
1615.84
1690.16
1731.75
1684.54
1611.40
1481.75
1349.48
1241.25
1146.03
1088.52
1054.59
1046.31
1065.96
1145.31
1287.12
1418.02
1473.24
1463.31
1428.72
1401.25
1388.03
1408.60
1430.22
1471.81
1533.47
1606.86
1664.11
1608.40
1521.18
1424.70
1306.45
1197.66
1116.50
1060.41
1027.14
1011.19
1018.67
1055.55
1130.25
1204.68
1255.21
1267.29
1284.68
1360.23
1378.12
1375.36
1389.15
1404.32
1457.17
1540.40
1597.24
1537.19
1453.80
1357.32
1249.96
1149.67
1070.34
1020.12
992.39
979.95
988.36
1018.71
1076.83
1139.15
1204.38
1241.41
1259.62
1293.16
1314.47
1321.94
1345.80
1398.17
1457.11
1567.43
1644.85
1592.55
1501.83
1397.01
1270.29
1161.70
1089.72
1044.76
1024.36
1026.70
1056.88
1152.66
1318.55
1464.35
1543.51
1585.65
1608.04
1601.29
1595.31
1609.05
1593.04
1589.53
1626.12
1706.83
1737.11
1666.01
1577.73
1457.29
1320.44
1202.30
1121.92
1071.90
1047.40
1042.64
1073.90
1157.79
1319.06
1454.90
1518.54
1553.96
1530.84
1471.87
1444.79
1429.06
1383.50
1442.19
1534.78
1658.95
1712.26
1659.63
1571.55
1453.78
1319.20
1201.92
1122.45
1075.40
1050.06
1051.34
1085.28
1173.55
1333.93
1484.19
1562.82
1604.16
1639.50
1664.06
1663.17
1656.25
1623.59
1617.70
1656.27
1734.19
1755.24
1685.75
1593.30
1473.83
1338.65
1224.00
1145.70
1095.74
1069.23
1067.91
1102.91
1189.13
1355.41
1502.64
1576.75
1617.57
1649.17
1666.00
1674.57
1663.77
1653.51
1655.70
1696.05
1769.23
1776.16
1716.16
1636.79
1516.47
1377.95
1257.04
1175.62
1127.73
1105.05
1104.65
1139.67
1232.00
1401.54
1567.54
1681.45
1753.43
1809.78
1843.44
1837.69
1832.24
1820.07
1803.02
1801.98
1831.26
1870.16
1809.23
1746.45
1640.22
1523.07
1406.08
1322.15
1267.51
1241.08
1232.56
1250.58
1296.46
1379.87
1477.78
1563.59
1591.12
1573.51
1531.91
1478.71
1432.89
1416.72
1440.09
1520.46
1629.82
1693.64
1661.07
1610.43
1540.58
1443.54
1340.26
1261.30
1182.86
1147.32
1135.88
1147.84
1192.76
1245.97
1311.15
1397.64
1473.26
1515.04
1532.66
1538.38
1546.31
1581.34
1603.26
1717.62
1786.50
1724.49
1617.87
1526.01
1408.94
1294.79
1214.22
1138.63
1111.93
1106.89
1121.16
1178.18
1294.42
1457.55
1554.31
1533.97
1554.06
1611.32
1609.41
1626.92
1611.18
1620.89
1687.27
1836.33
1974.23
1933.38
1861.30
1759.22
1625.87
1482.75
1365.62
1288.02
1243.95
1219.07
1213.94
1253.55
1352.30
1500.50
1613.97
1609.11
1539.60
1536.42
1502.94
1491.81
1511.67
1554.20
1638.01
1789.63
1934.12
1900.39
1832.49
1743.93
1633.28
1505.33
1396.57
1315.98
1268.91
1243.45
1240.66
1277.32
1375.38
1528.79
1614.24
1581.94
1508.15
1459.84
1443.75
1443.24
1483.10
1522.21
1588.65
1713.26
1847.37
1809.34
1724.79
1617.71
1493.47
1352.98
1241.44
1164.96
1121.90
1097.76
1099.24
1132.67
1226.81
1375.67
1481.86
1491.75
1437.30
1405.69
1409.60
1432.48
1458.15
1498.53
1567.93
1676.74
1803.29
1766.47
1685.07
1593.03
1473.58
1337.69
1225.15
1148.66
1097.99
1073.09
1065.73
1098.06
1185.48
1326.24
1428.22
1481.88
1489.07
1460.77
1432.31
1417.47
1449.57
1493.83
1552.96
1646.54
1752.65
1714.66
1634.69
1550.08
1450.19
1324.62
1214.61
1135.24
1086.92
1058.67
1051.11
1065.11
1110.89
1181.42
1241.11
1270.27
1272.11
1274.23
1279.08
1291.42
1323.23
1377.96
1436.33
1544.67
1662.13
1614.99
1548.02
1465.09
1385.63
1279.93
1182.08
1105.10
1060.99
1034.25
1025.82
1034.89
1069.90
1122.46
1168.77
1201.16
1214.01
1227.11
1248.45
1279.90
1319.23
1375.20
1464.56
1594.58
1727.12
1679.10
1595.16
1505.23
1390.65
1268.15
1166.20
1103.01
1066.65
1049.31
1054.71
1097.86
1200.36
1354.69
1458.86
1462.24
1437.01
1423.94
1436.67
1455.59
1487.75
1533.93
1595.41
1702.01
1838.49
1787.80
1697.86
1593.63
1471.89
1334.83
1225.95
1146.76
1101.13
1080.12
1079.94
1118.04
1211.05
1366.00
1475.42
1482.64
1437.21
1420.61
1430.50
1443.39
1482.80
1531.41
1601.70
1699.18
1830.78
1784.55
1696.94
1592.47
1471.61
1345.95
1230.26
1154.57
1104.35
1078.40
1074.52
1102.27
1177.84
1297.14
1398.83
1477.34
1508.52
1548.69
1532.30
1595.82
1639.71
1657.66
1692.59
1782.05
1866.21
1822.39
1732.20
1634.33
1510.38
1379.45
1259.15
1134.72
1090.25
1067.65
1061.86
1096.32
1173.69
1328.67
1467.82
1556.48
1598.82
1618.87
1631.13
1621.52
1614.09
1596.69
1607.48
1685.15
1759.81
1716.61
1638.42
1536.78
1425.93
1293.41
1183.05
1104.98
1062.16
1042.49
1044.70
1080.72
1165.36
1324.10
1462.53
1542.69
1585.29
1629.01
1659.85
1662.19
1640.31
1634.60
1637.33
1707.14
1772.13
1727.20
1651.77
1569.95
1466.46
1351.61
1243.56
1173.92
1128.76
1100.85
1097.54
1115.06
1165.83
1248.92
1304.59
1322.52
1301.06
1278.33
1326.65
1367.67
1397.00
1427.69
1475.61
1615.60
1725.30
1693.08
1631.77
1566.94
1479.65
1379.44
1286.84
1221.23
1177.03
1157.45
1152.81
1168.56
1211.96
1275.79
1312.32
1316.55
1299.54
1305.64
1349.92
1425.06
1480.12
1487.88
1540.18
1680.11
1783.09
1730.64
1621.50
1524.77
1417.36
1295.46
1162.03
1074.35
1045.09
1029.40
1028.68
1065.26
1166.77
1314.61
1423.10
1416.08
1383.62
1352.90
1348.03
1353.82
1402.07
1472.65
1533.54
1664.36
1800.69
1766.81
1688.75
1589.16
1471.79
1336.64
1225.94
1137.77
1106.83
1092.06
1114.23
1148.56
1258.57
1433.61
1558.21
1558.00
1474.24
1495.35
1494.69
1488.30
1511.04
1552.61
1625.44
1775.87
1906.88
1870.60
1797.43
1702.06
1577.81
1441.07
1330.47
1258.12
1225.54
1215.24
1226.35
1278.36
1388.50
1561.03
1674.35
1664.90
1610.75
1580.06
1585.45
1604.61
1622.82
1682.38
1783.83
1935.70
2050.66
2025.15
1963.95
1879.56
1748.99
1604.49
1489.41
1386.19
1350.02
1336.46
1347.18
1388.75
1492.13
1665.06
1759.53
1727.20
1732.58
1665.72
1632.05
1591.80
1617.94
1658.77
1742.26
1879.68
1969.66
1924.62
1843.41
1739.14
1602.31
1448.65
1319.84
1236.08
1182.21
1155.57
1152.78
1182.71
1273.74
1423.57
1525.04
1497.83
1435.36
1411.01
1399.90
1382.23
1407.10
1451.57
1521.46
1641.79
1743.98
1708.22
1639.61
1552.88
1458.47
1332.80
1225.58
1146.66
1097.68
1074.76
1067.77
1088.74
1137.32
1220.95
1280.62
1308.83
1302.83
1287.11
1273.03
1300.36
1326.99
1377.59
1432.37
1575.74
1672.26
1635.88
1567.19
1492.75
1404.01
1290.59
1189.47
1128.00
1085.65
1069.53
1065.30
1083.39
1127.51
1197.62
1263.45
1324.03
1385.34
1474.73
1532.69
1578.44
1613.67
1630.53
1663.31
1770.82
1828.62
1775.92
1686.42
1583.50
1471.64
1340.62
1231.22
1152.36
1104.03
1081.00
1080.98
1114.85
1203.92
1358.72
1499.42
1602.31
1668.45
1712.65
1748.08
1722.74
1696.45
1680.61
1693.47
1790.77
1902.94
1872.72
1800.90
1718.30
1601.11
1463.00
1343.66
1270.58
1223.16
1204.50
1210.74
1254.04
1309.64
1495.32
1628.71
1595.49
1428.03
1470.11
1522.60
1411.47
1577.25
1581.33
1656.54
1814.69
1935.92
1927.11
2017.64
1791.43
1674.18
1535.51
1417.73
1340.58
1291.83
1268.26
1268.02
1300.09
1384.91
1529.83
1652.01
1723.29
1737.23
1722.98
1701.92
1682.39
1660.51
1666.95
1712.18
1818.88
1873.98
1829.36
1756.08
1664.11
1551.37
1418.47
1288.15
1190.84
1127.04
1090.41
1074.68
1083.66
1120.94
1195.77
1293.92
1438.51
1595.00
1711.17
1774.26
1797.12
1735.34
1648.65
1581.83
1575.68
1558.26
1509.04
1463.90
1418.86
1348.89
1262.62
1170.55
1102.63
1061.08
1040.04
1038.88
1066.96
1130.87
1223.34
1286.44
1356.17
1425.17
1457.38
1460.57
1473.57
1476.52
1490.34
1534.11
1655.42
1728.48
1691.57
1633.69
1556.49
1457.42
1342.62
1231.62
1147.37
1098.66
1069.82
1060.87
1074.52
1113.67
1185.85
1259.97
1355.60
1415.35
1379.69
1325.33
1369.16
1389.28
1420.37
1496.57
1649.13
1751.04
1717.22
1668.96
1600.03
1511.59
1404.44
1293.87
1215.97
1168.82
1143.99
1138.38
1153.64
1195.49
1262.50
1314.67
1327.38
1313.26
1294.97
1289.84
1308.74
1343.88
1411.01
1503.88
1697.31
1836.61
1801.46
1747.30
1657.02
1541.28
1405.06
1279.45
1202.33
1159.14
1146.30
1155.43
1200.82
1300.28
1457.46
1583.52
1669.38
1709.03
1726.36
1751.27
1725.94
1748.14
1755.89
1755.43
1834.71
1884.62
1822.64
1742.74
1642.20
1515.23
1371.11
1248.82
1162.95
1109.42
1082.50
1078.23
1100.36
1186.50
1337.83
1470.94
1548.68
1577.84
1607.07
1608.84
1596.77
1561.17
1562.42
1593.43
1740.92
1872.62
1847.87
1780.02
1692.58
1571.16
1413.72
1287.55
1206.35
1161.20
1144.52
1153.69
1200.25
1301.62
1470.48
1593.75
1609.33
1575.53
1580.72
1666.90
1665.28
1671.05
1701.16
1754.88
1899.21
2005.53
1977.78
1904.47
1808.41
1671.05
1504.17
1364.75
1274.78
1227.87
1211.39
1218.98
1265.75
1369.76
1540.65
1651.80
1641.58
1565.89
1506.30
1479.09
1487.69
1519.83
1553.29
1641.64
1828.62
1960.30
1944.48
1873.27
1781.57
1644.19
1478.72
1338.61
1249.93
1194.54
1168.30
1166.17
1202.59
1294.15
1447.22
1561.78
1589.08
1546.65
1520.87
1538.45
1477.96
1503.24
1568.48
1639.87
1779.89
1850.24
1816.63
1745.83
1671.25
1561.66
1419.87
1295.21
1200.40
1144.04
1114.18
1104.97
1121.86
1170.05
1250.98
1349.35
1474.93
1594.92
1678.42
1738.80
1778.15
1796.62
1803.77
1826.15
1930.19
1989.10
1944.25
1858.09
1777.53
1672.45
1540.39
1418.65
1330.99
1274.83
1242.99
1233.66
1245.71
1283.52
1356.16
1425.14
1478.51
1488.84
1484.41
1481.36
1492.51
1540.24
1610.51
1708.94
1893.64
2022.48
1994.41
1923.18
1841.77
1717.42
1564.85
1436.04
1351.58
1309.17
1290.10
1301.97
1342.79
1457.03
1631.38
1761.66
1761.00
1720.53
1736.21
1756.14
1756.29
1764.71
1770.76
1837.37
2012.43
2137.67
2109.16
2049.82
1950.58
1808.32
1633.52
1486.62
1398.02
1349.13
1327.49
1332.54
1375.28
1474.55
1641.52
1784.23
1863.59
1882.38
1886.59
1867.37
1870.40
1868.89
1902.28
1953.62
2092.08
2191.14
2155.54
2090.84
1997.74
1858.19
1684.22
1541.00
1452.42
1407.90
1391.41
1399.14
1440.59
1542.72
1698.53
1832.86
1906.94
1930.88
1925.74
1913.58
1889.86
1878.18
1899.10
1934.14
2076.13
2154.34
2117.29
2052.67
1953.48
1808.40
1629.09
1480.68
1384.61
1330.94
1306.58
1303.92
1341.89
1443.18
1606.88
1733.59
1737.99
1686.01
1644.11
1639.51
1657.23
1656.56
1668.14
1742.35
1925.44
2071.92
2061.20
1999.34
1917.97
1791.76
1626.15
1481.43
1386.85
1334.55
1320.03
1323.91
1369.22
1468.12
1643.34
1768.61
1767.45
1688.95
1620.12
1583.78
1573.08
1602.54
1637.58
1697.01
1860.19
1966.32
1933.87
1861.53
1775.15
1656.86
1507.10
1368.68
1267.43
1213.27
1187.78
1180.04
1205.72
1258.12
1350.10
1435.13
1502.26
1587.26
1653.53
1716.59
1737.79
1740.42
1741.55
1756.66
1862.88
1908.34
1860.69
1781.02
1694.24
1586.09
1447.80
1319.09
1221.21
1163.14
1128.54
1113.58
1117.32
1143.98
1205.57
1270.73
1338.76
1369.57
1333.91
1332.40
1366.53
1432.59
1471.76
1529.64
1733.99
1862.50
1830.88
1763.40
1679.30
1562.73
1415.38
1291.21
1209.93
1172.39
1162.46
1174.11
1229.33
1336.51
1517.12
1674.86
1787.25
1833.02
1863.86
1887.83
1878.38
1886.25
1886.17
1915.89
2049.96
2140.44
2101.48
2019.09
1921.40
1787.42
1608.30
1467.13
1369.76
1320.10
1300.84
1306.82
1354.28
1458.26
1644.01
1770.90
1776.17
1710.66
1657.31
1631.17
1627.71
1659.85
1720.00
1822.38
2030.65
2170.40
2158.65
2105.46
2017.81
1885.60
1711.32
1564.61
1475.40
1428.54
1414.74
1426.07
1473.11
1575.17
1753.99
1887.91
1902.21
1844.76
1894.23
1926.35
1925.89
1941.50
1969.75
2007.63
2161.65
2244.96
2225.63
2165.39
2065.60
1926.10
1743.21
1607.71
1505.02
1442.00
1411.71
1405.56
1423.90
1470.41
1574.76
1689.78
1812.76
1905.34
1952.80
2003.11
2029.35
2015.40
2001.72
2020.40
2157.44
2265.32
2218.16
2139.50
2035.22
1894.12
1725.16
1590.06
1498.81
1449.57
1425.22
1423.52
1457.90
1548.18
1705.07
1849.41
1944.25
1994.76
2018.98
2030.53
2009.43
1993.94
1961.68
1963.04
2102.75
2215.52
2187.85
2128.03
2045.71
1927.50
1772.73
1630.81
1528.74
1468.73
1439.84
1431.85
1449.91
1504.20
1602.21
1703.11
1802.89
1854.11
1856.56
1833.67
1800.08
1781.45
1783.23
1834.71
2005.34
2116.31
2085.90
2023.70
1950.71
1853.21
1717.45
1585.29
1488.49
1425.70
1392.03
1376.65
1384.13
1418.53
1486.19
1567.19
1672.63
1765.90
1828.77
1857.81
1863.32
1854.54
1834.08
1868.05
2021.25
2102.66
2061.74
1990.58
1904.80
1777.95
1613.61
1470.50
1379.04
1332.40
1312.04
1315.61
1354.09
1445.01
1613.13
1759.32
1849.27
1892.30
1912.69
1918.53
1911.62
1903.10
1889.27
1902.19
2042.69
2166.27
2142.53
2069.70
1976.23
1845.10
1671.33
1514.70
1406.79
1345.79
1316.76
1316.87
1356.72
1453.31
1619.48
1757.41
1802.23
1767.39
1732.49
1713.26
1697.52
1701.12
1737.77
1800.86
1969.50
2085.61
2070.44
2011.50
1930.27
1807.35
1641.36
1492.41
1392.62
1337.84
1319.22
1324.29
1366.10
1460.68
1623.32
1750.16
1791.40
1763.48
1726.51
1691.77
1670.37
1678.89
1721.37
1793.19
1969.41
2094.85
2084.65
2032.86
1963.55
1845.75
1687.90
1531.14
1419.65
1350.46
1312.28
1299.27
1318.38
1381.03
1482.75
1577.33
1623.24
1592.60
1575.33
1573.12
1577.38
1611.93
1650.25
1707.49
1847.96
1900.48
1823.03
1729.26
1652.91
1570.20
1460.19
1337.92
1225.03
1158.06
1115.93
1098.69
1101.89
1133.87
1200.35
1299.15
1405.95
1495.72
1552.20
1580.92
1603.68
1609.34
1612.55
1631.56
1703.80
1712.09
1662.45
1607.48
1557.08
1486.93
1397.25
1303.73
1236.47
1197.94
1184.26
1187.45
1211.26
1265.39
1345.17
1427.25
1486.97
1499.61
1516.68
1516.47
1512.26
1535.80
1591.32
1696.57
1875.55
2009.13
1996.35
1940.16
1867.11
1763.68
1635.25
1513.62
1425.60
1373.32
1346.52
1339.52
1353.31
1394.89
1456.93
1511.58
1540.56
1532.15
1508.53
1501.02
1507.24
1525.93
1582.29
1685.73
1885.16
2018.66
2000.75
1936.96
1859.76
1750.77
1621.23
1497.19
1412.68
1358.69
1331.09
1325.74
1358.50
1431.47
1537.74
1649.54
1715.51
1737.42
1740.80
1750.25
1782.39
1759.71
1726.44
1738.77
1881.51
2012.06
1983.62
1907.10
1817.21
1692.03
1544.20
1403.88
1312.57
1255.71
1236.09
1239.85
1283.83
1369.12
1501.01
1613.64
1640.52
1606.40
1576.56
1610.30
1638.36
1645.80
1704.28
1812.25
1992.77
2128.62
2124.11
2063.56
1978.16
1849.84
1696.38
1568.27
1478.15
1433.87
1413.70
1417.18
1452.24
1537.04
1662.01
1761.54
1808.65
1811.12
1796.87
1799.74
1817.61
1803.46
1790.19
1847.61
2002.76
2110.49
2073.02
1989.38
1889.37
1751.75
1590.43
1441.88