1133.89
1095.54
1077.87
1066.16
1079.42
1117.17
1179.42
1240.54
1303.78
1346.31
1364.90
1350.47
1361.85
1370.96
1373.46
1397.34
1500.84
1575.25
1548.58
1482.25
1404.66
1316.79
1228.18
1158.33
1117.23
1089.67
1084.58
1088.41
1138.86
1240.83
1401.33
1476.24
1493.90
1503.66
1519.74
1487.11
1482.87
1473.66
1448.03
1444.99
1526.28
1601.93
1588.88
1528.08
1454.68
1353.52
1252.88
1162.97
1101.51
1074.63
1065.78
1068.17
1105.16
1200.11
1344.81
1416.38
1438.91
1450.68
1452.49
1448.19
1439.17
1426.46
1410.43
1410.38
1474.13
1518.60
1498.87
1437.68
1375.42
1297.59
1222.83
1143.96
1083.42
1048.63
1035.86
1037.95
1054.05
1094.13
1155.32
1238.53
1322.85
1384.98
1418.45
1421.96
1408.74
1410.27
1398.75
1435.76
1509.12
1530.88
1487.67
1414.74
1354.75
1273.88
1219.21
1145.63
1084.90
1047.10
1035.93
1029.60
1052.38
1079.08
1143.83
1228.29
1322.61
1382.32
1412.95
1419.73
1429.22
1418.68
1421.31
1447.76
1541.15
1628.07
1592.08
1529.11
1456.45
1354.59
1264.88
1204.01
1157.54
1138.66
1138.22
1157.70
1212.28
1329.23
1500.11
1582.94
1589.92
1599.57
1599.43
1577.87
1569.22
1572.52
1566.03
1573.17
1644.06
1708.35
1677.43
1614.40
1531.44
1427.05
1328.28
1259.46
1208.81
1181.75
1173.18
1183.09
1232.12
1331.82
1503.22
1569.98
1576.03
1548.84
1519.34
1504.57
1476.32
1488.17
1479.60
1500.70
1587.06
1651.13
1631.50
1573.06
1481.27
1379.47
1280.98
1199.21
1142.64
1115.84
1105.49
1106.05
1147.19
1255.76
1426.87
1499.66
1511.69
1505.93
1512.72
1497.30
1488.79
1483.93
1476.77
1475.41
1555.29
1643.21
1612.14
1566.14
1495.62
1386.78
1292.25
1228.74
1181.07
1178.21
1177.23
1180.03
1236.46
1360.42
1530.85
1582.90
1591.91
1572.38
1562.92
1528.31
1497.59
1499.02
1503.73
1526.82
1599.60
1664.52
1654.98
1604.36
1545.94
1448.69
1360.85
1288.81
1242.65
1219.65
1208.75
1202.22
1241.80
1344.68
1489.70
1556.28
1572.35
1565.46
1574.65
1550.88
1540.34
1535.64
1506.88
1488.88
1532.55
1571.30
1519.47
1466.24
1401.29
1320.01
1233.61
1156.72
1100.74
1066.99
1043.09
1039.49
1051.46
1097.37
1174.67
1256.46
1336.69
1390.29
1400.42
1363.13
1334.71
1315.26
1306.26
1318.22
1383.73
1437.24
1396.81
1328.46
1268.41
1185.45
1119.08
1050.12
998.45
970.26
954.62
956.20
969.99
1006.66
1075.79
1171.48
1288.87
1362.96
1410.72
1435.14
1450.27
1421.98
1415.92
1425.89
1495.60
1573.95
1534.56
1467.61
1387.18
1298.37
1215.66
1149.30
1115.62
1103.47
1103.99
1119.99
1175.54
1291.06
1465.62
1551.79
1570.88
1579.24
1580.03
1583.27
1586.44
1583.47
1582.63
1571.46
1632.15
1681.81
1649.14
1581.40
1520.68
1412.49
1307.42
1232.26
1172.49
1148.79
1139.97
1142.23
1187.07
1296.60
1455.28
1523.74
1534.99
1530.82
1529.55
1516.97
1508.32
1510.33
1507.36
1521.39
1587.21
1637.66
1611.97
1554.07
1475.47
1374.64
1278.61
1202.74
1143.46
1114.18
1102.91
1106.36
1145.60
1239.11
1395.34
1458.61
1465.55
1443.05
1410.74
1376.31
1371.34
1382.84
1389.35
1405.78
1464.82
1539.34
1518.82
1467.17
1382.84
1294.69
1192.33
1121.03
1080.17
1064.25
1051.66
1052.64
1099.83
1187.71
1318.38
1415.34
1467.96
1502.23
1535.68
1541.87
1528.86
1522.49
1523.96
1511.62
1557.07
1631.09
1599.21
1545.92
1480.08
1398.05
1314.66
1262.69
1214.02
1203.83
1220.41
1222.37
1275.20
1386.60
1550.66
1624.05
1653.21
1658.81
1648.04
1620.29
1588.01
1566.64
1569.80
1581.93
1630.45
1700.93
1689.81
1637.30
1580.15
1529.22
1460.47
1390.05
1342.59
1306.16
1293.32
1296.00
1310.45
1353.89
1430.13
1525.49
1603.79
1631.51
1622.40
1599.26
1568.50
1560.38
1555.34
1560.09
1620.98
1683.85
1643.71
1585.21
1507.66
1426.44
1339.85
1282.08
1233.92
1193.61
1164.14
1161.46
1173.47
1206.57
1271.34
1363.34
1450.00
1498.34
1495.01
1498.01
1481.40
1462.72
1472.22
1500.87
1571.30
1635.21
1592.47
1532.57
1471.06
1393.46
1314.54
1255.01
1213.66
1194.10
1187.97
1197.46
1229.13
1314.04
1430.50
1528.65
1586.74
1609.46
1606.12
1581.37
1542.26
1523.51
1539.89
1540.96
1618.21
1716.29
1681.65
1629.16
1545.02
1442.83
1358.78
1306.02
1279.46
1256.40
1252.14
1258.51
1311.57
1418.37
1595.29
1666.50
1670.23
1653.52
1612.60
1586.55
1546.09
1537.37
1538.82
1541.82
1591.23
1694.05
1691.41
1632.63
1556.00
1449.18
1350.07
1290.46
1242.16
1218.25
1198.20
1207.02
1240.11
1354.21
1517.18
1587.25
1591.08
1571.73
1541.95
1488.37
1455.69
1437.00
1424.99
1445.13
1510.15
1613.77
1603.91
1562.73
1490.82
1406.50
1298.22
1237.03
1191.77
1165.57
1155.89
1165.26
1212.12
1326.32
1510.13
1579.49
1592.93
1551.89
1524.34
1493.80
1455.07
1439.42
1443.56
1454.89
1524.29
1624.57
1600.04
1562.91
1491.16
1386.66
1281.55
1217.97
1153.40
1149.93
1132.43
1148.23
1199.32
1293.29
1451.50
1540.28
1539.47
1513.02
1470.42
1427.63
1414.19
1415.33
1408.32
1417.61
1470.98
1532.55
1494.44
1455.78
1405.09
1341.28
1241.02
1184.72
1139.08
1111.03
1086.36
1094.54
1108.18
1147.20
1227.46
1323.18
1411.79
1458.18
1471.33
1469.18
1446.14
1434.26
1421.85
1445.54
1494.70
1543.32
1501.82
1443.12
1369.91
1297.72
1218.74
1167.61
1114.83
1080.33
1062.77
1062.61
1069.54
1095.11
1144.17
1224.44
1320.91
1390.77
1402.53
1412.59
1396.59
1361.74
1359.53
1384.32
1453.02
1542.01
1510.17
1444.07
1370.81
1278.39
1193.94
1140.23
1097.79
1081.53
1076.03
1084.56
1118.01
1216.94
1382.95
1437.66
1443.87
1424.42
1398.50
1390.20
1398.92
1411.42
1409.04
1416.26
1469.44
1549.59
1523.72
1458.58
1377.76
1277.52
1181.09
1114.47
1070.06
1047.53
1032.49
1038.81
1085.50
1189.61
1363.82
1432.35
1437.56
1433.88
1435.89
1434.00
1437.04
1443.44
1421.89
1433.08
1494.40
1588.46
1572.07
1509.93
1435.35
1333.88
1229.61
1169.05
1123.40
1086.74
1084.42
1088.80
1137.63
1248.33
1424.42
1489.90
1478.96
1434.57
1414.75
1388.71
1364.11
1355.09
1351.85
1395.29
1462.33
1576.23
1584.35
1545.30
1478.39
1382.30
1281.89
1227.12
1183.84
1160.82
1165.74
1183.37
1229.39
1336.26
1506.94
1569.23
1552.62
1502.31
1459.34
1438.78
1410.81
1384.72
1368.29
1404.79
1474.25
1579.11
1577.16
1536.43
1468.26
1370.40
1274.93
1216.73
1171.73
1147.07
1146.63
1148.98
1189.84
1297.44
1474.85
1545.74
1524.67
1475.01
1444.24
1410.71
1379.02
1361.31
1346.21
1378.29
1438.69
1518.25
1480.11
1448.47
1398.86
1325.76
1240.13
1175.16
1123.11
1094.89
1079.05
1072.02
1092.09
1135.63
1207.15
1290.46
1374.03
1422.49
1442.48
1433.40
1413.16
1376.02
1376.22
1386.69
1430.71
1485.63
1455.61
1403.46
1344.73
1268.66
1190.05
1137.96
1089.76
1061.28
1044.06
1041.13
1059.29
1086.68
1155.65
1233.51
1325.74
1369.28
1358.10
1348.86
1344.34
1344.90
1360.24
1390.23
1461.04
1559.65
1512.07
1407.97
1348.95
1270.23
1198.84
1138.42
1094.36
1076.78
1069.87
1075.40
1127.10
1231.18
1391.61
1472.27
1473.05
1436.28
1403.72
1378.22
1341.80
1335.38
1351.25
1372.08
1438.30
1532.72
1518.76
1458.71
1384.12
1279.82
1177.87
1118.04
1078.96
1069.58
1052.15
1069.26
1122.97
1236.06
1388.67
1457.41
1468.49
1469.25
1476.85
1466.16
1464.03
1455.90
1443.79
1450.50
1499.91
1551.35
1539.79
1473.46
1399.61
1300.60
1199.45
1118.42
1069.26
1039.16
1028.17
1037.88
1082.95
1184.96
1354.27
1428.57
1417.77
1411.46
1413.02
1374.72
1351.21
1340.77
1343.12
1373.30
1437.84
1541.86
1556.05
1510.93
1457.13
1360.67
1264.56
1206.15
1154.03
1126.42
1120.00
1117.52
1170.31
1276.16
1422.31
1496.90
1536.74
1558.09
1575.32
1571.19
1568.24
1555.16
1546.73
1541.81
1576.60
1629.26
1601.06
1549.75
1474.54
1378.06
1270.32
1206.08
1163.75
1129.96
1115.72
1116.13
1148.28
1226.67
1337.59
1425.61
1500.59
1548.97
1582.57
1587.54
1573.43
1544.57
1520.01
1512.67
1531.55
1547.18
1511.07
1442.07
1385.35
1310.45
1241.77
1193.37
1157.05
1130.28
1126.00
1130.33
1156.34
1209.31
1286.12
1365.13
1433.33
1465.69
1448.85
1439.59
1417.19
1379.25
1377.63
1412.30
1470.26
1573.91
1565.22
1534.44
1491.14
1427.34
1356.81
1307.15
1274.17
1258.53
1252.89
1242.60
1272.70
1308.00
1384.78
1463.40
1527.85
1528.77
1508.20
1492.29
1470.20
1426.69
1423.23
1465.63
1519.55
1617.64
1616.53
1557.21
1496.39
1394.58
1318.11
1254.26
1203.47
1172.17
1169.85
1172.07
1205.41
1303.28
1432.71
1506.49
1532.00
1542.64
1558.46
1557.89
1539.04
1514.90
1487.30
1456.78
1499.67
1593.29
1580.19
1523.80
1454.64
1344.83
1243.16
1193.32
1134.15
1093.64
1094.01
1112.92
1166.66
1277.81
1448.91
1514.55
1509.91
1519.45
1527.83
1529.63
1513.43
1506.04
1496.16
1506.79
1540.91
1596.91
1571.86
1522.51
1459.00
1350.66
1244.33
1172.99
1126.06
1111.48
1108.16
1122.63
1163.75
1283.27
1442.31
1482.67
1475.16
1461.86
1445.32
1394.10
1371.41
1354.12
1351.24
1401.82
1446.49
1544.34
1524.31
1482.85
1426.72
1333.22
1231.28
1170.33
1109.55
1070.07
1056.14
1071.80
1094.43
1186.74
1323.01
1422.95
1473.23
1489.02
1514.93
1523.89
1516.06
1488.70
1479.50
1468.74
1492.15
1559.01
1554.47
1486.24
1410.37
1316.67
1217.07
1157.41
1124.65
1100.01
1091.10
1110.29
1162.63
1282.06
1453.29
1536.37
1568.07
1539.53
1506.58
1483.77
1470.95
1459.26
1450.54
1465.64
1536.70
1603.91
1622.32
1584.34
1534.91
1475.44
1395.76
1338.07
1306.28
1274.70
1273.67
1274.58
1291.43
1342.15
1423.21
1502.92
1555.50
1559.00
1536.20
1509.69
1468.32
1439.19
1408.79
1431.19
1501.14
1578.46
1575.98
1526.52
1468.24
1400.77
1319.59
1263.46
1220.15
1185.85
1165.26
1161.25
1169.88
1198.13
1262.02
1341.28
1426.00
1452.58
1452.07
1431.81
1407.04
1373.18
1342.62
1350.46
1406.12
1505.75
1511.74
1457.15
1388.81
1302.00
1213.20
1167.37
1132.72
1120.11
1112.64
1126.49
1158.90
1237.54
1361.22
1422.16
1455.61
1440.62
1427.21
1408.75
1377.25
1355.24
1348.42
1367.60
1430.44
1534.47
1550.57
1503.24
1443.34
1355.96
1269.11
1219.47
1191.15
1180.12
1178.16
1187.75
1234.04
1328.53
1465.59
1562.09
1592.14
1609.22
1615.92
1617.89
1611.11
1599.26
1587.97
1580.07
1599.34
1657.32
1642.55
1570.54
1479.08
1388.64
1274.88
1216.32
1173.19
1148.82
1130.61
1129.73
1169.26
1258.79
1387.13
1452.69
1466.44
1462.84
1455.65
1436.49
1420.66
1412.53
1406.93
1415.34
1472.18
1573.00
1597.28
1550.22
1484.41
1400.27
1307.96
1251.20
1214.52
1195.14
1190.18
1208.33
1254.98
1350.17
1486.69
1565.94
1561.70
1534.76
1515.89
1493.70
1471.95
1455.23
1445.94
1461.85
1508.02
1592.61
1620.86
1573.65
1534.01
1460.10
1366.54
1311.67
1273.91
1248.55
1244.28
1257.75
1300.54
1400.89
1537.80
1611.27
1618.01
1588.93
1566.14
1518.75
1480.75
1461.89
1441.94
1459.61
1494.20
1561.73
1571.76
1530.26
1472.04
1391.92
1308.92
1244.06
1198.42
1171.99
1164.31
1166.84
1188.66
1232.20
1311.38
1380.84
1422.39
1424.82
1383.98
1351.20
1308.42
1275.96
1261.50
1298.77
1344.94
1427.00
1453.11
1413.20
1358.54
1285.28
1212.46
1154.84
1117.10
1107.77
1096.49
1103.73
1124.96
1169.25
1235.88
1310.60
1358.88
1340.36
1321.86
1303.09
1271.47
1247.08
1238.36
1282.96
1361.70
1468.63
1492.08
1449.85
1370.61
1271.05
1175.48
1117.77
1088.47
1078.32
1079.19
1095.34
1145.90
1260.79
1416.20
1461.58
1433.11
1393.45
1369.38
1340.63
1309.53
1299.52
1285.47
1323.49
1378.01
1476.55
1506.00
1453.59
1371.47
1279.46
1184.39
1118.07
1085.86
1064.14
1054.04
1055.74
1100.84
1219.21
1362.10
1416.24
1425.26
1417.48
1388.57
1362.75
1361.04
1357.75
1348.07
1352.04
1401.01
1481.13
1491.11
1440.45
1360.83
1261.64
1155.78
1087.00
1048.46
1026.80
1017.05
1030.93
1072.52
1185.22
1342.54
1401.01
1407.52
1412.17
1409.60
1389.63
1370.83
1378.89
1365.49
1362.97
1403.75
1476.92
1493.04
1443.12
1367.15
1265.02
1161.01
1095.71
1059.61
1036.14
1023.14
1029.97
1076.70
1187.79
1341.34
1435.03
1467.77
1486.40
1506.29
1506.08
1476.37
1458.89
1425.21
1411.61
1452.33
1514.72
1539.87
1503.22
1434.29
1323.66
1218.42
1150.43
1114.26
1095.75
1088.81
1096.30
1138.19
1250.08
1408.32
1458.47
1454.75
1441.50
1434.21
1417.91
1388.34
1389.24
1396.51
1394.17
1422.40
1474.36
1495.27
1461.24
1404.83
1334.05
1248.49
1186.64
1150.51
1129.08
1108.68
1113.96
1134.43
1183.60
1256.79
1335.07
1371.80
1362.40
1356.34
1365.94
1358.19
1338.16
1322.97
1357.19
1395.09
1474.45
1503.58
1462.28
1405.64
1334.56
1260.34
1213.68
1177.36
1152.96
1138.74
1144.65
1167.67
1209.67
1277.46
1337.71
1401.55
1411.47
1438.49
1425.79
1398.41
1370.73
1348.15
1383.17
1460.34
1531.06
1563.54
1516.67
1467.12
1361.46
1264.50
1218.99
1196.96
1184.26
1193.14
1192.83
1238.34
1368.38
1505.00
1536.47
1523.60
1511.49
1509.84
1499.30
1474.44
1482.47
1459.57
1444.29
1480.68
1510.58
1520.55
1454.51
1390.86
1281.33
1181.30
1102.02
1067.02
1043.66
1031.45
1044.34
1086.02
1198.22
1349.66
1400.05
1395.04
1367.60
1316.22
1288.56
1276.71
1257.78
1241.75
1258.15
1300.86
1397.18
1445.75
1392.37
1339.41
1238.76
1126.76
1062.52
1027.86
1013.83
1000.19
1002.34
1033.86
1140.53
1290.28
1351.40
1347.61
1341.83
1344.21
1344.10
1332.28
1342.24
1338.96
1340.08
1385.46
1465.47
1484.78
1445.37
1384.77
1288.93
1200.80
1136.57
1094.01
1075.34
1069.74
1089.20
1125.14
1213.09
1360.45
1400.98
1365.67
1352.14
1339.71
1320.03
1293.51
1282.39
1273.97
1307.60
1341.37
1424.90
1480.52
1443.91
1380.29
1289.81
1181.86
1110.71
1089.60
1075.68
1076.41
1086.82
1126.32
1231.32
1377.11
1420.89
1413.14
1393.09
1371.48
1367.30
1334.91
1328.72
1330.39
1341.20
1390.24
1454.65
1458.65
1408.67
1355.36
1282.99
1193.56
1125.98
1108.39
1100.49
1084.84
1097.68
1123.33
1176.12
1256.15
1344.75
1376.76
1373.47
1363.92
1351.37
1309.66
1275.02
1264.93
1289.15
1324.63
1403.16
1444.33
1403.54
1346.52
1275.22
1193.89
1141.17
1109.23
1101.55
1093.87
1088.64
1095.34
1107.70
1163.22
1221.91
1293.69
1301.40
1306.31
1296.88
1274.16
1232.69
1207.65
1203.24
1235.05
1301.49
1368.62
1411.24
1362.78
1261.12
1149.83
1058.04
1026.01
1010.93
1008.32
1009.70
1048.52
1144.11
1313.53
1393.20
1399.54
1398.43
1397.30
1380.76
1348.96
1294.38
1257.71
1241.32
1260.53
1308.37
1348.66
1375.98
1323.36
1222.37
1122.33
1037.37
990.72
986.50
979.95
974.24
1022.14
1117.91
1291.09
1377.48
1388.14
1380.31
1356.48
1350.19
1345.56
1311.19
1299.04
1303.56
1335.57
1358.82
1396.12
1401.74
1333.14
1231.33
1124.98
1033.13
990.02
975.52
961.55
965.38
1005.24
1112.76
1283.96
1355.18
1353.83
1313.97
1292.56
1278.13
1267.29
1259.47
1255.19
1253.05
1285.61
1335.64
1384.95
1409.33
1349.80
1251.30
1148.82
1062.41
1024.50
1021.86
1018.60
1023.34
1070.57
1177.53
1347.44
1422.43
1432.58
1448.19
1456.04
1411.21
1348.10
1334.15
1323.79
1317.32
1349.62
1379.92
1416.82
1438.98
1383.17
1280.58
1174.78
1091.41
1036.91
1019.50
1013.39
1016.96
1054.30
1146.26
1300.32
1389.90
1430.08
1446.02
1468.78
1470.56
1464.28
1451.45
1426.55
1404.52
1398.88
1378.45
1374.61
1378.82
1322.91
1246.74
1160.40
1075.08
1033.86
1012.34
1008.33
1006.55
1020.00
1053.03
1125.75
1207.44
1277.34
1308.84
1308.43
1276.91
1249.46
1218.72
1186.21
1189.75
1226.97
1276.46
1320.24
1347.97
1296.32
1221.01
1141.45
1066.62
1021.10
1005.61
996.55
1006.16
1021.01
1055.86
1124.88
1197.49
1282.75
1341.52
1346.56
1333.63
1307.55
1269.84
1254.79
1250.02
1289.79
1340.19
1394.03
1424.94
1378.10
1281.53
1194.47
1115.55
1083.67
1082.63
1082.88
1101.71
1142.94
1233.83
1377.82
1449.51
1479.17
1455.77
1455.67
1433.87
1414.43
1385.48
1359.59
1342.58
1364.15
1416.74
1465.82
1489.47
1423.49
1328.57
1221.50
1129.73
1081.59
1074.27
1063.29
1064.42
1096.95
1171.68
1289.76
1376.56
1440.06
1470.62
1504.42
1516.05
1517.36
1497.66
1476.73
1461.79
1474.67
1472.14
1453.60
1435.74
1364.77
1266.02
1171.19
1084.48
1046.78
1033.59
1019.06
1016.58
1058.64
1145.10
1268.88
1338.62
1361.72
1332.82
1329.80
1319.33
1303.84
1282.06
1254.21
1235.95
1255.39
1315.55
1364.53
1382.73
1323.72
1232.54
1144.87
1058.51
1014.98
1004.10
998.68
1011.66
1041.31
1112.83
1219.05
1305.12
1406.30
1438.47
1467.86
1466.66
1471.68
1463.36
1448.36
1433.04
1450.99
1463.31
1443.69
1403.82
1337.27
1247.15
1160.52
1077.37
1033.83
1022.03
1014.83
1013.32
1045.08
1099.76
1218.01
1315.85
1388.09
1409.94
1417.99
1439.52
1430.74
1395.67
1375.84
1351.49
1362.33
1348.85
1353.47
1347.74
1276.03
1184.81
1098.66
1020.46
967.17
959.18
960.81
967.20
990.39
1030.77
1103.28
1181.26
1243.87
1262.32
1273.49
1274.36
1266.29
1231.00
1210.07
1192.62
1231.01
1289.38
1333.24
1370.11
1316.64
1247.70
1176.03
1107.73
1066.58
1062.99
1060.76
1065.08
1084.23
1113.69
1162.62
1226.56
1293.82
1322.52
1343.46
1341.04
1333.41
1292.23
1259.52
1252.30
1284.27
1345.66
1371.41
1404.18
1346.48
1257.63
1178.98
1114.03
1077.91
1076.46
1081.67
1085.73
1125.66
1210.63
1329.27
1407.47
1471.19
1480.32
1477.24
1459.35
1463.03
1446.73
1424.81
1414.34
1442.36
1491.51
1475.70
1439.51
1363.47
1268.96
1174.65
1087.88
1032.74
1017.54
1006.54
1009.14
1041.23
1112.20
1217.46
1297.48
1353.24
1350.36
1328.28
1326.37
1323.14
1294.87
1269.90
1270.29
1292.31
1351.08
1364.00
1377.31
1320.44
1240.87
1156.61
1082.70
1037.86
1041.03
1030.57
1044.00
1077.61
1153.74
1261.02
1331.93
1359.63
1345.70
1324.62
1306.01
1286.42
1270.52
1255.83
1238.24
1279.30
1343.06
1371.51
1380.51
1305.32
1230.83
1137.95
1062.33
1019.23
1017.50
1011.37
1022.14
1062.02
1144.13
1243.93
1318.39
1349.83
1326.74
1324.51
1298.96
1275.92
1247.89
1214.58
1201.56
1222.47
1282.39
1319.73
1338.13
1280.02
1191.31
1104.66
1032.15
990.73
972.50
974.39
978.22
1012.55
1081.07
1189.66
1262.37
1308.77
1324.15
1326.61
1317.83
1288.37
1248.32
1238.22
1218.86
1234.90
1285.99
1297.41
1310.81
1266.90
1185.12
1103.63
1040.77
989.66
972.84
987.47
989.97
1008.26
1045.86
1116.45
1160.77
1203.26
1207.74
1208.04
1190.45
1177.08
1166.67
1156.71
1163.90
1197.55
1254.14
1271.18
1283.02
1230.83
1143.26
1063.98
999.16
949.08
932.83
942.10
938.34
951.11
978.56
1027.56
1089.18
1180.47
1247.18
1289.76
1334.91
1354.58
1355.66
1349.70
1356.69
1397.82
1419.88
1393.41
1362.16
1282.06
1185.10
1104.27
1038.04
998.49
987.35
987.89
986.67
1023.16
1092.55
1205.50
1306.11
1393.05
1438.70
1462.09
1465.64
1471.50
1449.78
1435.05
1412.17
1428.93
1452.62
1441.00
1424.80
1338.38
1238.20
1148.15
1075.02
1027.88
1009.66
1020.03
1015.76
1058.52
1136.11
1235.10
1319.40
1376.60
1382.29
1374.87
1362.52
1341.00
1298.71
1260.22
1235.62
1265.22
1305.07
1325.09
1337.61
1298.26
1220.63
1130.98
1057.58
1014.00
984.26
978.70
979.00
1006.16
1077.73
1186.88
1279.20
1328.32
1324.20
1330.17
1332.94
1329.85
1321.46
1309.49
1298.80
1344.07
1352.99
1336.38
1337.82
1274.03
1185.19
1092.03
1014.06
961.15
946.55
956.27
952.47
985.16
1050.95
1158.96
1251.57
1320.99
1350.61
1377.66
1392.06
1404.68
1394.45
1372.85
1363.15
1395.47
1421.07
1380.61
1347.33
1280.52
1195.03
1109.09
1028.88
980.71
952.41
958.87
952.32
967.79
1041.54
1142.47
1236.96
1319.29
1366.75
1402.06
1402.45
1401.69
1373.50
1357.28
1330.57
1364.77
1365.80
1328.34
1307.09
1244.58
1164.61
1081.91
1012.21
961.41
932.52
944.69
942.21
953.67
989.15
1041.46
1109.81
1156.12
1181.95
1182.90
1173.29
1159.11
1127.04
1107.45
1116.78
1151.31
1200.49
1222.45
1242.10
1203.62
1126.37
1055.28
990.99
946.80
915.85
923.69
915.73
935.63
961.33
1014.54
1080.76
1163.97
1219.04
1237.25
1211.99
1203.25
1169.24
1142.91
1144.73
1196.87
1263.48
1284.09
1275.62
1210.66
1126.20
1033.93
961.91
931.57
911.43
927.70
940.91
973.64
1044.17
1141.33
1226.50
1247.60
1240.42
1241.14
1225.07
1216.37
1184.63
1155.32
1148.85
1191.43
1245.15
1271.44
1284.66
1238.41
1150.17
1063.50
989.74
944.96
925.70
944.41
944.20
985.18
1064.37
1157.81
1227.47
1247.50
1246.33
1229.93
1228.91
1219.98
1190.63
1167.33
1161.78
1197.35
1255.03
1263.35
1267.22
1238.60
1154.66
1074.23
1000.88
968.32
953.92
938.79
939.69
985.42
1052.16
1152.76
1222.84
1249.68
1244.53
1239.48
1219.78
1207.66
1191.72
1172.05
1163.07
1177.19
1226.42
1253.65
1274.02
1247.35
1173.62
1083.77
1019.97
961.09
930.91
924.54
918.83
961.88
1039.71
1126.48
1212.88
1285.33
1318.71
1346.92
1374.16
1402.92
1401.92
1389.28
1392.45
1435.46
1439.60
1371.37
1309.45
1212.59
1073.22
946.89
866.38
802.07
754.22
745.63
738.00
753.83
815.90
881.73
959.10
1021.08
1050.46
1040.97
1057.47
1074.90
1082.12
1084.04
1091.25
1125.31
1170.66
1179.03
1188.36
1149.71
1080.98
1014.45
954.85
911.03
887.44
866.37
861.39
887.85
932.10
981.25
1027.38
1069.00
1119.40
1157.91
1178.31
1184.25
1170.84
1150.80
1149.98
1175.99
1214.33
1239.48
1248.16
1212.91
1144.10
1064.22
1010.03
961.33
927.75
924.95
918.96
945.41
981.29
1020.55
1077.71
1124.98
1152.32
1157.43
1174.69
1176.07
1151.39
1138.90
1137.72
1178.40
1220.47
1223.65
1220.52
1185.52
1105.08
1021.28
955.68
913.76
894.84
880.39
883.22
916.76
993.87
1110.41
1214.61
1300.49
1357.99
1403.46
1419.81
1424.35
1397.68
1365.18
1358.62
1380.15
1389.05
1331.79
1274.19
1206.94
1120.07
1021.07
956.05
898.36
886.79
875.54
879.47
917.01
1009.72
1105.72
1200.15
1222.80
1225.40
1230.09
1232.27
1217.04
1210.16
1187.51
1167.41
1202.05
1253.08
1262.21
1272.30
1242.85
1156.06
1058.44
996.53
951.60
927.07
911.87
918.32
959.13
1045.34
1143.10
1234.92
1293.43
1274.11
1274.23
1277.83
1272.30
1255.24
1222.51
1211.76
1244.00
1296.76
1298.34
1296.36
1265.13
1174.19
1084.73
1017.15
975.28
958.61
942.65
949.77
989.48
1103.56
1194.78
1278.21
1303.28
1324.37
1309.36
1310.54
1282.63
1256.84
1236.60
1228.86
1254.07
1294.07
1299.22
1313.46
1292.80
1213.63
1115.23
1047.26
1005.51
983.88
971.90
974.49
1012.78
1094.87
1187.62
1256.24
1271.57
1288.09
1292.70
1295.59
1277.39
1263.61
1229.10
1199.42
1223.11
1267.90
1265.92
1262.19
1240.02
1156.75
1079.84
1019.40
964.84
947.24
941.90
941.85
962.62
995.17
1053.48
1129.39
1184.01
1214.23
1235.84
1247.64
1239.95
1217.39
1195.37
1180.14
1212.79
1244.66
1230.45
1229.18
1211.21
1154.39
1067.64
1006.18
965.10
958.05
953.43
965.43
992.02
1021.49
1059.20
1105.65
1141.32
1173.30
1159.18
1146.91
1115.79
1083.32
1062.05
1066.17
1107.13
1179.22
1209.78
1215.63
1173.87
1095.13
1016.83
963.67
911.88
899.43
886.72
895.32
945.53
1008.59
1084.96
1169.48
1210.59
1223.70
1235.98
1236.53
1233.57
1220.91
1196.98
1178.41
1195.21
1238.66
1247.59
1252.45
1233.35
1161.38
1084.92
1018.30
976.48
964.47
956.31
972.32
1023.01
1092.59
1180.23
1255.92
1279.15
1254.23
1250.74
1250.61
1261.70
1284.38
1301.40
1309.17
1348.52
1403.94
1382.34
1337.27
1279.92
1195.19
1110.59
1048.51
1011.67
986.26
977.43
991.88
1038.49
1111.08
1199.99
1280.29
1323.57
1353.90
1367.81
1385.93
1373.98
1356.95
1331.88
1325.60
1354.78
1398.90
1393.30
1376.58
1352.03
1270.30
1172.35
1103.74
1048.08
1025.58
1016.66
1030.48
1082.45
1155.60
1246.94
1296.67
1312.71
1312.47
1308.53
1304.53
1273.68
1245.95
1206.85
1195.06
1224.62
1274.35
1286.29
1289.84
1275.21
1203.99
1119.47
1060.88
1015.54
987.95
975.87
983.34
1013.58
1085.43
1160.81
1246.73
1289.98
1282.15
1274.36
1266.17
1237.72
1205.41
1174.47
1173.52
1196.43
1234.67
1227.74
1233.89
1223.11
1155.59
1069.11
1002.14
951.32
941.62
915.45
932.47
968.58
997.33
1045.16
1116.36
1150.77
1175.12
1172.10
1140.48
1111.32
1079.57
1047.12
1056.79
1085.44
1151.50
1172.95
1191.38
1184.66
1128.39
1056.04
990.55
943.65
924.92
920.49
929.30
955.92
981.83
1024.44
1088.29
1129.27
1175.28
1183.60
1193.82
1196.09
1189.51
1183.19
1197.36
1253.91
1313.83
1300.54
1270.95
1225.97
1157.41
1070.23
1003.80
954.69
933.22
929.09
949.57
994.36
1075.03
1166.16
1284.91
1367.84
1407.59
1430.25
1446.00
1435.64
1420.70
1384.03
1391.97
1413.00
1437.69
1387.35
1354.61
1318.46
1238.38
1136.50
1060.46
1013.98
994.84
978.97
992.96
1034.09
1111.12
1205.47
1305.14
1359.47
1376.22
1381.14
1364.35
1328.16
1295.14
1265.34
1245.77
1265.87
1306.48
1314.14
1300.12
1280.81
1191.71
1101.21
1033.74
978.89
957.52
945.09
957.13
1003.99
1082.39
1164.37
1233.74
1249.70
1247.04
1229.36
1220.50
1205.85
1182.13
1169.35
1164.07
1174.38
1228.82
1251.27
1254.33
1243.34
1167.38
1080.58
1011.25
956.97
934.65
923.92
949.72
986.78
1049.68
1142.04
1240.08
1298.50
1341.16
1357.78
1360.49
1342.26
1358.19
1341.96
1332.60
1356.01
1397.44
1343.70
1324.62
1293.25
1199.62
1105.33
1036.35
975.11
952.13
952.86
960.36
981.11
1036.88
1135.61
1239.52
1310.26
1337.48
1349.87
1358.48
1362.58
1329.96
1295.58
1266.21
1262.55
1272.84
1238.73
1219.86
1199.53
1127.95
1055.54
996.29
956.00
934.54
912.67
931.17
941.47
974.45
1028.04
1078.42
1125.38
1150.56
1149.08
1140.49
1117.13
1085.49
1067.58
1066.96
1092.17
1155.88
1171.59
1164.55
1172.22
1104.08
1030.38
964.14
909.30
896.81
890.22
897.77
903.04
925.71
954.67
1012.31
1104.38
1175.21
1190.97
1160.02
1136.44
1100.91
1079.91
1083.59
1123.32
1175.22
1189.05
1186.52
1189.05
1111.47
1016.91
941.51
895.39
871.84
864.58
890.44
927.18
988.34
1085.99
1162.04
1201.66
1243.74
1257.57
1261.03
1258.66
1246.73
1220.72
1203.36
1216.87
1275.98
1269.65
1251.73
1240.56
1142.79
1046.22
981.01
927.67
917.54
895.68
908.27
946.92
1024.51
1114.37
1202.74
1248.24
1247.15
1254.07
1256.06
1256.85
1235.68
1211.02
1193.10
1221.26
1256.34
1258.00
1237.22
1235.35
1154.77
1065.10
990.60
944.09
925.87
918.44
940.32
983.84
1057.84
1153.60
1210.62
1214.74
1208.97
1214.97
1215.19
1206.41
1187.03
1163.19
1152.14
1172.25
1223.46
1236.19
1231.68
1222.71
1142.01
1048.10
978.67
929.08
908.19
890.94
910.63
951.99
1022.20
1111.30
1192.57
1225.87
1223.71
1225.79
1219.53
1219.12
1206.57
1163.22
1144.74
1157.63
1197.98
1205.37
1196.95
1204.92
1123.79
1028.27
959.93
912.84
871.66
868.70
891.28
930.93
1000.40
1089.40
1171.28
1201.77
1203.52
1215.59
1202.73
1190.31
1174.53
1161.01
1147.07
1158.72
1193.93
1199.08
1197.50
1198.61
1114.78
1032.47
972.57
921.30
904.72
890.83
911.11
932.05
969.90
1026.05
1121.72
1223.08
1310.72
1355.43
1359.85
1340.11
1314.98
1281.06
1271.38
1284.99
1306.01
1278.87
1264.94
1261.70
1182.18
1114.00
1040.60
995.08
965.95
953.61
960.03
977.46
998.86
1035.49
1108.76
1178.42
1212.71
1244.22
1227.87
1214.99
1183.22
1152.62
1150.90
1176.85
1204.82
1209.71
1208.60
1220.10
1147.23
1061.84
991.50
940.48
918.52
916.25
942.28
975.98
1052.33
1140.47
1227.11
1251.58
1242.78
1236.30
1226.85
1216.24
1206.93
1199.49
1191.65
1229.40
1299.27
1305.29
1280.10
1237.48
1161.89
1062.31
989.96
936.60
926.16
910.43
937.56
968.81
1042.14
1137.13
1235.57
1278.23
1279.75
1281.93
1277.23
1267.20
1244.48
1217.46
1206.44
1224.10
1273.25
1282.43
1266.45
1279.54
1200.70
1113.92
1034.35
984.50
959.52
952.59
973.02
1016.94
1089.50
1178.56
1250.97
1287.88
1290.03
1281.26
1275.77
1261.63
1251.74
1221.58
1206.42
1228.62
1276.45
1270.96
1253.75
1253.39
1178.79
1082.77
1018.60
971.69
949.16
934.79
965.97
1007.35
1069.22
1155.78
1207.40
1232.15
1240.34
1237.69
1223.78
1202.28
1183.26
1156.87
1151.62
1171.71
1210.23
1212.82
1201.48
1200.09
1131.70
1039.12
970.90
922.71
887.83
872.61
899.03
923.42
968.50
1075.95
1179.48
1246.77
1267.22
1282.00
1274.88
1258.14
1244.00
1212.96
1192.77
1210.93
1263.36
1256.50
1233.77
1196.02
1122.53
1037.06
965.16
911.07
884.23
878.29
881.96
904.00
917.67
974.96
1054.33
1122.89
1177.54
1191.65
1172.72
1163.76
1139.28
1114.66
1102.85
1124.64
1167.14
1172.10
1158.05
1155.97
1103.06
1019.87
952.39
900.25
873.54
867.92
881.18
891.59
905.19
951.82
1013.62
1070.73
1110.19
1109.92
1111.76
1097.91
1070.91
1050.76
1054.57
1104.41
1160.41
1168.03
1156.93
1158.26
1085.10
984.97
914.19
851.67
833.63
832.44
833.93
868.99
938.04
1048.01
1154.32
1217.00
1235.62
1237.01
1234.07
1223.38
1202.83
1165.45
1154.78
1182.62
1236.13
1241.12
1213.54
1193.59
1119.88
1016.23
940.53
886.65
869.57
856.02
858.06
889.26
955.08
1058.10
1140.04
1169.51
1177.43
1185.67
1186.95
1183.95
1171.74
1151.32
1136.93
1161.15
1210.55
1224.06
1206.20
1197.10
1125.92
1033.06
950.28
898.67
866.29
859.53
861.41
906.11
971.95
1064.20
1155.71
1194.31
1202.45
1202.29
1201.84
1186.49
1177.39
1151.38
1142.47
1170.34
1208.56
1219.89
1192.52
1192.06
1117.31
1013.26
932.53
877.90
848.89
842.93
841.88
873.27
942.46
1060.87
1143.62
1195.79
1215.64
1226.45
1229.97
1217.86
1193.19
1189.02
1181.30
1195.66
1219.83
1215.81
1190.81
1184.96
1132.28
1013.96
939.53
880.51
845.86
834.96
831.85
855.12
915.59
1021.73
1112.06
1184.10
1217.48
1230.39
1231.12
1236.22
1235.53
1217.67
1221.87
1244.92
1270.64
1260.24
1227.23
1218.64
1169.88
1074.10
977.49
912.62
874.10
855.23
831.12
837.78
858.36
916.82
986.56
1066.15
1107.77
1122.05
1116.81
1106.82
1084.73
1050.83
1041.47
1087.87
1140.77
1151.78
1136.53
1128.10
1077.55
984.77
927.70
871.03
846.74
831.42
819.94
828.89
852.71
912.56
977.19
1053.74
1093.64
1098.96
1093.69
1073.37
1044.82
1034.68
1040.82
1071.18
1134.26
1151.47
1142.48
1149.18
1088.31
1004.12
928.04
885.92
862.03
853.00
846.97
871.05
887.84
935.93
1008.16
1094.19
1152.22
1182.22
1181.12
1169.60
1149.22
1142.64
1154.64
1191.56
1242.51
1238.60
1219.15
1201.14
1116.30
1025.20
946.82
891.71
870.73
864.83
866.67
893.00
952.87
1061.64
1156.13
1226.76
1238.95
1259.90
1276.36
1290.38
1289.68
1292.89
1288.05
1295.67
1329.95
1323.35
1291.35
1279.61
1216.53
1112.54
1021.41
951.36
914.68
888.48
886.00
915.84
973.25
1089.92
1201.84
1272.85
1311.87
1348.99
1359.66
1383.42
1401.30
1405.84
1403.50
1420.07
1442.73
1428.58
1385.73
1357.89
1292.14
1179.37
1075.45
997.26
961.39
937.45
925.79
958.28
1012.18
1113.01
1229.89
1306.73
1355.78
1402.51
1434.43
1456.08
1462.85
1465.71
1479.67
1489.63
1508.80
1495.49
1450.73
1424.17
1353.51
1240.16
1142.33
1079.47
1048.98
1013.20
1003.48
1023.05
1079.39
1184.18
1300.23
1386.46
1443.26
1480.10
1487.65
1506.70
1512.31
1506.55
1504.63
1512.83
1517.69
1489.86
1451.69
1417.94
1355.33
1242.48
1133.54
1064.26
1017.04
996.29
976.49
978.97
1003.19
1050.18
1131.45
1227.84
1302.56
1348.04
1363.57
1357.28
1338.38
1327.95
1329.14
1348.91
1376.87
1352.09
1309.99
1286.42
1226.17
1119.30
1029.03
965.58
928.73
896.69
889.56
886.72
891.95
943.68
1004.50
1081.10
1134.25
1143.47
1147.18
1141.00
1119.99
1108.46
1107.73
1151.46
1208.25
1215.91
1191.63
1168.90
1114.44
1007.93
937.74
888.58
870.20
856.61
857.88
905.08
981.67
1092.96
1175.96
1213.40
1247.29
1262.00
1279.91
1267.96
1249.08
1236.15
1231.86
1250.77
1273.03
1267.13
1229.45
1217.89
1139.94
1037.13
965.81
912.96
877.76
860.94
863.17
891.53
958.81
1060.24
1140.17
1180.98
1198.15
1197.30
1200.68
1210.89
1211.09
1185.26
1183.40
1208.38
1258.71
1252.61
1220.12
1200.84
1133.48
1036.31
946.50
899.09
868.19
853.30
848.33
884.47
956.21
1058.24
1159.86
1222.85
1247.12
1259.66
1268.92
1272.57
1265.59
1255.59
1240.49
1255.18
1303.08
1296.52
1257.76
1222.41
1141.95
1045.80
960.65
902.36
871.68
852.71
860.37
878.86
939.64
1052.57
1148.12
1209.30
1237.96
1260.97
1297.02
1312.00
1323.65
1310.30
1302.22
1312.98
1342.05
1325.16
1295.69
1293.80
1254.57
1139.77
1042.95
975.84
939.08
923.18
912.27
934.16
988.89
1095.05
1201.66
1278.58
1326.06
1351.05
1368.81
1376.81
1390.87
1402.38
1428.26
1460.94
1468.45
1445.53
1404.51
1377.86
1330.91
1232.22
1123.59
1050.68
1009.77
981.80
963.82
969.03
980.35
1038.48
1126.19
1225.60
1310.19
1362.07
1397.50
1408.51
1383.70
1353.69
1350.63
1358.66
1364.93
1353.84
1313.86
1295.20
1236.02
1120.09
1022.51
958.80
923.54
893.66
882.05
880.76
886.81
930.04
1009.61
1100.82
1165.51
1201.67
1210.13
1202.63
1183.70
1169.30
1173.81
1209.94
1240.63
1238.23
1219.64
1203.19
1138.90
1039.71
961.42
906.97
882.00
862.27
870.17
900.38
965.54
1069.17
1161.14
1218.88
1252.01
1278.66
1286.64
1289.99
1304.50
1291.41
1289.19
1312.16
1351.67
1343.07
1300.44
1274.71
1218.45
1106.64
1014.53
953.63
924.69
904.97
903.70
923.28
979.93
1093.77
1177.50
1236.82
1275.68
1296.51
1304.55
1299.87
1304.12
1293.70
1289.67
1298.31
1327.23
1324.20
1287.40
1254.98
1202.32
1092.56
1002.60
949.01
914.06
891.68
884.19
912.50
974.75
1077.20
1165.62
1224.40
1260.71
1271.29
1283.33
1293.65
1280.80
1265.04
1258.96
1281.62
1311.52
1303.45
1261.31
1240.12
1179.49
1078.85
988.94
936.04
907.23
890.62
888.00
915.26
982.29
1087.77
1190.94
1266.90
1308.69
1345.18
1371.29
1385.45
1377.85
1368.19
1355.85
1365.48
1388.55
1367.70
1326.76
1299.82
1248.93
1143.58
1048.18
982.59
944.33
928.80
912.20
922.41
978.16
1091.77
1211.83
1291.55
1331.17
1360.52
1376.88
1376.97
1392.69
1383.26
1387.14
1393.54
1397.59
1377.86
1324.25
1294.85
1244.83
1139.99
1042.48
961.30
909.03
887.41
877.28
880.33
893.88
955.26
1046.92
1118.07
1163.25
1189.40
1195.37
1188.81
1175.09
1160.06
1162.51
1178.53
1209.13
1203.31
1172.99
1168.31
1123.27
1041.83
969.50
907.94
879.39
859.60
851.48
856.61
870.35
913.19
994.52
1073.58
1142.48
1166.17
1181.51
1182.59
1176.11
1164.22
1170.79
1203.99
1256.32
1253.46
1228.07
1216.15
1150.79
1047.98
965.01
909.20
886.68
872.71
873.61
903.52
974.19
1082.71
1188.57
1244.94
1277.14
1298.81
1315.12
1331.11
1327.54
1308.63
1301.54
1318.58
1354.30
1348.01
1311.26
1293.61
1235.63
1101.82
1003.47
941.06
910.06
890.23
893.31
923.82
982.59
1097.06
1205.99
1281.12
1322.06
1352.27
1377.23
1395.30
1403.31
1404.21
1394.50
1409.21
1446.74
1433.08
1374.47
1336.99
1269.79
1158.93
1056.85
984.78
938.23
920.12
907.71
936.33
1004.12
1111.41
1217.88
1292.10
1340.68
1374.69
1404.09
1424.60
1441.77
1443.32
1451.00
1472.82
1496.92
1476.03
1420.62
1373.66
1312.88
1191.47
1091.20
1017.69
977.74
958.28
953.46
977.96
1038.17
1162.86
1275.51
1364.15
1436.90
1488.77
1540.35
1580.33
1595.64
1609.00
1625.89
1641.77
1654.06
1624.72
1569.25
1518.74
1457.63
1327.79
1199.62
1135.15
1086.39
1053.73
1038.68
1054.35
1100.75
1229.71
1360.56
1478.74
1573.23
1635.65
1674.73
1707.69
1727.76
1742.49
1744.95
1751.63
1751.26
1726.98
1666.56
1610.60
1553.57
1416.46
1298.80
1213.96
1158.61
1128.01
1108.39
1107.34
1110.86
1198.08
1325.14
1474.63
1586.93
1645.83
1690.18
1707.47
1715.83
1727.00
1734.77
1755.13
1759.05
1732.96
1677.69
1623.22
1571.13
1434.40
1314.47
1224.07
1160.14
1126.29
1112.10
1105.10
1103.93
1160.28
1257.91
1372.88
1452.63
1497.04
1517.50
1541.57
1546.70
1550.37
1558.70
1576.83
1582.62
1545.79
1495.03
1461.36
1396.37
1262.46
1160.78
1108.58
1070.60
1047.33
1047.04
1076.44
1124.53
1239.13
1341.18
1429.69
1482.74
1512.12
1539.71
1573.43
1588.24
1587.01
1593.59
1603.30
1611.43
1589.10
1539.26
1506.75
1440.65
1313.21
1196.89
1127.65
1081.71
1062.42
1053.23
1075.62
1128.57
1242.05
1349.89
1440.19
1500.48
1537.11
1577.80
1625.22
1654.87
1636.26
1616.56
1629.98
1642.98
1614.31
1564.86
1527.85
1467.74
1333.49
1222.20
1148.84
1107.35
1083.38
1072.53
1096.89
1150.82
1254.08
1359.23
1441.55
1488.11
1511.65
1547.47
1563.83
1574.40
1575.27
1582.69
1586.84
1600.11
1561.36
1523.46
1493.35
1426.57
1291.37
1200.67
1122.42
1077.06
1038.89
1027.18
1045.13
1096.18
1208.93
1324.50
1397.66
1456.93
1499.35
1515.88
1539.31
1555.04
1553.08
1567.82
1583.36
1596.72
1573.47
1526.23
1472.69
1415.69
1284.19
1168.30
1092.42
1042.23
1007.99
999.13
1017.28
1065.74
1159.09
1263.49
1369.42
1431.71
1493.49
1529.70
1558.65
1572.17
1570.60
1567.12
1569.54
1560.89
1549.60
1490.86
1454.92
1404.17
1289.69
1181.35
1095.80
1048.16
1007.36
992.40
998.22
1015.56
1089.25
1172.07
1280.51
1359.53
1396.28
1437.30
1475.71
1477.50
1453.72
1456.78
1467.86
1496.10
1479.18
1436.07
1411.26
1370.27
1256.20
1165.91
1092.49
1049.60
1020.40
1006.76
994.86
1000.32
1046.62
1148.79
1267.28
1366.28
1430.26
1461.94
1489.96
1502.40
1490.43
1500.87
1528.61
1556.44
1549.32
1497.21
1458.73
1385.79
1266.19
1169.22
1106.62
1053.33
1022.67
1019.50
1029.50
1091.17
1203.93
1296.49
1370.63
1415.08
1459.54
1476.29
1473.79
1467.27
1445.90
1430.57
1445.25
1477.01
1452.67
1396.84
1350.19
1270.17
1171.88
1090.21
1030.65
988.34
974.69
976.27
994.90
1054.41
1151.22
1250.37
1334.02
1384.61
1416.15
1438.02
1448.76
1447.00
1429.16
1415.02
1429.31
1467.44
1455.67
1414.67
1371.67
1299.29
1188.80
1097.29
1034.30
996.98
972.22
964.87
988.70
1050.48
1154.32
1243.40
1331.50
1398.42
1431.52
1460.58
1463.69
1479.46
1482.15
1498.51
1524.74
1554.03
1541.73
1493.24
1455.45
1412.23
1286.95
1166.69
1087.35
1041.42
1017.75
1006.87
1027.58
1077.13
1171.55
1284.82
1376.28
1461.55
1509.47
1562.19
1602.14
1635.56
1664.11
1689.20
1712.54
1712.36
1654.90
1588.03
1558.38
1511.01
1392.04
1273.57
1190.38
1132.77
1095.52
1089.46
1092.44
1110.69
1166.88
1243.74
1319.27
1366.92
1386.11
1396.48
1404.09
1372.18
1364.98
1350.94
1360.08
1381.06
1378.21
1336.24
1314.44
1274.51
1177.50
1085.00
1014.43
963.55
940.01
934.88
933.60
938.69
1005.50
1101.92
1192.83
1271.27
1313.46
1323.59
1328.29
1314.01
1310.53
1314.84
1327.36
1360.97
1355.23
1300.88
1285.40
1234.37
1171.49
1100.53
1032.14
992.93
970.42
959.23
957.30
968.84
1010.94
1085.77
1186.55
1271.17
1316.84
1347.58
1353.88
1352.25
1348.07
1355.99
1383.82
1411.61
1390.06
1350.29
1324.24
1241.78
1137.16
1051.29
981.72
955.56
942.59
940.54
969.69
1038.00
1146.34
1256.37
1336.82
1401.15
1442.98
1474.53
1481.52
1479.12
1468.56
1474.02
1491.88
1519.85
1502.50
1445.32
1397.12
1324.25
1209.27
1101.11
1018.01
975.08
943.39
937.46
957.38
1006.24
1109.37
1230.84
1320.25
1371.13
1412.83
1429.26
1436.37
1441.79
1436.09
1434.32
1450.63
1473.09
1457.50
1404.79
1372.07
1314.85
1189.15
1088.15
1027.74
987.54
964.94
966.86
993.81
1057.22
1165.16
1271.35
1353.14
1412.57
1447.92
1487.94
1515.04
1550.74
1577.68
1600.39
1600.28
1599.69
1561.04
1482.18
1429.32
1376.39
1262.11
1150.16
1082.33
1040.93
1018.13
1014.80
1033.66
1088.20
1195.93
1321.89
1426.90
1506.75
1567.37
1612.99
1646.79
1665.64
1684.27
1675.46
1673.06
1689.72
1674.15
1619.60
1586.57
1513.15
1387.68
1264.85
1174.99
1124.22
1099.18
1088.05
1099.18
1149.35
1259.61
1383.35
1487.49
1553.81
1626.14
1677.30
1715.90
1730.46
1733.61
1727.20
1720.96
1698.82
1663.50
1601.75
1572.01
1491.06
1384.03
1273.73
1187.52
1133.05
1105.13
1092.17
1098.01
1121.45
1181.88
1264.79
1365.88
1457.98
1525.94
1576.06
1598.99
1604.57
1605.81
1620.06
1643.99
1672.26
1661.00
1606.02
1556.00
1508.37
1401.26
1288.31
1212.14
1157.79
1131.95
1116.24
1106.63
1116.06
1160.24
1248.05
1361.32
1462.56
1527.96
1572.13
1604.56
1612.62
1631.84
1670.52
1717.18
1774.42
1758.77
1717.81
1657.06
1587.17
1438.81
1305.19
1215.63
1159.59
1133.20
1123.66
1140.01
1191.46
1300.42
1447.04
1537.63
1598.38
1656.95
1717.74
1738.80
1743.78
1733.39
1695.74
1671.11
1698.16
1661.92
1596.75
1557.79
1479.55
1364.97
1247.72
1172.81
1130.19
1095.55
1083.06
1097.36
1147.18
1256.16
1373.90
1445.25
1469.98
1495.61
1497.90
1488.39
1496.39
1486.52
1485.85
1480.19
1509.10
1496.07
1446.72
1409.53
1344.17
1244.98
1146.65
1078.01
1035.99
1012.80
1004.45
1026.46
1085.80
1194.53
1296.29
1356.85
1398.09
1432.56
1445.98
1455.77
1457.81
1454.77
1462.96
1482.52
1514.53
1495.81
1445.67
1411.17
1350.32
1240.84
1129.47
1055.05
1010.30
979.15
972.21
996.26
1058.61
1167.27
1267.09
1331.70
1362.14
1386.20
1393.85
1409.27
1412.78
1403.31
1389.16
1408.51
1419.24
1404.37
1363.00
1346.92
1283.10
1181.47
1078.07
1014.77
977.45
951.96
949.28
973.88
1033.18
1133.79
1237.47
1319.35
1371.50
1403.68
1400.32
1403.44
1393.32
1367.05
1353.73
1360.51
1379.28
1368.58
1331.07
1312.17
1269.25
1174.71
1077.35
1022.22
982.31
967.85
965.99
972.99
997.19
1050.76
1146.34
1264.55
1364.78
1439.50
1504.02
1534.70
1555.14
1572.94
1617.03
1655.86
1691.47
1685.88
1637.63
1617.19
1536.23
1416.24
1304.18
1214.57
1160.14
1124.02
1106.07
1104.62
1115.20
1166.46
1273.64
1392.93
1511.76
1604.96
1645.62
1671.00
1670.94
1686.34
1711.52
1760.33
1800.09
1779.31
1737.60
1709.24
1631.94
1500.54
1382.02
1294.36
1245.92
1220.27
1209.09
1232.60
1291.08
1412.45
1554.11
1665.42
1747.31
1854.20
1913.55
1964.71
1995.43
1989.83
1956.43
1910.69
1924.27
1902.67
1842.20
1809.58
1704.07
1559.90
1424.64
1349.62
1283.79
1244.87
1229.16
1241.14
1283.90
1398.61
1528.18
1632.39
1715.75
1780.83
1813.71
1835.49
1852.50
1852.69
1852.38
1867.23
1876.18
1850.46
1775.49
1715.76
1622.31
1466.67
1330.41
1239.90
1174.28
1138.37
1117.37
1132.29
1184.13
1278.88
1384.22
1450.26
1521.70
1561.64
1584.69
1606.60
1609.64
1600.75
1606.63
1610.64
1622.19
1595.03
1552.99
1547.90
1468.44
1343.34
1234.90
1166.60
1121.21
1091.45
1077.80
1107.73
1163.88
1282.69
1393.78
1487.69
1563.05
1619.81
1675.73
1718.09
1737.21
1743.20
1737.51
1734.22
1725.35
1700.31
1644.64
1625.57
1564.58
1446.07
1323.45
1244.54
1199.41
1168.19
1159.18
1172.22
1216.41
1320.92
1444.73
1553.64
1624.23
1664.07
1687.78
1705.30
1728.71
1743.21
1760.95
1767.15
1763.08
1742.86
1678.23
1640.84
1570.88
1437.31
1309.41
1215.19
1154.78
1121.79
1097.42
1091.92
1103.76
1171.63
1280.04
1407.51
1509.63
1573.79
1624.39
1653.57
1660.50
1670.50
1696.72
1722.47
1746.53
1727.11
1673.79
1655.20
1579.09
1453.40
1324.48
1236.05
1182.31
1135.44
1124.44
1116.01
1115.13
1162.74
1260.26
1394.17
1506.35
1583.28
1635.25
1658.89
1681.22
1702.12
1753.69
1801.25
1851.62
1835.55
1800.70
1752.45
1667.65
1543.93
1428.77
1351.42
1302.17
1277.33
1268.35
1286.94
1354.71
1480.60
1601.07
1710.08
1799.19
1872.53
1919.64
1959.27
1994.51
1999.26
1977.30
1946.58
1962.13
1939.49
1891.38
1847.50
1753.35
1640.57
1519.65
1414.14
1361.03
1327.03
1303.77
1326.15
1389.30
1531.61
1686.07
1818.96
1899.37
1955.44
1984.53
1989.02
2003.28
2006.25
2000.35
2002.79
2023.22
1978.47
1891.38
1829.05
1715.67
1565.52
1424.98
1322.89
1259.93
1221.89
1191.46
1203.74
1250.48
1355.49
1502.36
1620.45
1699.14
1765.99
1815.07
1855.82
1883.03
1896.96
1902.05
1920.28
1913.76
1873.63
1796.26
1764.85
1667.31
1540.27
1426.41
1332.18
1278.26
1250.97
1234.53
1244.05
1296.64
1404.12
1526.86
1626.64
1680.49
1745.47
1788.14
1831.76
1844.63
1845.63
1832.30
1831.18
1817.75
1769.64
1704.95
1676.82
1591.14
1462.53
1330.98
1245.29
1192.82
1161.02
1141.50
1158.15
1195.33
1306.46
1434.16
1536.30
1603.60
1663.91
1697.70
1723.55
1735.99
1738.59
1748.41
1764.97
1774.76
1747.48
1688.97
1650.45
1557.63
1433.30
1310.37
1223.07
1172.23
1119.34
1096.38
1095.25
1108.92
1175.20
1299.92
1417.60
1496.07
1552.90
1605.49
1627.82
1628.91
1647.88
1673.68
1705.46
1738.15
1726.44
1658.83
1616.05
1561.63
1444.71
1327.71
1226.55
1162.20
1140.43
1119.97
1111.15
1117.47
1164.49
1265.49
1397.63
1500.01
1579.02
1641.21
1673.74
1679.50
1669.98
1672.90
1685.50
1702.93
1674.26
1626.18
1600.72
1521.58
1406.53
1310.61
1241.65
1211.41
1192.83
1199.69
1225.02
1307.36
1432.76
1580.94
1699.11
1784.69
1843.45
1881.70
1892.13
1913.81
1910.49
1907.09
1909.10
1920.25
1877.06
1798.34
1753.68
1641.08
1484.47
1356.19
1243.70
1202.94
1164.55
1150.13
1177.41
1234.80
1326.39
1428.32
1520.03
1583.02
1632.57
1659.19
1669.77
1657.77
1641.00
1629.88
1641.93
1668.58
1653.81
1565.50
1476.91
1362.91
1247.81
1158.33
1109.16
1080.87
1061.78
1056.94
1075.86
1128.39
1241.09
1377.03
1492.10
1575.73
1629.76
1706.25
1750.52
1781.98
1796.61
1807.10
1825.25
1850.44
1822.90
1756.01
1702.02
1591.60
1444.29
1311.51
1220.99
1167.04
1115.30
1082.70
1092.35
1139.29
1247.07
1381.19
1475.20
1525.33
1553.50
1578.65
1590.46
1610.65
1611.15
1630.60
1639.67
1658.41
1640.83
1581.17
1548.03
1454.53
1316.85
1196.39
1116.87
1084.20
1054.55
1049.33
1063.75
1111.26
1213.45
1338.59
1443.38
1519.11
1557.16
1593.78
1615.49
1633.66
1641.34
1635.95
1651.22
1663.37
1619.40
1561.34
1533.16
1452.85
1330.74
1216.17
1144.81
1100.75
1074.91
1063.53
1060.26
1080.82
1128.58
1235.31
1347.23
1437.96
1490.02
1521.87
1532.39
1546.51
1565.15
1600.83
1637.22
1666.19
1630.11
1562.19
1542.63
1458.12
1340.38
1235.68
1152.01
1115.11
1073.43
1054.69
1054.25
1060.39
1111.05
1210.59
1339.72
1449.03
1534.43
1600.89
1633.02
1645.30
1660.67
1685.17
1702.81
1748.03
1727.23
1678.45
1656.80
1566.09
1444.04
1330.75
1255.92
1221.27
1193.34
1193.44
1205.60
1273.26
1386.98
1510.61
1611.98
1710.00
1802.22
1858.27
1881.19
1889.96
1898.27
1900.48
1909.97
1930.27
1893.27
1818.97
1782.71
1668.34
1513.60
1402.58
1317.74
1273.95
1233.80
1211.46
1227.88
1282.57
1395.15
1538.86
1675.13
1782.63
1860.91
1909.89
2022.13
1932.09
2007.70
2022.17
2017.30
1957.90
1937.54
1969.76
1893.88
1754.07
1626.81
1507.84
1424.58
1368.90
1332.00
1317.49
1339.48
1403.92
1515.53
1652.70
1772.26
1869.10
1942.52
1973.51
1981.87
2007.87
2008.73
2009.84
2000.46
1998.80
1961.14
1881.19
1829.23
1721.62
1568.53
1427.17
1319.60
1258.61
1220.32
1203.67
1214.46
1269.32
1378.21
1515.49
1631.42
1721.67
1785.18
1844.08
1879.51
1891.88
1900.09
1893.43
1890.10
1896.00
1844.77
1780.94
1741.09
1645.11
1508.85
1392.57
1301.38
1246.79
1205.94
1191.02
1199.26
1251.35
1345.85
1478.98
1570.98
1633.80
1668.42
1704.87
1724.39
1740.24
1763.93
1769.05
1778.86
1775.37
1733.73
1658.65
1622.16
1527.96
1399.27
1272.70
1188.74
1142.93
1106.59
1096.88
1099.62
1122.16
1170.66
1260.46
1349.45
1411.75
1436.29
1448.40
1441.78
1429.62
1429.68
1454.18
1486.43
1515.66
1502.27
1471.68
1460.87
1376.65
1265.26
1172.73
1099.52
1058.40
1022.92
1016.22
1018.11
1033.12
1068.71
1163.75
1278.57
1366.34
1410.48
1432.92
1431.28
1422.67
1413.81
1425.04
1455.41
1498.34
1481.49
1459.93
1434.44
1339.02
1217.88
1136.48
1077.31
1048.45
1027.87
1023.21
1044.61
1102.84
1211.54
1333.26
1419.82
1465.75
1489.52
1509.20
1518.84
1540.61
1541.84
1549.32
1557.40
1583.12
1555.01
1514.19
1472.58
1355.47
1227.81
1143.06
1072.08
1030.48
1011.91
1008.73
1029.41
1094.85
1182.64
1291.18
1376.07
1449.79
1489.34
1517.70
1539.76
1556.31
1551.70
1549.06
1564.20
1587.51
1569.92
1533.94
1498.25
1391.61
1263.23
1161.06
1090.32
1039.14
1051.08
1050.06
1066.89
1128.63
1219.37
1330.86
1414.05
1470.85
1503.15
1529.18
1537.62
1548.61
1543.78
1537.13
1530.36
1551.09
1527.82
1490.80
1467.57
1370.92
1243.44
1145.70
1090.80
1049.88
1027.16
1016.37
1031.30
1087.45
1189.25
1304.24
1385.92
1438.33
1467.98
1483.35
1495.07
1484.96
1458.25
1456.72
1476.41
1501.34
1481.20
1454.50
1433.44
1337.05
1220.22
1126.02
1064.89
1031.13
1005.93
989.87
1017.16
1079.06
1183.54
1295.68
1379.94
1430.34
1467.20
1501.37
1549.95
1588.52
1590.80
1588.49
1607.43
1613.43
1570.42
1530.25
1511.30
1425.97
1319.72
1211.97
1132.06
1095.40
1071.82
1054.47
1051.60
1071.00
1116.32
1214.90
1329.76
1399.38
1438.10
1465.25
1454.35
1446.83
1435.29
1441.50
1469.67
1499.60
1496.44
1460.83
1434.80
1355.81
1269.59
1167.29
1095.98
1052.72
1021.99
1008.64
1006.76
1016.64
1065.96
1161.65
1280.51
1377.78
1423.86
1456.76
1486.37
1489.48
1488.70
1501.83
1534.54
1582.14
1566.18
1546.76
1514.14
1412.33
1300.76
1214.05
1148.65
1114.50
1094.15
1088.18
1109.95
1180.09
1291.55
1414.38
1510.26
1589.31
1652.48
1690.45
1738.34
1773.96
1760.06
1735.63
1728.79
1740.40
1702.42
1653.02
1596.25
1491.98
1377.13
1268.82
1198.53
1150.56
1135.74
1125.92
1148.47
1215.86
1329.09
1439.46
1551.75
1625.73
1673.32
1731.04
1757.17
1789.39
1815.93
1774.50
1712.95
1671.06
1646.66
1600.53
1548.11
1438.11
1398.33
1188.44
1111.00
1065.76
1036.21
1020.87
1042.32
1102.66
1199.19
1300.28
1353.18
1388.19
1402.06
1399.44
1399.56
1394.52
1385.99
1387.77
1410.71
1433.60
1409.42
1389.06
1352.07
1257.69
1148.03
1057.92
991.40
955.91
936.21
937.63
968.01
1027.18
1146.28
1241.82
1303.89
1325.36
1342.20
1369.42
1382.87
1385.71
1371.31
1360.14
1381.88
1396.99
1392.34
1387.28
1346.82
1258.02
1145.59
1054.46
999.31
968.58
955.02
943.17
980.43
1049.65
1155.82
1263.30
1331.51
1367.17
1375.48
1392.95
1389.88
1382.49
1373.20
1378.35
1406.61
1410.95
1384.37
1369.35
1337.94
1259.56
1163.66
1073.66
1011.78
971.97
956.97
942.81
947.09
976.25
1031.84
1116.30
1234.99
1325.76
1387.39
1418.03
1412.95
1389.17
1360.15
1351.41
1352.55
1370.56
1352.85
1336.16
1290.65
1209.89
1130.57
1043.27
985.60
956.51
941.18
932.18
941.78
968.12
1032.28
1123.66
1220.50
1290.08
1311.36
1299.61
1296.38
1270.37
1256.07
1258.98
1295.82
1336.72
1337.33
1340.58
1296.10
1202.40
1100.35
1014.51
955.83
923.78
913.49
916.32
949.44
1035.52
1162.97
1258.63
1294.57
1327.87
1352.61
1369.68
1371.61
1359.88
1341.56
1339.46
1360.24
1401.83
1397.78
1396.06
1346.12
1252.21
1138.08
1051.17
998.64
959.02
937.19
944.15
969.54
1054.57
1177.49
1282.11
1354.12
1386.59
1380.18
1401.58
1402.16
1402.94
1392.69
1396.57
1408.19
1434.30
1419.38
1416.13
1361.20
1253.37
1136.39
1052.17
999.83
970.06
955.76
932.66
951.58
1032.15
1161.41
1259.39
1339.20
1375.28
1378.07
1394.36
1393.58
1401.20
1378.71
1362.72
1380.13
1412.19
1413.10
1408.23
1338.62
1245.03
1162.78
1075.00
1028.33
995.22
982.52
983.20
1025.75
1113.24
1247.26
1366.23
1424.91
1458.05
1478.50
1494.05
1496.15
1509.38
1491.34
1483.13
1486.22
1495.18
1505.13
1484.64
1426.59
1330.29
1231.35
1136.31
1069.98
1034.01
1008.59
994.04
1021.12
1094.87
1208.40
1321.05
1390.10
1434.30
1476.90
1506.53
1514.12
1509.02
1505.40
1503.24
1511.79
1507.57
1475.61
1445.66
1381.05
1294.30
1193.05
1094.78
1030.46
985.47
970.40
963.61
967.55
994.45
1055.55
1140.40
1224.93
1278.59
1296.65
1298.78
1297.98
1298.90
1292.59
1303.24
1332.65
1375.35
1361.35
1359.22
1316.90
1232.11
1141.16
1055.61
1006.44
974.05
957.62
947.46
958.41
980.68
1030.94
1118.22
1207.99
1269.59
1299.30
1312.19
1321.39
1312.21
1300.30
1308.96
1332.43
1369.10
1375.03
1385.63
1338.09
1245.87
1150.56
1062.23
1008.20
970.71
949.61
951.15
967.17
1008.91
1074.37
1157.98
1272.74
1354.96
1403.18
1401.37
1389.97
1367.66
1358.15
1373.45
1408.77
1452.08
1472.29
1459.63
1388.27
1288.27
1175.11
1083.95
1031.03
999.02
984.82
989.01
1013.55
1104.18
1254.13
1358.22
1432.13
1458.75
1485.58
1528.73
1541.69
1556.99
1547.03
1555.09
1568.28
1567.81
1544.40
1535.02
1465.25
1357.09
1244.88
1172.09
1115.27
1083.05
1064.61
1054.23
1081.34
1165.01
1308.07
1379.23
1455.98
1503.18
1527.14
1526.76
1524.71
1538.19
1546.82
1534.50
1535.17
1541.68
1518.31
1507.68
1437.24
1336.03
1231.90
1143.50
1101.94
1073.10
1043.68
1043.03
1068.15
1148.49
1291.63
1378.42
1433.15
1475.01
1517.63
1531.29
1556.18
1578.20
1582.83
1586.62
1592.76
1617.46
1603.66
1611.04
1541.96
1441.22
1320.66
1225.53
1152.77
1114.81
1062.80
1043.93
1063.08
1125.45
1249.84
1329.91
1351.06
1387.63
1389.75
1383.31
1377.82
1381.72
1365.21
1367.10
1369.76
1385.27
1368.21
1360.24
1308.59
1212.81
1117.11
1039.36
974.93
937.63
927.38
925.92
939.18
973.90
1046.87
1125.61
1199.25
1241.18
1255.22
1246.27
1240.49
1227.32
1222.36
1211.35
1250.09
1277.04
1279.59
1284.41
1237.15
1162.85
1083.52
1003.93
954.35
923.31
896.37
895.03
902.54
927.46
994.25
1082.37
1172.17
1225.17
1253.66
1256.70
1267.50
1259.87
1260.94
1263.38
1310.96
1354.47
1393.10
1388.28
1315.63
1212.21
1123.77
1025.12
984.44
957.02
952.73
954.12
988.51
1069.98
1220.82
1322.40
1380.80
1406.11
1420.53
1402.13
1406.20
1400.24
1387.74
1374.36
1381.71
1403.20
1411.26
1400.78
1322.10
1209.08
1109.34
1014.69
966.31
929.57
920.03
921.84
962.59
1053.34
1206.17
1292.67
1335.42
1327.99
1331.35
1310.67
1303.96
1290.74
1277.28
1279.76
1288.11
1330.44
1369.43
1376.76
1303.79
1197.62
1100.80
1010.18
956.06
922.78
911.70
909.11
950.09
1039.51
1187.03
1285.75
1329.10
1321.73
1328.56
1327.08
1334.50
1328.85
1326.09
1325.50
1332.28
1361.82
1380.45
1386.90
1316.56
1213.68
1114.73
1024.04
968.49
932.90
920.32
909.14
942.85
1006.63
1144.61
1233.59
1284.64
1313.79
1330.91
1349.97
1363.58
1350.75
1365.54
1370.60
1380.26
1406.93
1407.06
1370.34
1298.08
1199.04
1091.92
998.29
977.04
942.34
933.35
926.94
955.13
1035.37
1188.19
1286.90
1353.04
1372.74
1370.91
1359.77
1329.93
1312.66
1298.25
1281.03
1292.97
1318.28
1331.20
1336.40
1275.95
1195.04
1118.23
1022.12
967.22
935.78
922.09
922.30
933.13
974.67
1072.94
1165.73
1235.41
1258.60
1255.00
1229.06
1219.64
1189.67
1179.42
1186.99
1205.61
1253.35
1284.86
1295.35
1239.09
1163.56
1090.41
1006.16
967.65
933.75
927.25
916.59
926.60
957.39
1036.33
1125.02
1209.52
1240.48
1242.50
1227.24
1230.32
1205.21
1196.06
1208.96
1246.02
1312.81
1355.97
1373.82
1302.42
1197.97
1107.03
1010.03
962.19
943.11
941.35
954.10
1001.04
1101.98
1269.77
1371.04
1402.34
1392.07
1370.39
1348.00
1328.90
1304.00
1294.68
1294.13
1317.00
1369.05
1402.66
1403.01
1330.60
1215.54
1111.67
1033.10
986.95
954.98
948.92
948.77
989.34
1086.34
1246.80
1346.31
1388.22
1390.13
1387.27
1372.65
1357.71
1351.77
1356.54
1342.13
1360.37
1407.56
1444.54
1420.64
1332.88
1214.90
1102.17
1012.52
972.62
939.11
921.08
914.93
944.86
1035.27
1182.63
1268.45
1315.00
1327.07
1340.23
1333.92
1325.51
1320.00
1315.61
1318.17
1339.51
1371.91
1394.95
1386.23
1312.53
1200.01
1099.02
1007.04
958.83
926.16
911.35
918.05
953.39
1026.87
1171.16
1268.68
1312.97
1324.55
1350.97
1358.18
1375.84
1366.65
1361.18
1364.35
1374.29
1398.13
1428.63
1408.71
1332.57
1228.32
1135.71
1039.87
984.53
947.32
932.32
928.19
960.27
1033.62
1165.03
1259.87
1316.90
1323.34
1340.89
1337.00
1308.97
1295.00
1283.44
1272.09
1288.89
1304.58
1318.20
1311.70
1248.09
1160.33
1082.65
992.89
939.10
905.37
887.17
881.04
896.60
933.71
1026.96
1114.89
1210.56
1248.01
1261.76
1244.02
1234.92
1213.36
1202.12
1209.29
1242.14
1274.84
1306.60
1291.57
1230.87
1152.77
1080.49
996.64
948.61
914.10
900.59
890.97
899.16
930.87
1005.35
1091.67
1196.08
1260.77
1279.12
1279.97
1301.55
1300.38
1292.12
1291.13
1323.83
1373.09
1404.69
1388.45
1303.80
1196.91
1105.87
1033.79
987.91
957.76
946.77
941.46
978.95
1069.54
1229.82
1333.27
1403.80
1450.88
1481.14
1476.25
1475.82
1460.84
1449.79
1432.49
1449.58
1481.93
1503.34
1455.14
1366.35
1252.96
1156.53
1070.56
1019.81
987.45
969.68
970.90
1009.45
1084.19
1233.33
1343.72
1394.35
1423.31
1456.04
1454.02
1445.67
1450.19
1442.51
1436.85
1454.30
1477.96
1511.89
1481.17
1398.59
1286.41
1186.18
1112.14
1049.90
1008.40
999.03
1013.91
1057.95
1135.22
1276.54
1374.79
1418.28
1401.98
1372.62
1367.35
1361.46
1348.03
1334.79
1326.81
1341.74
1362.70
1383.28
1362.57
1293.03
1197.05
1108.39
1024.59
972.51
942.50
926.23
935.11
971.72
1033.49
1167.96
1237.29
1281.71
1287.51
1306.11
1307.79
1308.56
1323.42
1322.57
1312.86
1343.60
1366.79
1391.21
1384.00
1307.31
1222.35
1117.52
1031.66
985.57
956.18
948.19
951.41
990.06
1069.32
1190.43
1300.71
1369.00
1402.26
1403.55
1411.15
1424.80
1399.82
1383.49
1382.26
1376.62
1389.66
1395.21
1366.93
1303.15
1217.77
1126.01
1045.76
999.15
963.89
943.75
959.60
979.78
1021.80
1092.82
1184.77
1262.93
1291.61
1295.97
1281.91
1275.43
1257.88
1228.15
1234.85
1240.56
1281.52
1331.80
1319.85
1264.80
1191.61
1107.67
1032.55
977.95
948.34
939.12
945.19
965.36
995.91
1055.71
1136.08
1241.84
1303.71
1318.35
1303.77
1292.48
1288.76
1298.14
1310.15
1335.81
1391.04
1421.88
1386.86
1302.02
1202.01
1098.81
1016.91
968.81
947.16
949.07
962.37
1000.56
1098.78
1248.57
1351.80
1404.90
1421.71
1414.45
1361.34
1345.87
1327.19
1314.60
1309.16
1334.26
1388.24
1445.30
1410.89
1326.98
1231.54
1123.67
1039.50
988.18
956.93
944.35
959.78
1006.50
1096.04
1239.79
1312.60
1362.49
1378.58
1383.16
1382.41
1370.15
1371.42
1361.42
1354.35
1356.97
1416.13
1457.42
1412.85
1327.55
1226.31
1118.67
1038.56
995.54
959.86
950.26
964.74
1007.05
1092.59
1222.22
1320.51
1365.63
1376.66
1367.27
1351.67
1354.63
1378.81
1397.59
1385.94
1387.82
1425.89
1451.34
1394.99
1314.99
1215.56
1125.54
1028.39
973.56
937.82
924.34
938.73
982.40
1075.19
1218.85
1308.95
1349.05
1333.27
1331.77
1318.46
1301.25
1283.01
1278.52
1276.43
1312.62
1380.43
1445.42
1412.50
1336.40
1240.91
1140.24
1060.63
1009.85
999.09
995.69
1012.00
1056.11
1139.87
1275.55
1377.64
1419.68
1403.79
1385.05
1362.12
1345.86
1326.43
1315.96
1303.61
1326.63
1372.12
1433.20
1401.59
1345.88
1271.07
1161.92
1081.53
1021.64
996.63
989.07
982.46
996.48
1032.83
1104.02
1186.04
1273.46
1309.65
1281.16
1254.67
1227.16
1205.61
1212.41
1229.10
1262.10
1308.41
1365.37
1326.31
1252.45
1174.01
1099.00
1032.90
979.25
953.34
947.42
939.09
948.97
968.97
1027.01
1122.69
1215.67
1249.65
1252.56
1244.30
1231.47
1209.05
1204.64
1212.51
1265.89
1343.77
1412.00
1371.07
1304.10
1213.06
1116.27
1039.77
1001.55
990.43
993.55
991.42
1034.46
1114.74
1237.89
1354.41
1436.02
1444.35
1428.88
1392.56
1369.87
1337.64
1331.75
1337.27
1368.01
1421.65
1481.04
1440.31
1377.29
1269.94
1161.32
1083.25
1032.01
1021.16
1014.33
1017.53
1056.19
1144.27
1287.47
1388.23
1440.78
1453.36
1459.92
1473.87
1470.67
1466.91
1450.30
1449.79
1466.50
1532.33
1512.92
1441.51
1343.06
1245.38
1139.52
1057.23
1005.48
998.29
995.87
988.49
1017.76
1116.66
1255.51
1350.91
1379.18
1380.93
1359.42
1330.50
1324.59
1308.44
1299.17
1290.36
1323.46
1373.39
1434.75
1400.11
1313.42
1214.90
1130.54
1044.24
989.52
986.66
984.84
989.17
1028.99
1121.55
1275.97
1362.43
1394.60
1390.98
1358.68
1341.45
1337.96
1328.32
1310.77
1316.89
1341.39
1401.54
1465.75
1401.58
1333.96
1233.39
1137.46
1059.28
1011.99
983.40
980.56
973.30
1016.66
1097.33
1241.08
1346.84
1401.59
1429.75
1451.10
1456.55
1436.28
1424.23
1412.04
1401.30
1411.17
1456.63
1439.28
1366.37
1300.13
1208.10
1123.61
1045.11
986.34
971.63
965.60
962.82
979.38
1016.17
1098.14
1201.74
1313.21
1393.84
1434.94
1457.19
1440.35
1393.29
1357.14
1340.36
1345.58
1400.12
1446.72
1394.75
1333.86
1256.34
1178.02
1101.80
1052.07
1031.91
1021.94
1023.59
1039.63
1070.87
1142.30
1229.50
1319.13
1338.00
1316.84
1295.36
1268.55
1236.63
1223.99
1249.38
1300.01
1380.52
1447.39
1396.50
1317.22
1212.03
1115.47
1043.44
1005.72
995.13
1003.27
1011.24
1052.06
1147.28
1311.55
1400.25
1440.72
1433.16
1413.07
1396.30
1374.94
1365.69
1338.55
1352.74
1369.07
1449.31
1482.40
1404.73
1331.37
1221.43
1124.40
1029.74
984.31
964.72
962.63
972.26
1012.68
1108.55
1267.24
1370.74
1419.50
1417.80
1420.08
1413.17
1414.89
1409.60
1390.01
1379.79
1369.29
1440.90
1468.47
1406.84
1329.25
1221.70
1124.65
1041.01
989.72
976.72
964.48
959.45
1004.11
1087.06
1225.50
1324.15
1388.68
1419.18
1435.27
1440.77
1439.01
1432.48
1421.19
1412.12
1401.22
1460.38
1466.01
1425.35
1353.50
1249.32
1146.32
1061.36
994.55
968.38
945.66
959.80
984.29
1070.47
1204.30
1295.72
1327.83
1332.12
1326.34
1310.79
1284.65
1291.66
1285.45
1283.82
1291.52
1359.24
1418.67
1369.07
1294.15
1187.97
1105.28
1018.93
956.00
933.85
943.72
936.66
970.94
1063.10
1194.53
1304.39
1354.30
1389.27
1390.16
1381.48
1369.48
1352.08
1337.87
1331.40
1327.42
1378.94
1399.07
1341.64
1267.85
1193.25
1094.54
1014.12
958.27
942.39
932.61
929.91
930.71
976.98
1037.68
1134.74
1221.81
1269.74
1285.77
1296.24
1284.43
1272.23
1267.14
1278.56
1282.64
1339.60
1362.06
1302.40
1235.78
1168.40
1085.98
1014.36
964.19
958.00
950.39
958.02
974.79
1012.91
1067.68
1160.06
1245.97
1290.98
1280.36
1268.99
1251.83
1226.98
1217.15
1257.56
1305.17
1396.92
1445.43
1396.83
1316.94
1228.17
1131.26
1050.11
1004.75
997.58
992.22
997.43
1036.99
1130.74
1277.20
1401.16
1451.84
1469.89
1493.92
1504.52
1478.07
1459.88
1443.95
1446.44
1454.25
1519.81
1471.26
1395.49
1309.98
1206.49
1107.56
1019.52
985.12
980.36
972.13
976.54
1010.99
1112.62
1247.56
1351.02
1397.24
1398.72
1371.90
1339.64
1319.56
1307.56
1296.16
1309.80
1359.96
1465.42
1475.32
1417.45
1353.31
1258.89
1173.05
1092.25
1065.43
1051.93
1034.69
1046.09
1086.24
1177.03
1321.25
1424.14
1482.10
1493.49
1497.90
1503.23
1499.45
1489.17
1461.90
1452.81
1459.49
1493.66
1491.08
1431.73
1368.10
1273.14
1164.49
1068.85
1036.83
1015.79
992.88
1000.71
1042.72
1143.43
1289.37
1390.95
1420.27
1415.36
1422.10
1432.22
1430.79
1414.68
1407.66
1422.83
1453.26
1500.74
1490.32
1435.78
1366.25
1278.05
1186.57
1114.47
1071.97
1060.03
1047.45
1065.44
1098.17
1181.29
1325.12
1445.77
1510.50
1532.42
1535.62
1535.70
1513.02
1502.28
1471.24
1450.10
1457.14
1507.40
1511.69
1462.39
1407.22
1336.27
1247.72
1168.22
1139.83
1110.69
1091.61
1110.10
1132.12
1186.55
1248.74
1332.13
1407.99
1411.45
1388.89
1344.18
1300.47
1257.95
1242.66
1262.21
1299.29
1359.76
1402.48
1377.32
1327.73
1271.75
1203.40
1160.70
1119.26
1083.11
1060.43
1053.24
1067.11
1108.06
1173.31
1258.27
1349.40
1390.79
1391.41
1387.44
1382.19
1365.34
1365.32
1397.63
1486.36
1495.67
1422.10
1342.10
1247.70
1149.01
1064.34
1014.50
992.20
986.28
987.77
997.45
1051.18
1156.37
1313.70
1401.67
1444.55
1462.84
1476.52
1481.83
1487.72
1464.72
1464.76
1486.18
1563.38
1634.14
1578.40
1505.68
1424.04
1335.75
1239.43
1190.27
1154.67
1117.16
1100.70
1098.47
1148.29
1254.57
1389.08
1463.26
1488.82
1491.03
1493.94
1477.04
1475.12
1472.67
1486.20
1494.87
1575.85
1623.73
1583.46
1515.15
1443.52
1359.64
1260.94
1199.93
1166.99
1142.43
1121.32
1099.06
1140.92
1233.33
1377.83
1457.20
1491.91
1488.79
1481.60
1473.11
1453.28
1424.71
1412.75
1437.22
1509.65
1589.72
1542.80
1468.92
1393.25
1282.58
1184.79
1118.98
1083.22
1053.53
1043.39
1045.62
1091.26
1183.10
1323.30
1395.65
1415.13
1402.29
1386.19
1368.82
1329.08
1329.15
1331.72
1339.30
1406.73
1489.47
1450.52
1377.39
1306.85
1206.06
1105.14
1057.73
1008.39
972.54
966.89
964.37
1011.36
1102.47
1232.93
1310.92
1353.32
1369.41
1360.51
1313.49
1291.82
1288.99
1275.10
1274.26
1324.66
1393.25
1348.60
1284.03
1212.22
1129.00
1047.97
993.42
994.89
981.48
976.17
971.82
975.69
992.20
1077.01
1143.85
1223.16
1241.81
1238.11
1205.41
1189.32
1205.50
1205.74
1223.48
1308.72
1367.60
1329.73
1263.73
1192.30
1125.47
1047.09
998.80
959.99
939.54
920.49
917.83
930.31
967.35
1038.25
1113.90
1178.56
1216.19
1218.41
1215.33
1210.81
1221.71
1234.94
1268.24
1365.95
1445.98
1393.97
1312.64
1237.72
1145.38
1057.96
1003.51
970.11
947.60
932.34
944.31
979.34
1079.71
1229.70
1323.92
1369.46
1396.88
1388.42
1330.88
1313.05
1320.76
1327.79
1338.66
1415.47
1509.81
1450.88
1378.32
1283.28
1187.85
1099.14
1041.10
998.91
967.06
957.44
964.38
1006.82
1103.88
1247.47
1323.34
1331.86
1313.50
1299.13
1293.57
1292.64
1295.51
1306.07
1315.60
1379.88
1456.17
1406.07
1332.20
1242.47
1156.13
1066.24
1016.00
977.88
954.47
949.05
946.58
983.11
1060.09
1172.72
1265.09
1318.91
1339.29
1316.68
1321.47
1328.67
1338.54
1341.49
1356.24
1423.19
1482.39
1432.96
1356.41
1273.56
1175.51
1087.56
1032.87
982.94
951.32
943.61
944.00
978.93
1070.56
1203.73
1283.66
1324.68
1353.05
1376.75
1391.58
1388.53
1388.16
1376.68
1386.68
1436.92
1487.83
1449.92
1382.08
1308.18
1210.64
1121.40
1066.40
1013.92
994.04
992.85
1006.17
1047.35
1144.44
1281.74
1375.96
1427.90
1462.98
1468.35
1461.74
1454.86
1455.73
1443.74
1457.49
1501.02
1534.57
1491.27
1426.56
1353.51
1264.39
1174.13
1112.19
1060.64
1033.67
1025.84
1032.32
1052.91
1097.25
1168.45
1230.39
1297.50
1312.70
1291.42
1285.74
1304.63
1296.32
1294.67
1327.13
1422.10
1474.87
1443.76
1384.94
1331.90
1252.49
1176.67
1138.63
1105.17
1076.17
1077.19
1075.42
1099.65
1137.26
1197.68
1260.07
1316.41
1337.72
1334.88
1326.24
1372.71
1390.32
1411.64
1445.75
1539.34
1548.47
1498.46
1415.63
1339.14
1237.90
1154.52
1097.35
1025.47
981.21
973.54
987.26
1030.58
1133.86
1286.27
1353.64
1393.14
1388.87
1396.25
1401.62
1397.55
1399.14
1394.74
1427.05
1508.81
1558.96
1492.71
1402.77
1314.83
1226.13
1143.73
1098.19
1057.76
1036.69
1031.18
1038.10
1083.91
1180.02
1319.25
1405.48
1434.93
1427.28
1415.10
1416.32
1435.17
1430.09
1432.09
1452.51
1515.22
1578.78
1516.90
1458.23
1401.63
1306.15
1218.71
1161.92
1117.61
1092.62
1072.79
1076.17
1123.57
1246.38
1407.60
1498.66
1510.18
1515.30
1534.79
1545.53
1537.38
1533.67
1518.47
1505.27
1561.14
1622.90
1586.64
1530.54
1470.22
1376.47
1287.89
1220.44
1195.72
1170.38
1170.54
1183.10
1204.82
1316.88
1457.85
1534.54
1556.67
1571.59
1563.56
1555.58
1557.87
1531.98
1522.47
1524.08
1577.76
1594.18
1551.87
1483.58
1405.54
1299.71
1200.08
1135.85
1131.94
1098.15
1076.97
1086.64
1116.69
1205.28
1348.51
1422.96
1468.62
1475.33
1487.79
1472.83
1449.37
1428.46
1399.43
1397.30
1452.55
1497.98
1452.10
1393.97
1325.33
1239.81
1150.39
1086.85
1040.78
1010.90
1007.87
1008.24
1027.54
1068.89
1131.19
1211.42
1276.09
1300.99
1288.47
1270.33
1236.29
1233.39
1258.92
1290.64
1402.44
1464.10
1414.09
1352.65
1283.49
1208.14
1135.55
1111.13
1090.66
1068.60
1062.55
1072.37
1099.04
1140.02
1219.54
1304.55
1375.33
1409.29
1402.23
1391.42
1400.30
1395.82
1418.64
1464.11
1570.79
1613.24
1544.22
1464.62
1381.77
1277.40
1185.47
1122.95
1075.32
1054.50
1050.40
1050.47
1086.82
1180.83
1320.35
1416.50
1480.50
1515.42
1540.51
1548.84
1543.91
1537.62
1530.12
1530.58
1569.36
1607.87
1566.49
1504.38
1428.23
1337.92
1235.06
1174.29
1117.62
1090.50
1091.72
1097.08
1140.07
1231.69
1367.45
1448.58
1481.41
1478.23
1464.23
1446.92
1440.80
1448.96
1462.64
1492.73
1586.54
1641.99
1608.80
1541.03
1472.54
1384.66
1285.81
1229.09
1184.26
1168.87
1158.26
1162.00
1189.09
1277.52
1396.43
1498.08
1568.97
1602.12
1622.40
1626.88
1618.61
1609.58
1588.23
1583.73
1623.85
1632.24
1569.64
1488.72
1418.61
1321.61
1221.30
1149.54
1089.84
1047.46
1015.87
1013.40
1036.88
1070.52
1155.83
1267.98
1402.72
1514.82
1594.68
1628.03
1598.19
1518.44
1462.66
1446.58
1435.02
1386.83
1332.51
1264.92
1215.09
1147.96
1075.67
1027.35
991.45
968.67
966.57
967.47
999.18
1061.17
1138.38
1221.70
1274.99
1297.48
1314.08
1331.98
1336.93
1317.58
1318.34
1345.27
1409.96
1440.35
1395.11
1336.51
1265.23
1185.84
1104.67
1049.83
1005.50
975.11
950.42
958.10
985.77
1021.25
1086.43
1161.90
1252.99
1324.30
1357.62
1368.46
1370.56
1354.51
1341.63
1348.58
1421.83
1461.82
1424.97
1373.34
1323.78
1245.05
1163.68
1110.59
1062.68
1030.96
1024.24
1018.86
1035.65
1061.85
1135.74
1206.79
1279.81
1322.83
1326.69
1308.14
1300.86
1287.63
1292.87
1338.82
1471.05
1526.61
1484.01
1416.20
1339.27
1234.83
1160.99
1107.67
1064.83
1052.33
1047.83
1052.90
1097.55
1197.19
1338.02
1426.39
1478.76
1497.67
1508.86
1520.29
1528.93
1525.03
1524.25
1550.32
1601.46
1619.71
1542.58
1420.92
1293.92
1165.56
1071.84
995.24
933.00
911.24
897.62
899.48
929.96
1007.02
1126.04
1215.43
1278.68
1324.25
1350.10
1396.24
1404.82
1407.80
1391.18
1399.98
1468.90
1518.20
1477.10
1398.33
1318.63
1224.80
1126.76
1066.51
1019.33
998.34
982.52
992.74
1035.56
1128.25
1267.55
1355.36
1390.95
1381.13
1374.89
1363.98
1383.09
1397.98
1413.22
1448.80
1543.39
1587.97
1553.13
1483.84
1406.62
1316.79
1215.52
1154.64
1099.76
1079.57
1072.67
1079.78
1129.82
1252.90
1390.49
1462.99
1474.38
1445.41
1427.03
1408.81
1383.88
1375.89
1395.47
1422.38
1528.64
1599.56
1591.27
1530.87
1452.53
1343.63
1234.95
1166.45
1109.46
1078.77
1078.05
1080.98
1119.90
1207.57
1345.64
1428.40
1464.13
1460.62
1455.98
1438.19
1417.26
1395.29
1405.93
1417.20
1493.40
1537.97
1506.11
1439.83
1361.77
1283.60
1204.89
1134.28
1069.18
1045.75
1039.88
1024.42
1031.32
1058.85
1139.80
1248.25
1338.36
1411.59
1458.17
1501.85
1520.80
1527.57
1519.51
1542.47
1576.76
1534.23
1425.81
1283.77
1173.02
1081.97
1012.09
961.09
918.04
891.63
884.20
891.55
910.51
920.36
965.61
1027.48
1106.15
1187.88
1225.11
1269.50
1303.22
1322.61
1338.56
1394.37
1493.43
1536.65
1509.99
1452.97
1377.78
1272.75
1183.04
1127.82
1079.20
1051.32
1044.09
1040.33
1084.22
1178.36
1322.98
1410.31
1452.51
1449.60
1453.69
1442.07
1439.42
1439.23
1445.20
1491.04
1596.60
1663.80
1630.63
1557.78
1479.61
1375.67
1277.63
1189.00
1137.04
1097.00
1083.44
1085.39
1121.90
1216.58
1364.66
1463.38
1514.73
1541.24
1552.92
1568.23
1556.09
1554.06
1543.56
1553.46
1635.65
1684.75
1637.13
1549.23
1473.82
1384.32
1301.51
1213.18
1165.98
1136.72
1133.10
1138.04
1191.05
1282.86
1438.78
1520.87
1559.48
1565.47
1561.45
1571.67
1559.33
1554.70
1568.71
1601.20
1678.29
1702.89
1664.96
1570.71
1491.23
1385.51
1294.31
1204.09
1163.92
1128.98
1118.93
1126.16
1177.90
1268.65
1429.88
1532.15
1562.10
1554.56
1548.80
1521.65
1512.96
1518.53
1509.89
1538.44
1630.47
1680.84
1644.93
1575.28
1505.66
1393.91
1292.95
1227.28
1179.00
1145.72
1131.35
1149.14
1185.18
1277.33
1429.24
1518.93
1551.02
1529.32
1521.14
1497.71
1488.53
1471.86
1457.31
1470.24
1552.74
1589.23
1544.95
1489.92
1415.93
1329.97
1257.21
1189.06
1134.54
1098.52
1085.03
1090.89
1114.05
1151.56
1228.75
1318.24
1405.32
1439.68
1438.12
1462.70
1454.15
1441.56
1451.31
1491.27
1578.54
1607.05
1567.11
1499.67
1428.61
1337.44
1243.40
1172.62
1116.09
1085.75
1062.80
1065.64
1079.42
1104.47
1180.49
1258.51
1363.38
1432.49
1464.71
1484.84
1483.99
1474.05
1460.79
1488.36
1607.87
1630.52
1585.58
1518.69
1421.75
1321.52
1228.24
1159.32
1119.22
1088.14
1087.87
1102.63
1140.00
1241.58
1393.20
1497.70
1558.42
1571.39
1560.11
1560.35
1568.41
1576.34
1566.54
1591.55
1671.39
1707.73
1659.69
1590.63
1511.92
1410.65
1305.09
1232.49
1194.05
1174.51
1182.50
1195.67
1231.95
1319.61
1458.23
1550.77
1583.23
1579.62
1591.00
1564.84
1553.67
1542.14
1573.34
1597.09
1721.42
1805.26
1764.37
1707.49
1636.57
1545.21
1450.29
1358.48
1315.06
1291.83
1279.28
1284.61
1329.09
1433.93
1597.71
1695.08
1714.46
1709.83
1707.20
1709.94
1684.09
1660.72
1665.73
1695.48
1777.77
1827.53
1793.56
1728.36
1652.78
1559.57
1445.56
1395.91
1339.01
1299.72
1287.54
1295.70
1325.58
1413.42
1534.56
1657.44
1732.80
1779.28
1817.07
1834.92
1842.54
1821.35
1782.10
1766.66
1819.29
1869.71
1813.44
1718.29
1625.83
1512.25
1402.35
1340.59
1275.43
1238.39
1225.44
1238.35
1277.29
1373.12
1510.30
1615.45
1670.31
1687.52
1666.06
1629.89
1605.50
1578.73
1564.03
1595.81
1697.07
1753.39
1720.08
1662.89
1595.05
1516.37
1416.13
1346.99
1300.85
1269.96
1265.56
1265.28
1289.92
1337.74
1423.36
1525.65
1605.16
1620.52
1608.12
1560.03
1523.94
1500.90
1485.13
1523.98
1639.84
1691.80
1654.58
1594.59
1533.61
1459.13
1373.34
1309.70
1243.77
1213.72
1195.14
1192.59
1219.02
1259.99
1323.94
1417.83
1511.33
1550.91
1567.10
1564.62
1557.08
1542.94
1538.29
1571.78
1664.12
1698.91
1649.79
1578.06
1494.81
1381.59
1280.17
1204.40
1150.62
1126.46
1120.26
1122.79
1164.83
1258.23
1408.50
1508.54
1559.41
1581.00
1582.83
1585.13
1581.25
1561.73
1551.89
1566.09
1643.62
1694.56
1657.51
1582.88
1504.72
1399.41
1294.08
1232.15
1149.52
1109.20
1092.22
1106.13
1147.94
1249.47
1393.32
1481.71
1519.54
1517.11
1506.80
1496.14
1465.30
1460.58
1468.79
1502.88
1598.11
1654.17
1622.02
1563.06
1481.54
1390.48
1298.02
1222.67
1167.79
1144.10
1137.18
1145.70
1187.94
1295.50
1427.74
1515.06
1569.09
1571.72
1570.33
1546.64
1519.55
1522.77
1519.10
1549.03
1651.48
1699.34
1680.33
1624.81
1561.47
1470.06
1359.40
1276.96
1215.57
1175.23
1148.54
1150.91
1151.43
1206.77
1290.50
1379.30
1454.31
1496.69
1501.44
1492.75
1472.46
1441.27
1432.38
1455.60
1511.88
1508.89
1442.01
1374.41
1312.23
1236.89
1159.50
1085.54
1015.79
971.39
949.06
946.69
963.32
993.61
1059.23
1156.39
1240.37
1295.81
1313.29
1316.51
1326.41
1313.62
1279.11
1283.18
1322.86
1339.08
1302.89
1251.77
1206.77
1139.35
1075.23
1013.10
975.66
955.17
953.10
956.80
972.15
1013.57
1098.35
1207.38
1317.26
1386.29
1423.08
1436.13
1435.30
1414.66
1420.81
1456.79
1562.33
1610.73
1564.37
1515.41
1459.18
1367.38
1289.50
1239.30
1186.81
1156.55
1139.34
1137.58
1148.97
1188.61
1249.14
1313.84
1371.98
1421.87
1427.35
1429.09
1448.73
1439.84
1443.99
1474.06
1584.10
1648.71
1611.63
1542.47
1478.87
1385.12
1295.59
1240.10
1194.98
1168.37
1161.45
1158.62
1191.54
1268.56
1379.71
1475.35
1537.93
1568.83
1592.93
1597.01
1598.71
1584.19
1575.41
1569.67
1621.61
1652.20
1590.23
1510.83
1426.51
1349.41
1236.39
1163.23
1113.64
1089.79
1088.69
1098.96
1140.21
1223.29
1339.38
1447.65
1512.25
1537.50
1551.74
1563.45
1552.38
1555.66
1569.71
1614.86
1712.79
1781.13
1737.20
1662.01
1586.48
1506.99
1387.70
1316.62
1269.79
1246.43
1231.01
1246.67
1274.39
1351.44
1470.98
1558.32
1623.03
1642.74
1644.19
1626.96
1602.36
1586.38
1584.62
1600.54
1664.35
1700.15
1653.82
1577.06
1487.36
1392.11
1280.88
1208.05