2362.19
2281.21
2235.64
2220.64
2248.47
2322.67
2438.37
2494.87
2499.69
2486.60
2489.26
2512.36
2558.54
2615.34
2657.35
2718.77
2885.99
2998.02
2947.61
2865.30
2768.49
2651.35
2513.14
2379.92
2266.72
2185.13
2137.30
2114.54
2117.24
2164.60
2249.84
2330.84
2437.58
2545.29
2606.24
2665.86
2661.34
2594.40
2563.92
2616.53
2786.26
2917.85
2915.71
2858.74
2781.96
2676.18
2541.45
2413.47
2304.88
2233.42
2201.94
2192.60
2205.30
2246.03
2325.46
2402.56
2502.24
2610.40
2699.53
2767.83
2811.78
2814.74
2844.67
2888.54
3028.98
3114.45
3075.27
2987.26
2889.16
2750.88
2575.88
2413.64
2300.13
2229.31
2209.37
2219.90
2293.15
2440.85
2686.33
2895.42
3023.07
3068.67
3031.39
2981.81
2945.07
2895.92
2873.73
2932.78
3091.38
3231.80
3174.37
3081.55
2949.30
2786.80
2601.99
2429.61
2312.85
2242.50
2215.26
2227.33
2289.05
2440.23
2677.26
2889.71
3011.61
3059.30
3078.40
3097.27
3120.22
3114.58
3093.01
3119.96
3227.03
3308.46
3239.14
3132.30
2994.36
2830.87
2639.00
2469.49
2355.71
2278.23
2249.86
2251.81
2310.77
2460.53
2692.48
2896.79
2994.50
3009.72
2971.64
2949.83
2971.26
2967.00
2979.56
3015.99
3155.97
3278.04
3213.21
3110.06
2982.31
2832.58
2650.49
2492.30
2374.82
2294.72
2260.79
2263.26
2319.43
2467.71
2709.36
2896.14
2975.60
2948.62
2899.10
2851.10
2835.78
2840.64
2848.39
2890.53
3037.28
3202.35
3151.96
3066.50
2954.16
2813.66
2637.61
2482.74
2374.38
2311.32
2286.04
2300.79
2365.14
2517.78
2760.06
2952.37
3018.21
2980.47
2918.43
2874.59
2842.89
2820.69
2835.79
2873.71
3019.18
3156.47
3107.50
3018.33
2915.29
2795.09
2653.25
2515.13
2406.75
2335.85
2304.13
2295.15
2323.22
2398.86
2514.96
2619.40
2691.33
2696.32
2683.63
2674.13
2685.44
2711.74
2760.51
2816.27
2936.34
3048.26
3020.62
2950.83
2861.54
2743.46
2598.54
2466.13
2352.26
2268.65
2245.74
2235.30
2255.12
2308.74
2400.42
2477.82
2531.16
2540.19
2538.60
2538.92
2548.42
2565.23
2606.60
2671.64
2839.76
3023.95
3030.53
2961.72
2876.93
2757.92
2603.54
2455.74
2356.82
2304.65
2294.66
2321.27
2394.09
2560.09
2814.06
3030.71
3133.83
3166.40
3157.96
3196.34
3207.86
3182.49
3157.65
3151.16
3231.88
3316.69
3244.88
3129.27
2984.09
2823.77
2633.46
2466.62
2356.87
2295.16
2275.89
2290.36
2362.45
2516.07
2765.09
2966.45
3053.43
3046.90
2965.55
2884.99
2859.03
2858.96
2885.18
2934.25
3081.72
3213.98
3154.36
3044.05
2909.79
2746.94
2560.64
2388.52
2276.88
2209.49
2181.77
2191.18
2267.01
2430.81
2693.55
2896.88
2967.75
2919.22
2839.85
2812.02
2818.15
2840.44
2860.24
2926.48
3059.12
3158.25
3096.42
2989.01
2862.21
2704.10
2517.27
2351.53
2245.34
2184.39
2162.16
2164.23
2229.20
2385.70
2632.68
2844.16
2961.84
2991.86
2979.03
2989.59
2985.95
2973.63
2979.07
2996.33
3090.66
3187.22
3121.21
3001.21
2869.60
2719.03
2529.97
2359.99
2247.20
2168.30
2138.75
2138.79
2201.21
2357.08
2597.08
2783.87
2849.38
2809.63
2760.70
2751.98
2780.79
2807.51
2832.28
2860.31
2954.00
3068.54
3003.61
2900.50
2779.89
2649.32
2488.64
2335.32
2218.35
2129.02
2083.65
2066.15
2083.73
2143.91
2255.77
2383.21
2533.10
2651.77
2742.00
2775.51
2726.48
2633.40
2585.30
2569.68
2673.08
2814.89
2797.60
2720.65
2640.55
2544.54
2423.84
2305.93
2200.89
2136.01
2117.40
2113.03
2120.43
2165.89
2257.56
2324.30
2384.56
2411.51
2435.03
2479.42
2584.74
2594.73
2593.48
2645.98
2778.97
2906.95
2895.01
2802.28
2709.00
2580.55
2437.72
2292.28
2188.40
2117.37
2092.74
2091.02
2145.14
2270.03
2451.85
2575.28
2621.98
2618.57
2616.53
2645.54
2707.76
2719.51
2728.82
2786.64
2921.93
3095.09
3055.03
2952.98
2843.25
2701.92
2530.33
2379.65
2282.47
2233.83
2217.17
2238.80
2318.68
2484.69
2744.47
2944.01
3008.81
3011.14
2915.83
2857.58
2867.20
2839.41
2875.44
2942.50
3072.12
3193.37
3130.66
3020.45
2888.71
2735.37
2562.70
2403.69
2298.38
2238.67
2209.24
2213.08
2276.62
2424.66
2671.40
2879.32
2996.04
3059.84
3054.28
3006.02
2929.35
2919.80
2961.15
2992.48
3101.20
3254.17
3210.74
3121.18
2997.37
2847.21
2679.01
2523.92
2424.14
2366.41
2346.44
2366.83
2434.84
2585.62
2839.68
3050.29
3165.09
3197.26
3179.88
3140.85
3142.65
3225.27
3221.68
3184.99
3225.71
3326.89
3258.51
3162.70
3034.18
2858.56
2656.88
2486.42
2369.85
2287.46
2252.29
2254.38
2308.98
2456.69
2704.52
2896.90
2984.27
3010.49
2922.09
2814.61
2794.21
2875.36
2922.17
2931.26
3006.70
3101.88
3033.49
2932.76
2820.98
2694.35
2543.14
2404.47
2306.49
2241.66
2217.06
2211.27
2240.21
2316.66
2432.35
2551.24
2663.06
2680.66
2677.73
2684.98
2695.20
2689.43
2727.08
2825.93
2992.92
3179.97
3194.30
3137.93
3073.07
2976.47
2843.73
2712.84
2617.41
2558.24
2522.56
2515.01
2531.40
2582.98
2664.07
2734.90
2781.25
2790.52
2804.38
2809.60
2820.38
2820.24
2845.95
2923.98
3077.05
3264.40
3269.59
3211.99
3120.19
2975.95
2796.16
2646.90
2550.71
2500.06
2487.66
2504.76
2579.21
2733.39
2983.64
3182.24
3242.09
3191.60
3122.52
3071.92
3036.20
3002.48
2993.71
3048.29
3179.76
3359.96
3309.17
3214.00
3084.74
2929.53
2740.04
2575.64
2460.49
2395.97
2376.26
2398.60
2471.27
2626.67
2885.79
3085.24
3140.69
3077.82
3065.93
3067.68
3046.87
3103.28
3119.61
3161.24
3250.35
3364.91
3304.38
3202.13
3065.95
2897.77
2701.57
2532.92
2410.77
2341.96
2323.45
2332.03
2393.24
2547.19
2784.29
2984.68
3108.71
3149.85
3171.54
3160.07
3151.29
3122.69
3085.30
3078.13
3160.21
3286.64
3232.43
3115.41
2980.26
2814.61
2622.33
2466.59
2352.67
2278.24
2255.00
2265.71
2336.04
2488.23
2744.46
2966.28
3107.89
3181.52
3216.65
3247.94
3260.75
3231.26
3188.17
3184.76
3245.22
3386.50
3368.86
3300.58
3188.05
3046.97
2891.49
2756.60
2665.71
2613.94
2608.70
2638.66
2723.16
2889.47
3172.08
3395.79
3537.52
3608.85
3599.74
3589.56
3568.81
3573.86
3537.79
3519.35
3545.83
3654.53
3612.96
3536.65
3414.61
3288.91
3129.45
2979.97
2868.89
2799.27
2769.82
2762.12
2783.37
2880.30
2982.72
3091.52
3180.92
3230.63
3239.65
3237.02
3202.31
3148.07
3125.62
3139.78
3242.71
3422.86
3442.40
3374.84
3314.82
3224.76
3074.15
2945.14
2843.59
2779.81
2755.90
2751.49
2777.56
2826.63
2924.87
3000.43
3063.00
3099.31
3105.99
3107.35
3111.74
3094.76
3101.33
3106.60
3214.61
3418.27
3430.96
3344.27
3235.44
3096.60
2918.17
2758.30
2645.34
2577.29
2553.56
2565.46
2625.67
2763.42
3006.67
3231.77
3371.61
3419.46
3456.75
3471.19
3461.46
3446.70
3411.29
3381.41
3404.75
3484.62
3412.65
3297.55
3151.41
2991.84
2824.34
2662.04
2534.20
2452.66
2431.56
2429.77
2477.15
2592.58
2776.36
2946.48
3085.41
3160.54
3210.65
3254.49
3267.45
3246.16
3207.01
3199.61
3254.05
3371.65
3321.53
3202.63
3055.67
2890.70
2695.22
2538.60
2423.32
2346.14
2322.39
2331.70
2401.31
2555.90
2803.88
3015.94
3131.92
3137.03
3124.32
3133.31
3135.02
3107.18
3097.58
3112.08
3174.22
3310.98
3271.93
3163.18
3022.96
2870.40
2691.03
2521.20
2410.63
2339.79
2314.91
2316.24
2383.20
2535.64
2781.16
2974.89
3083.17
3099.30
3031.34
3011.73
3015.17
3017.45
3044.43
3073.11
3116.89
3241.27
3237.70
3141.41
3022.36
2871.78
2696.01
2540.56
2440.04
2380.70
2360.64
2372.93
2433.09
2583.55
2820.26
3016.94
3136.57
3197.66
3229.01
3205.49
3175.72
3089.95
3053.73
3033.76
3059.22
3158.38
3112.70
2999.52
2873.11
2745.84
2606.40
2466.02
2361.56
2290.94
2258.41
2250.35
2277.15
2346.80
2474.64
2574.46
2636.41
2661.86
2667.39
2673.97
2657.15
2645.98
2612.80
2637.33
2740.77
2922.41
2965.01
2912.86
2831.68
2737.18
2613.47
2486.90
2387.95
2321.87
2290.39
2281.62
2305.26
2333.13
2441.26
2517.45
2621.35
2713.90
2819.60
2922.07
3018.36
3053.58
3057.81
3081.82
3141.35
3249.07
3211.10
3075.26
2983.99
2862.13
2730.97
2574.62
2454.75
2411.65
2414.99
2441.42
2520.06
2679.30
2921.49
3121.17
3222.27
3251.30
3254.96
3245.78
3224.81
3184.29
3142.80
3134.90
3198.04
3374.36
3392.14
3317.91
3190.18
3032.37
2850.32
2680.43
2567.78
2490.80
2460.30
2471.24
2529.85
2685.04
2921.06
3129.26
3244.42
3262.97
3272.81
3311.62
3356.85
3337.36
3304.47
3293.36
3354.08
3461.19
3406.06
3298.96
3154.55
2988.43
2800.99
2625.17
2520.85
2463.41
2453.65
2479.36
2555.84
2723.39
2970.53
3166.39
3238.35
3248.72
3224.06
3192.60
3182.78
3158.12
3115.09
3115.43
3187.19
3358.00
3373.65
3287.84
3169.18
3015.03
2823.84
2653.03
2535.22
2462.80
2437.39
2453.17
2514.01
2673.94
2931.21
3139.81
3204.29
3193.67
3170.46
3152.67
3150.24
3115.99
3077.66
3090.18
3165.06
3358.22
3371.88
3295.97
3192.20
3046.69
2874.95
2719.56
2620.62
2567.66
2561.35
2591.48
2672.27
2837.38
3093.37
3301.76
3378.74
3390.71
3364.79
3327.82
3285.12
3261.71
3260.93
3250.75
3274.63
3371.12
3342.99
3263.73
3150.69
3017.42
2861.29
2696.85
2604.13
2528.81
2496.43
2500.05
2535.79
2610.01
2726.04
2841.53
2928.94
3008.22
3029.61
3036.00
3014.55
2954.72
2913.94
2947.26
3021.01
3157.63
3169.69
3093.41
3001.22
2889.54
2746.00
2604.20
2498.99
2424.32
2388.88
2373.70
2384.08
2427.05
2505.33
2591.94
2705.24
2809.53
2879.40
2886.04
2870.63
2855.93
2843.09
2850.96
2913.98
3044.23
3071.21
2986.03
2885.52
2759.39
2624.70
2484.14
2384.15
2321.96
2305.36
2306.05
2356.91
2471.61
2625.85
2748.09
2867.27
2963.95
3047.05
3109.51
3120.43
3128.04
3114.17
3122.30
3202.15
3310.18
3272.49
3163.12
3038.45
2891.98
2706.69
2544.27
2426.77
2350.16
2316.79
2312.91
2360.20
2482.43
2689.48
2869.74
3007.26
3085.39
3080.95
3064.99
3057.01
3044.99
3016.77
3010.14
3044.22
3162.32
3139.17
3035.23
2905.80
2780.03
2639.99
2547.08
2394.08
2348.85
2337.51
2365.16
2435.53
2599.76
2838.41
2999.73
3050.65
3043.04
3044.42
3028.08
3003.55
2969.75
2965.54
3002.83
3091.66
3260.14
3294.75
3210.63
3106.42
2962.57
2790.63
2625.15
2515.57
2440.30
2413.50
2418.73
2479.30
2622.19
2858.14
3022.83
3131.36
3152.04
3163.50
3165.39
3178.74
3188.26
3169.45
3196.48
3248.56
3350.37
3332.64
3231.05
3104.32
2952.40
2775.78
2614.96
2496.04
2427.39
2410.84
2422.91
2488.25
2622.00
2829.60
2995.71
3138.06
3218.16
3264.86
3296.52
3289.76
3272.60
3243.75
3225.06
3238.17
3326.26
3301.00
3202.78
3080.29
2948.30
2788.00
2637.97
2528.88
2438.04
2410.00
2398.91
2414.83
2471.12
2566.01
2667.33
2774.96
2845.66
2879.69
2928.63
2949.90
2905.53
2857.06
2853.37
2919.96
3063.05
3132.13
3063.04
2979.38
2886.42
2771.83
2644.63
2545.10
2489.20
2461.14
2452.98
2478.63
2529.37
2610.46
2669.72
2720.20
2765.06
2791.51
2795.92
2786.12
2750.04
2726.35
2747.49
2845.74
3037.49
3142.71
3092.64
3013.51
2886.59
2735.96
2589.99
2508.01
2457.62
2456.16
2477.94
2537.99
2684.83
2912.92
3110.02
3239.73
3260.36
3192.21
3141.93
3145.69
3166.48
3130.51
3138.62
3192.36
3302.68
3242.81
3109.23
2953.01
2789.10
2618.81
2454.84
2350.11
2289.39
2262.76
2269.52
2329.60
2481.97
2713.67
2885.51
2963.35
2938.82
2872.15
2844.86
2803.13
2800.14
2777.09
2833.78
2911.63
3072.71
3076.73
2981.99
2868.01
2721.81
2546.37
2383.44
2269.71
2202.39
2178.51
2181.60
2242.84
2409.47
2633.87
2751.20
2782.28
2744.39
2709.09
2685.09
2655.53
2644.92
2672.97
2647.13
2728.96
2898.83
2947.31
2871.26
2759.84
2617.30
2439.29
2269.83
2155.10
2082.94
2050.86
2055.89
2124.84
2292.80
2523.46
2658.65
2695.86
2671.87
2651.30
2639.96
2628.37
2610.57
2617.48
2669.35
2772.51
2947.65
3001.56
2929.77
2831.05
2702.34
2530.13
2381.04
2288.54
2233.37
2218.76
2232.62
2303.79
2468.07
2704.56
2845.71
2853.38
2800.10
2757.05
2722.01
2691.76
2662.36
2649.32
2678.46
2786.59
2951.37
2988.18
2920.38
2820.08
2696.46
2541.75
2405.14
2315.62
2245.65
2210.34
2200.19
2221.25
2278.92
2374.52
2495.77
2637.38
2751.11
2791.63
2820.52
2836.49
2800.63
2749.19
2739.74
2744.24
2812.95
2848.25
2787.81
2705.88
2593.36
2465.72
2341.55
2240.41
2182.10
2133.59
2120.80
2139.49
2192.11
2263.39
2329.70
2415.97
2466.46
2510.84
2556.15
2570.50
2588.79
2579.78
2612.99
2699.32
2847.89
2905.55
2840.68
2738.02
2600.89
2434.96
2286.77
2186.25
2122.65
2099.20
2111.49
2171.46
2321.72
2555.95
2750.96
2851.17
2908.87
2931.23
2984.72
3002.54
2937.26
2879.23
2871.15
2850.27
3034.27
3116.28
3042.85
2945.81
2807.07
2653.57
2521.49
2440.24
2393.84
2406.61
2456.96
2564.16
2748.87
3014.93
3184.42
3227.47
3209.59
3169.39
3149.71
3130.62
3084.47
3062.39
3091.82
3187.86
3345.85
3392.47
3311.70
3208.91
3046.37
2850.60
2675.06
2560.20
2488.13
2459.94
2458.01
2512.93
2652.85
2884.68
3058.70
3095.30
2973.02
2860.89
2803.36
2769.55
2766.19
2780.10
2805.70
2898.04
3049.22
3077.10
2980.30
2857.96
2700.74
2514.92
2351.87
2241.36
2176.28
2153.99
2171.30
2240.20
2402.17
2636.04
2792.61
2823.60
2875.41
2862.20
2801.35
2777.60
2759.60
2730.94
2781.94
2894.49
3082.70
3164.64
3095.67
2990.39
2856.58
2697.22
2559.44
2468.63
2415.76
2397.49
2414.38
2482.60
2631.95
2859.25
3027.69
3083.68
3068.00
3040.32
3020.52
2964.14
2890.54
2861.12
2879.72
2967.49
3125.20
3173.51
3097.43
2989.95
2866.06
2714.52
2572.70
2476.90
2411.15
2390.68
2389.86
2422.91
2499.94
2586.03
2636.89
2661.36
2655.84
2634.87
2613.20
2584.89
2534.37
2525.05
2580.13
2694.86
2865.98
2986.29
2949.00
2882.07
2788.27
2664.38
2536.58
2440.17
2379.47
2350.29
2348.90
2376.62
2430.85
2497.71
2513.82
2517.11
2523.39
2522.30
2521.74
2516.07
2495.55
2500.95
2553.29
2679.29
2875.44
3011.12
2968.27
2881.75
2752.42
2589.84
2453.46
2370.43
2324.37
2314.57
2342.78
2426.89
2591.97
2815.03
2935.15
2933.81
2878.00
2824.60
2777.64
2750.04
2715.27
2699.27
2730.57
2832.31
3005.91
3094.41
3015.85
2906.55
2757.41
2578.59
2397.75
2283.44
2213.76
2187.02
2187.42
2246.95
2395.17
2611.33
2737.88
2728.91
2652.32
2587.00
2555.07
2539.01
2516.62
2514.16
2544.57
2632.29
2769.13
2854.38
2791.04
2682.83
2540.47
2371.90
2229.07
2134.75
2086.49
2069.43
2087.56
2160.91
2330.67
2551.07
2657.79
2653.25
2603.41
2552.00
2530.42
2518.27
2495.86
2503.73
2545.89
2632.55
2769.46
2872.73
2811.00
2698.86
2551.17
2385.40
2231.82
2130.37
2069.30
2047.25
2055.30
2114.80
2269.77
2474.99
2629.79
2690.65
2659.27
2700.43
2664.74
2600.85
2527.36
2525.72
2565.92
2604.96
2689.25
2755.68
2678.01
2559.55
2412.55
2248.80
2091.30
1984.67
1917.82
1880.17
1875.67
1921.23
2064.90
2264.31
2392.84
2409.21
2406.83
2394.24
2393.19
2392.72
2386.12
2395.38
2424.78
2496.61
2590.04
2647.46
2579.46
2480.46
2361.91
2241.32
2119.53
2035.37
1986.23
1970.87
1986.25
2043.17
2129.89
2215.46
2274.29
2308.26
2313.58
2310.16
2298.14
2275.69
2247.78
2246.79
2290.90
2392.66
2546.47
2677.60
2647.28
2576.61
2479.51
2363.53
2247.96
2153.24
2118.24
2083.24
2047.91
2044.21
2081.95
2150.67
2198.07
2215.89
2217.07
2244.21
2284.54
2385.18
2379.89
2458.13
2554.17
2554.36
2654.63
2783.99
2905.93
2875.20
2779.08
2640.62
2498.28
2402.51
2344.10
2341.10
2364.14
2445.92
2621.71
2882.89
3104.19
3191.21
3161.64
3103.87
3058.98
3026.04
2977.89
2931.67
2918.78
2973.46
3087.49
3173.10
3248.12
3162.34
3012.76
2837.75
2679.16
2562.08
2496.52
2470.28
2480.74
2538.81
2694.44
2947.48
3109.16
3149.88
3121.86
2997.97
2898.73
2891.40
2854.74
2804.85
2762.91
2821.48
2924.89
2983.73
3020.67
2933.91
2787.17
2596.40
2428.12
2314.14
2255.76
2230.78
2238.66
2297.89
2453.06
2690.57
2869.62
2883.64
2819.68
2722.95
2647.49
2587.75
2532.82
2496.68
2491.11
2536.99
2618.42
2676.59
2746.94
2682.82
2563.63
2402.90
2248.63
2145.78
2083.49
2060.42
2064.20
2118.83
2264.47
2505.91
2685.24
2801.50
2822.70
2821.68
2803.26
2816.58
2816.49
2790.81
2795.45
2823.78
2882.24
2881.71
2840.84
2727.65
2588.24
2432.23
2268.25
2173.62
2108.46
2083.97
2099.15
2165.60
2328.72
2582.19
2783.89
2826.78
2779.20
2727.98
2694.96
2661.70
2606.71
2565.92
2557.29
2595.84
2686.59
2751.28
2829.01
2767.10
2663.73
2528.11
2386.10
2286.28
2215.98
2183.35
2176.80
2203.25
2267.15
2378.89
2461.11
2477.34
2438.22
2382.07
2327.91
2272.94
2201.09
2166.29
2170.51
2231.95
2338.21
2435.17
2523.33
2494.28
2411.41
2299.02
2183.36
2097.50
2030.73
2003.79
1998.13
2016.68
2071.90
2151.23
2211.63
2225.22
2212.12
2190.72
2167.48
2152.22
2120.32
2102.07
2125.22
2203.36
2336.82
2446.75
2539.85
2501.23
2388.51
2245.38
2106.81
2017.85
1952.31
1940.53
1957.55
2029.57
2192.27
2430.26
2605.32
2623.81
2566.15
2505.76
2466.06
2442.90
2404.99
2378.92
2380.93
2437.18
2536.95
2586.66
2644.92
2571.03
2427.17
2257.59
2102.74
1999.30
1940.61
1921.13
1927.53
1985.83
2147.22
2393.14
2562.61
2575.02
2517.21
2461.07
2433.42
2417.67
2387.54
2366.80
2376.32
2430.26
2524.13
2555.19
2618.80
2543.56
2397.20
2226.56
2073.49
1960.41
1902.01
1878.07
1876.17
1931.47
2081.70
2315.73
2475.42
2545.36
2535.44
2497.23
2545.90
2528.73
2477.20
2447.92
2449.12
2530.69
2607.47
2630.74
2647.06
2556.27
2407.37
2238.42
2081.64
1968.19
1896.97
1866.38
1860.53
1901.70
2039.15
2276.63
2474.72
2590.74
2628.90
2645.19
2643.95
2645.32
2609.85
2545.53
2500.82
2511.35
2574.05
2592.06
2629.17
2554.31
2412.87
2237.07
2074.44
1962.60
1889.12
1849.13
1838.36
1872.85
1993.51
2210.48
2411.83
2553.74
2616.40
2636.98
2590.28
2649.73
2657.28
2584.67
2538.27
2523.07
2577.33
2571.20
2592.60
2503.09
2347.89
2192.91
2050.15
1940.10
1862.37
1821.78
1809.35
1823.45
1878.75
1966.63
2049.72
2109.87
2130.44
2125.81
2111.40
2114.22
2060.08
2042.44
2064.89
2152.14
2252.61
2330.56
2402.12
2377.39
2295.34
2186.27
2065.83
1963.79
1894.05
1859.03
1845.29
1852.55
1887.23
1955.32
2033.34
2155.83
2280.86
2372.34
2456.51
2521.93
2537.13
2549.67
2563.81
2590.87
2636.37
2646.31
2611.70
2512.74
2380.14
2215.40
2066.74
1965.48
1897.78
1869.54
1881.72
1947.21
2110.18
2351.66
2522.13
2589.79
2556.55
2522.27
2498.73
2504.61
2469.02
2393.52
2383.79
2439.31
2542.75
2596.42
2666.99
2611.79
2480.54
2304.78
2155.45
2056.19
2002.00
1984.41
1996.47
2062.02
2216.67
2458.03
2617.69
2607.96
2540.08
2470.33
2429.21
2409.31
2376.29
2342.96
2346.81
2400.62
2495.59
2547.55
2609.01
2552.00
2418.78
2252.17
2097.20
1983.49
1916.47
1888.12
1885.86
1932.80
2072.09
2293.29
2431.60
2500.53
2515.87
2500.72
2512.40
2549.62
2554.18
2534.32
2523.30
2528.77
2586.61
2600.89
2617.99
2517.15
2384.67
2216.57
2053.83
1948.47
1875.28
1843.03
1832.40
1867.83
1994.25
2224.62
2430.53
2585.55
2653.47
2683.74
2710.05
2683.30
2633.82
2579.66
2620.37
2682.46
2749.29
2730.90
2726.39
2668.80
2559.31
2401.91
2258.35
2144.94
2080.69
2054.70
2070.19
2134.22
2295.58
2524.79
2662.79
2700.28
2680.95
2616.20
2585.41
2560.07
2536.81
2518.51
2569.52
2642.68
2714.74
2724.13
2746.77
2708.41
2638.69
2501.56
2351.47
2236.62
2161.13
2125.92
2114.89
2137.41
2206.53
2303.25
2368.87
2397.00
2380.36
2341.75
2307.41
2271.27
2202.29
2170.60
2168.75
2222.75
2332.26
2431.67
2525.84
2525.32
2452.61
2339.38
2214.26
2119.36
2050.51
2019.16
2015.91
2034.84
2081.10
2150.07
2199.16
2211.83
2204.65
2179.01
2153.91
2124.43
2075.46
2038.43
2049.85
2112.28
2210.81
2310.92
2417.06
2423.60
2329.42
2191.72
2050.34
1949.74
1889.07
1872.01
1884.76
1942.88
2085.89
2332.36
2533.17
2658.33
2697.17
2666.30
2628.48
2675.48
2615.32
2553.91
2552.38
2584.11
2650.13
2663.40
2686.27
2606.78
2459.07
2282.56
2121.05
2008.75
1944.54
1914.03
1913.63
1962.83
2107.36
2344.18
2539.32
2602.62
2566.63
2472.55
2457.78
2406.43
2402.25
2350.19
2352.19
2408.03
2495.11
2538.53
2586.74
2528.97
2389.06
2214.42
2054.02
1945.32
1881.75
1852.19
1852.36
1909.01
2057.20
2270.01
2409.53
2445.53
2433.66
2463.52
2496.25
2529.29
2507.88
2479.04
2481.41
2460.61
2482.20
2516.47
2571.10
2531.50
2392.00
2216.55
2052.34
1940.17
1872.06
1837.15
1825.90
1871.89
2001.22
2218.20
2363.48
2401.59
2396.21
2336.51
2375.80
2364.83
2323.77
2297.26
2318.17
2370.84
2448.25
2477.19
2527.04
2495.88
2366.19
2194.52
2039.68
1933.53
1867.61
1839.47
1837.03
1883.06
2018.39
2237.00
2381.41
2416.92
2407.34
2380.86
2372.24
2354.68
2341.70
2329.58
2343.81
2395.87
2449.08
2436.56
2468.39
2426.69
2308.31
2154.71
2015.64
1912.84
1837.87
1801.07
1783.75
1794.58
1847.14
1923.25
2008.86
2103.17
2141.90
2161.35
2162.13
2162.27
2148.82
2174.45
2215.14
2265.32
2332.93
2378.52
2432.71
2402.40
2305.45
2174.02
2033.74
1920.92
1841.99
1804.41
1779.20
1756.69
1779.43
1832.94
1912.23
2017.75
2116.77
2184.80
2273.10
2339.13
2349.72
2315.98
2287.47
2320.57
2415.97
2472.63
2513.46
2464.77
2338.42
2176.82
2029.07
1922.92
1860.52
1832.71
1835.71
1888.22
2032.42
2250.38
2443.23
2539.41
2597.72
2611.15
2615.88
2591.89
2580.58
2593.03
2605.67
2603.89
2599.04
2592.07
2640.99
2600.45
2462.20
2285.64
2122.78
2017.16
1950.98
1913.76
1908.61
1956.05
2099.11
2311.72
2445.32
2511.73
2584.82
2563.63
2499.41
2473.20
2367.26
2330.20
2340.50
2402.60
2477.60
2505.12
2544.51
2511.66
2375.73
2200.62
2039.30
1931.30
1861.64
1832.56
1826.96
1872.09
2016.91
2218.23
2356.40
2408.69
2378.41
2338.25
2323.50
2320.43
2298.42
2288.76
2306.61
2363.74
2451.26
2480.98
2527.91
2497.89
2365.16
2190.62
2030.90
1920.88
1853.72
1826.49
1821.49
1866.00
2006.36
2202.94
2364.37
2442.51
2503.28
2551.89
2573.93
2599.00
2571.94
2542.85
2550.12
2582.33
2642.20
2641.19
2641.35
2572.57
2435.59
2275.85
2115.93
2002.12
1935.51
1909.19
1920.33
1968.33
2107.76
2336.68
2572.74
2737.45
2844.33
2892.10
2919.47
2923.88
2908.05
2896.10
2874.04
2872.67
2872.78
2806.30
2781.01
2731.60
2600.22
2431.14
2273.63
2155.54
2079.89
2037.36
2013.84
2028.76
2084.50
2165.29
2273.15
2393.84
2488.23
2543.64
2541.13
2451.93
2347.79
2314.70
2327.46
2373.13
2422.26
2461.30
2496.97
2475.92
2378.43
2259.45
2128.83
2021.37
1949.55
1912.17
1894.91
1903.31
1940.39
1990.72
2022.72
2044.36
2056.27
2054.19
2074.20
2100.41
2135.78
2129.22
2112.40
2159.55
2243.07
2310.94
2368.36
2375.24
2286.55
2149.20
2019.07
1917.73
1859.24
1836.96
1842.22
1891.50
2015.62
2164.78
2257.46
2287.31
2290.70
2287.18
2318.51
2354.56
2369.79
2334.25
2366.45
2386.89
2455.21
2465.98
2481.68
2440.10
2311.02
2158.43
2011.69
1905.28
1836.01
1805.61
1803.60
1847.58
1982.01
2150.76
2281.41
2337.17
2340.87
2337.82
2341.15
2387.13
2440.39
2429.30
2506.19
2523.31
2530.97
2499.19
2510.07
2477.37
2338.73
2171.73
2009.30
1894.69
1818.54
1783.51
1780.15
1817.05
1954.21
2117.17
2261.65
2336.47
2353.59
2355.57
2395.34
2443.12
2502.49
2517.15
2514.46
2549.11
2585.68
2558.43
2534.55
2461.79
2332.06
2186.89
2055.38
1967.32
1911.13
1895.13
1910.59
1968.28
2119.36
2317.33
2450.27
2519.42
2530.53
2538.55
2581.24
2575.89
2556.57
2552.40
2553.22
2561.12
2598.70
2608.55
2664.70
2656.14
2536.45
2368.66
2209.15
2103.30
2038.57
2012.78
2017.05
2069.32
2205.66
2374.43
2477.33
2495.98
2462.29
2433.09
2420.68
2390.83
2343.11
2292.38
2286.47
2333.39
2389.81
2418.75
2451.30
2441.66
2343.67
2204.93
2067.76
1966.58
1891.08
1855.78
1842.95
1853.52
1900.85
1965.85
2015.08
2054.85
2072.91
2075.02
2071.87
2067.42
2049.25
2045.58
2068.59
2118.27
2200.41
2253.05
2299.26
2307.22
2226.58
2100.31
1977.11
1875.46
1800.04
1759.05
1738.94
1740.27
1763.92
1811.11
1894.93
2015.01
2131.61
2215.77
2253.97
2291.93
2265.66
2199.07
2221.55
2283.42
2352.06
2371.56
2394.65
2394.74
2289.83
2136.37
1988.97
1886.06
1824.41
1797.54
1802.82
1855.05
1995.51
2197.13
2340.31
2377.51
2360.58
2330.96
2317.35
2309.85
2282.13
2257.02
2271.27
2327.53
2423.25
2459.47
2494.78
2493.67
2361.15
2193.26
2041.23
1931.73
1874.00
1847.52
1849.34
1897.50
2022.77
2246.02
2437.03
2529.38
2549.59
2542.83
2508.27
2445.71
2401.09
2362.93
2319.17
2370.04
2463.23
2479.24
2500.08
2487.19
2354.87
2174.27
2009.24
1894.35
1817.60
1778.27
1767.31
1797.46
1922.12
2130.11
2341.12
2475.99
2504.74
2436.97
2440.64
2429.76
2349.22
2335.67
2391.74
2458.54
2541.06
2548.82
2548.33
2473.87
2335.12
2177.64
2024.41
1914.78
1845.98
1810.16
1805.09
1840.62
1973.86
2181.59
2369.74
2473.43
2563.81
2625.87
2665.27
2670.26
2676.25
2663.57
2666.46
2673.36
2703.24
2660.25
2625.55
2542.47
2408.30
2238.14
2075.94
1960.93
1889.85
1849.39
1840.01
1875.88
2011.95
2205.46
2372.11
2421.52
2472.58
2486.39
2475.70
2470.91
2428.13
2376.07
2346.47
2377.09
2410.34
2411.07
2431.49
2424.98
2321.26
2186.07
2049.19
1943.92
1873.60
1836.16
1824.29
1837.35
1894.65
1959.37
2076.85
2156.98
2075.87
2063.32
2052.08
2036.84
2009.76
1997.90
2010.88
2075.54
2171.04
2244.81
2275.33
2310.77
2234.32
2117.21
1989.26
1888.88
1821.55
1782.45
1768.18
1767.89
1798.70
1844.25
1895.39
1924.59
2014.48
2054.51
2103.22
2136.33
2165.77
2186.15
2208.46
2219.81
2296.69
2347.87
2394.72
2398.51
2281.08
2125.46
1974.82
1864.78
1799.98
1764.09
1759.78
1794.51
1916.27
2122.91
2319.42
2388.42
2407.99
2377.09
2358.71
2356.64
2354.96
2370.35
2443.30
2456.98
2483.36
2475.87
2490.63
2454.85
2318.17
2144.07
1977.69
1870.06
1806.37
1775.89
1775.03
1813.86
1938.59
2162.90
2393.90
2516.77
2585.77
2616.20
2642.77
2625.69
2556.32
2515.78
2499.15
2486.98
2513.38
2529.15
2545.06
2504.66
2369.73
2195.26
2022.61
1915.87
1842.12
1810.74
1813.24
1857.66
1983.37
2204.49
2437.49
2554.79
2598.48
2612.97
2660.23
2665.86
2657.34
2640.93
2620.27
2634.68
2686.89
2644.86
2611.45
2546.66
2404.34
2230.82
2061.45
1949.90
1881.43
1842.38
1836.90
1879.05
2006.65
2197.93
2338.39
2375.26
2361.64
2355.69
2351.56
2319.38
2294.93
2291.36
2317.34
2372.26
2426.15
2433.32
2450.05
2468.62
2343.58
2168.67
2005.33
1882.82
1814.16
1784.01
1792.99
1831.97
1950.25
2131.94
2272.46
2319.13
2313.63
2295.60
2295.70
2300.41
2298.90
2323.38
2320.67
2338.47
2405.86
2396.03
2410.08
2411.28
2324.43
2181.06
2040.79
1930.28
1859.12
1818.91
1806.92
1818.47
1863.11
1935.68
2008.21
2123.37
2190.89
2224.87
2219.10
2183.12
2162.97
2141.42
2133.21
2163.87
2229.00
2293.15
2328.38
2341.70
2260.36
2141.38
2006.38
1906.56
1836.23
1797.35
1783.01
1789.26
1810.45
1854.79
1895.44
1938.60
1968.42
1977.42
1987.99
2001.62
2002.32
2013.13
2082.19
2152.52
2210.88
2281.26
2333.41
2346.69
2249.50
2093.63
1948.06
1847.94
1783.93
1759.34
1760.19
1801.85
1938.97
2148.22
2363.37
2407.28
2439.67
2511.66
2515.05
2454.29
2454.54
2433.15
2444.75
2466.05
2529.14
2514.55
2499.09
2485.69
2357.82
2178.56
2012.74
1899.12
1825.98
1795.49
1787.14
1820.42
1946.98
2146.88
2297.01
2333.06
2338.66
2318.98
2326.29
2330.99
2311.78
2321.74
2345.46
2385.61
2437.23
2443.73
2465.70
2463.75
2348.25
2170.77
1999.03
1884.93
1817.81
1782.11
1780.75
1832.91
1960.21
2159.34
2304.55
2345.48
2340.44
2333.58
2326.03
2369.15
2448.58
2434.00
2424.62
2461.38
2483.01
2480.81
2478.99
2476.15
2356.70
2168.39
2000.55
1888.93
1815.16
1778.30
1773.92
1814.67
1929.34
2133.36
2285.50
2351.06
2359.36
2387.49
2483.15
2510.65
2472.72
2440.24
2422.94
2453.49
2507.69
2493.70
2474.10
2469.06
2356.27
2176.63
2005.96
1888.42
1814.76
1775.42
1765.13
1798.93
1907.18
2101.81
2264.38
2357.76
2395.14
2405.94
2419.92
2452.33
2513.57
2523.80
2521.05
2517.48
2550.29
2517.84
2484.32
2467.22
2362.41
2203.41
2049.45
1933.76
1846.01
1802.26
1773.06
1774.55
1799.70
1859.88
1961.06
2071.17
2147.36
2187.10
2250.54
2292.13
2253.41
2225.29
2214.91
2284.52
2355.71
2386.70
2384.42
2390.29
2312.70
2179.64
2037.37
1922.22
1836.37
1783.16
1754.92
1752.85
1759.52
1796.96
1880.56
2000.41
2086.53
2119.10
2148.17
2243.49
2267.41
2252.54
2295.27
2322.89
2404.93
2458.48
2438.67
2430.00
2338.64
2174.65
2017.24
1898.65
1822.87
1780.45
1773.19
1806.01
1902.48
2102.32
2294.98
2407.19
2469.08
2504.12
2540.76
2586.30
2604.55
2571.90
2592.05
2643.82
2670.70
2637.36
2609.16
2591.38
2456.11
2266.08
2079.31
1943.91
1857.64
1810.56
1789.27
1814.87
1920.34
2135.32
2327.75
2435.88
2502.36
2564.18
2633.42
2694.78
2742.15
2767.00
2805.86
2858.25
2901.92
2847.45
2802.11
2784.36
2656.11
2452.58
2250.47
2107.01
1997.57
1940.83
1917.01
1939.01
2036.23
2236.67
2445.85
2533.73
2553.28
2582.08
2626.44
2646.56
2648.65
2656.69
2697.91
2738.38
2766.17
2705.76
2667.29
2652.47
2521.72
2331.18
2125.20
1980.58
1887.26
1832.26
1808.27
1829.19
1919.93
2126.32
2333.24
2454.05
2504.71
2538.51
2571.05
2592.87
2609.88
2611.50
2634.74
2685.18
2723.85
2669.94
2616.65
2596.13
2486.14
2301.12
2111.81
1982.03
1889.58
1834.49
1815.14
1843.14
1938.91
2146.77
2340.32
2454.10
2516.51
2586.35
2645.44
2753.71
2743.03
2723.28
2813.74
2900.21
2945.90
2879.36
2787.52
2726.56
2591.05
2417.78
2239.37
2099.42
1998.71
1935.44
1901.36
1896.44
1910.98
1978.16
2091.48
2214.50
2339.85
2532.58
2646.85
2727.30
2876.03
2930.56
2999.77
3079.29
3127.17
3155.08
3103.34
3044.91
2943.00
2795.56
2617.42
2457.75
2328.78
2233.06
2178.71
2149.94
2131.14
2182.13
2325.98
2499.59
2658.82
2807.87
2958.25
3105.15
3266.97
3332.82
3240.76
3294.43
3198.08
3103.25
2931.66
2840.63
2698.49
2482.38
2268.27
2117.80
2013.22
1953.06
1915.00
1932.77
2013.54
2212.16
2390.65
2491.94
2528.61
2552.54
2563.44
2581.32
2568.40
2555.71
2577.30
2644.45
2695.41
2651.13
2594.87
2535.17
2405.86
2213.97
2033.87
1910.65
1832.09
1790.34
1775.96
1809.20
1900.97
2099.15
2283.44
2386.74
2434.38
2489.29
2534.22
2588.11
2635.08
2691.21
2776.08
2861.67
2941.13
2879.14
2800.00
2767.32
2632.50
2424.76
2223.35
2084.29
1988.85
1939.10
1932.85
1969.89
2067.99
2305.33
2546.99
2744.26
2901.36
3045.66
3221.71
3406.84
3586.20
3733.58
3875.82
3955.56
3972.07
3858.71
3736.87
3561.56
3280.67
2995.07
2747.30
2563.58
2437.01
2355.53
2314.51
2325.66
2415.15
2622.43
2822.67
2951.80
2980.76
3010.82
3084.00
3157.33
3188.54
3225.86
3283.47
3327.70
3324.46
3202.18
3076.21
2983.34
2824.42
2571.62
2319.79
2136.72
2012.63
1934.52
1896.92
1912.44
1988.52
2151.25
2303.10
2419.30
2427.43
2430.92
2442.52
2472.11
2468.40
2446.66
2480.88
2469.23
2476.60
2438.75
2414.59
2376.63
2269.61
2138.23
2004.73
1908.69
1835.95
1795.74
1782.78
1791.00
1823.18
1896.33
2015.93
2152.67
2241.61
2317.30
2369.70
2381.61
2346.46
2318.19
2325.89
2323.42
2335.40
2331.04
2325.91
2311.93
2241.82
2123.71
2006.72
1903.83
1829.92
1790.99
1763.67
1774.75
1805.13
1850.50
1936.62
2065.04
2152.97
2225.50
2299.28
2341.55
2344.37
2327.43
2319.37
2345.62
2368.43
2367.43
2346.23
2328.99
2260.53
2143.85
2012.70
1913.44
1845.60
1809.58
1802.39
1826.66
1874.76
1969.26
2056.01
2140.96
2206.46
2283.55
2329.85
2371.56
2369.94
2360.14
2402.88
2419.08
2464.11
2447.63
2412.09
2399.22
2325.98
2172.21
2006.23
1887.99
1815.13
1783.52
1779.04
1812.39
1925.52
2133.28
2316.43
2397.59
2482.22
2511.89
2531.26
2619.46
2623.30
2568.16
2601.29
2640.55
2710.62
2703.21
2661.03
2639.33
2533.66
2340.90
2147.09
2003.26
1911.65
1858.48
1843.03
1863.12
1950.40
2167.66
2363.57
2486.28
2579.30
2652.47
2721.71
2803.54
2884.42
2915.95
2968.19
3024.92
3052.75
2956.89
2899.74
2869.93
2739.46
2532.40
2335.80
2179.52
2070.16
1992.12
1955.08
1974.53
2067.91
2266.82
2467.82
2600.11
2712.07
2773.96
2797.22
2833.79
2921.06
3023.56
3053.38
3087.46
3082.17
3027.67
2998.42
2976.15
2856.66
2670.77
2500.69
2355.08
2242.60
2176.76
2147.64
2169.85
2279.18
2511.57
2749.92
2911.22
3034.38
3121.89
3178.45
3225.61
3246.57
3334.84
3327.44
3267.04
3189.30
3075.92
3010.41
2953.73
2856.09
2670.27
2469.53
2306.63
2186.54
2115.43
2073.00
2061.04
2072.87
2171.66
2341.60
2543.67
2720.36
2884.10
3033.88
3153.86
3251.48
3400.50
3533.07
3635.64
3730.74
3710.94
3600.96
3522.34
3409.45
3199.50
2970.90
2767.52
2608.02
2486.89
2401.84
2341.56
2304.68
2384.21
2559.58
2770.37
2991.91
3190.79
3390.90
3556.51
3668.06
3774.03
3893.92
4001.30
4039.11
4041.40
3976.96
3924.34
3788.53
3536.79
3252.35
3036.91
2868.56
2757.93
2690.17
2680.31
2758.05
3032.54
3352.04
3622.32
3870.32
4096.18
4300.07
4444.29
4530.04
4612.77
4721.37
4767.63
4794.58
4709.19
4585.12
4444.23
4238.97
3926.69
3602.25
3350.69
3156.99
3037.15
2964.57
2954.97
3041.46
3315.11
3641.41
3932.36
4174.84
4361.39
4539.32
4714.53
4845.20
4923.52
4898.70
4795.44
4663.32
4492.23
4309.79
4176.61
4000.84
3707.44
3413.49
3194.74
3047.48
2960.83
2903.59
2920.58
3029.15
3281.09
3536.73
3731.71
3844.17
4003.65
4196.45
4393.22
4484.12
4562.48
4643.63
4673.84
4630.44
4408.54
4211.45
4056.34
3848.84
3490.45
3121.96
2829.27
2619.85
2485.79
2401.48
2381.46
2452.03
2638.27
2846.22
2944.72
2993.22
2990.66
2968.65
2964.17
3004.31
3001.32
2985.76
2987.71
2983.98
2922.19
2822.15
2737.95
2640.77
2451.77
2257.60
2107.26
2005.56
1943.98
1915.27
1944.38
2040.23
2229.19
2402.62
2501.99
2572.69
2602.83
2646.72
2647.66
2678.09
2717.37
2731.98
2709.24
2701.78
2633.96
2588.05
2563.04
2488.79
2356.48
2209.23
2096.35
2010.74
1962.03
1935.01
1938.86
1964.91
2027.60
2122.60
2238.61
2346.75
2411.91
2397.70
2396.96
2385.66
2421.58
2465.31
2534.12
2599.30
2636.23
2608.53
2583.77
2541.27
2419.31
2273.80
2145.14
2046.68
1982.77
1942.53
1922.82
1910.38
1974.91
2085.25
2227.90
2358.20
2468.02
2584.88
2674.51
2731.83
2795.08
2896.29
3020.50
3105.08
3128.36
3058.50
2979.49
2885.27
2678.00
2456.05
2283.14
2154.01
2078.53
2043.39
2064.53
2143.60
2364.46
2585.90
2772.06
2873.72
2904.75
2927.86
2929.29
2903.92
2905.76
2868.10
2914.87
2955.66
2904.51
2829.11
2772.76
2665.24
2504.98
2333.28
2204.06
2113.44
2070.82
2054.86
2093.38
2205.88
2438.14
2667.04
2804.70
2887.72
2940.41
3008.25
3023.69
3052.43
3114.12
3147.70
3219.03
3302.28
3213.65
3100.95
3007.37
2885.19
2671.05
2445.54
2277.66
2168.62
2093.07
2050.87
2055.03
2129.70
2323.52
2499.14
2591.02
2658.75
2702.58
2741.10
2752.36
2774.63
2810.68
2872.26
2930.60
2961.31
2913.22
2828.99
2754.05
2658.49
2465.60
2260.00
2111.69
2005.22
1937.11
1904.53
1924.27
2007.29
2211.97
2405.27
2543.79
2621.28
2665.01
2703.88
2754.74
2791.26
2848.94
2936.53
3022.72
3059.56
2994.88
2909.36
2824.03
2722.32
2529.15
2323.76
2162.67
2047.23
1977.56
1940.40
1956.14
2040.57
2234.94
2436.79
2582.62
2696.58
2767.24
2842.40
2906.22
2978.39
3077.12
3158.92
3266.46
3337.83
3235.11
3088.32
3011.30
2919.96
2749.54
2565.41
2409.87
2291.10
2224.13
2183.51
2170.03
2168.90
2248.00
2371.57
2542.66
2704.20
2827.53
3018.61
3186.75
3337.59
3454.98
3530.87
3593.53
3562.67
3461.33
3361.01
3326.40
3250.40
3054.19
2834.70
2659.86
2506.68
2418.25
2351.08
2320.10
2301.45
2334.04
2461.82
2641.44
2817.08
2974.15
3120.07
3242.00
3329.74
3430.38
3539.91
3632.39
3710.55
3742.97
3692.96
3607.74
3527.31
3313.26
3070.03
2869.14
2729.93
2633.42
2579.33
2595.02
2685.08
2950.24
3217.94
3463.09
3703.57
3921.80
4114.15
4227.60
4354.92
4461.30
4491.15
4442.33
4378.06
4229.00
4082.33
3965.84
3824.79
3569.59
3269.46
3008.39
2845.51
2735.01
2696.00
2711.93
2816.30
3046.42
3301.31
3528.92
3740.51
3894.43
4039.74
4137.71
4037.27
3865.80
3594.07
3413.68
3345.45
3250.61
3129.40
3052.16
2913.99
2726.11
2479.63
2304.79
2167.34
2069.75
2024.23
2027.96
2106.72
2282.23
2442.15
2558.09
2603.68
2633.37
2687.24
2744.54
2785.33
2830.35
2877.19
2924.47
2962.19
2918.81
2847.13
2764.69
2676.76
2507.80
2301.57
2145.63
2039.08
1972.08
1945.52
1962.32
2047.65
2252.12
2465.23
2622.40
2710.92
2760.36
2803.71
2844.89
2879.62
2901.47
2937.60
2978.85
2994.11
2911.56
2807.73
2722.68
2645.94
2496.31
2317.50
2186.30
2092.31
2039.86
2014.82
2042.67
2137.93
2340.86
2531.15
2683.30
2762.83
2828.05
2877.95
2890.66
2864.81
2852.16
2857.82
2885.51
2879.94
2811.82
2754.32
2710.34
2648.22
2529.69
2387.92
2248.79
2143.07
2084.58
2066.48
2080.44
2118.12
2221.07
2361.49
2525.48
2712.32
2880.47
3077.07
3192.58
3300.16
3359.14
3417.70
3460.46
3448.96
3407.66
3353.44
3323.72
3259.13
3116.28
2939.43
2779.01
2658.16
2572.06
2518.48
2496.57
2498.09
2572.33
2695.75
2868.83
3079.35
3269.05
3427.77
3579.20
3710.21
3791.45
3909.62
4035.40
4113.69
4079.67
4010.62
3942.54
3859.48
3629.26
3355.91
3122.70
2946.53
2860.09
2809.44
2830.01
2929.23
3183.12
3505.89
3811.11
4082.55
4321.02
4520.69
4704.62
4871.29
4970.89
5032.61
5026.01
5048.24
4966.29
4849.02
4726.52
4570.06
4260.53
3917.47
3662.79
3464.31
3325.71
3235.18
3214.34
3305.04
3571.12
3904.16
4209.32
4448.84
4634.47
4809.23
4971.06
5085.08
5168.03
5217.60
5192.35
5072.23
5026.71
4951.55
4817.18
4595.64
4251.07
3906.05
3641.70
3449.91
3319.22
3229.48
3212.95
3292.57
3554.32
3861.91
4150.34
4375.31
4567.94
4755.28
4907.23
5035.63
5129.48
5159.71
5220.14
5188.61
4609.27
4344.86
4213.65
3970.24
3710.36
3434.01
3212.91
3052.58
2950.69
2898.76
2904.72
2993.77
3186.76
3401.33
3541.97
3642.89
3752.43
3774.56
3889.80
3877.29
3842.61
3793.52
3747.51
3717.74
3594.53
3489.37
3404.65
3236.96
3012.07
2797.18
2627.36
2509.30
2439.42
2405.35
2422.55
2511.75
2682.26
2796.82
2871.18
2908.24
2889.51
2866.93
2818.84
2790.00
2742.66
2700.72
2678.12
2668.25
2590.50
2520.80
2470.71
2388.27
2265.50
2131.07
2023.68
1950.92
1899.95
1873.70
1874.54
1897.76
1953.23
2045.88
2172.12
2270.80
2334.71
2367.91
2352.23
2343.43
2326.45
2305.80
2329.77
2362.55
2363.75
2344.69
2319.23
2254.13
2150.88
2037.74
1941.38
1876.67
1835.00
1811.91
1805.97
1813.31
1849.01
1918.17
2002.83
2079.12
2148.56
2193.75
2198.99
2208.79
2232.16
2224.07
2204.70
2237.67
2270.37
2272.59
2276.36
2244.55
2160.88
2051.05
1954.10
1874.16
1831.01
1820.38
1839.06
1876.88
1955.10
2038.87
2133.29
2171.99
2214.02
2258.83
2365.51
2441.50
2484.80
2542.15
2639.68
2748.14
2766.30
2740.40
2726.66
2670.71
2540.83
2380.80
2261.93
2184.10
2140.07
2125.67
2172.48
2279.57
2506.22
2736.80
2916.22
3027.28
3160.22
3316.61
3388.77
3616.43
3861.91
4008.01
4180.99
4177.39
3828.59
3616.49
3443.20
3301.48
3077.53
2842.49
2658.75
2532.24
2461.55
2426.77
2446.04
2530.12
2754.13
3032.88
3273.00
3477.45
3662.16
3840.43
3992.50
4126.32
4220.64
4308.22
4370.40
4368.48
4175.25
3928.97
3721.95
3551.04
3293.91
3015.73
2731.79
2537.11
2415.07
2350.25
2342.22
2387.76
2546.00
2706.37
2835.92
2924.73
2980.70
3000.70
3015.33
3029.85
3003.71
2973.89
2951.42
2937.38
2861.85
2789.47
2745.93
2652.88
2501.69
2345.58
2209.44
2118.96
2071.04
2053.35
2075.73
2181.04
2375.13
2582.71
2763.17
2883.38
2977.12
3059.55
3089.08
3067.33
2996.46
2983.98
2947.73
2972.26
3009.14
3000.22
2938.27
2874.60
2731.56
2583.78
2459.04
2364.86
2296.16
2236.51
2200.71
2197.23
2263.00
2358.47
2478.21
2568.40
2607.30
2620.88
2650.72
2690.24
2658.16
2672.08
2669.40
2662.62
2672.03
2659.18
2638.59
2591.55
2461.51
2324.18
2189.68
2098.49
2028.67
1988.30
1972.22
1960.87
2029.35
2144.01
2307.37
2456.65
2528.77
2669.52
2794.58
2878.80
2965.19
3048.84
3079.34
3115.71
3123.66
3086.59
3052.00
2985.80
2810.91
2620.08
2473.89
2363.53
2306.37
2287.92
2319.26
2417.58
2599.96
2785.08
2920.69
3006.56
3046.79
3063.65
3093.57
3088.97
3041.07
3009.04
2992.45
2993.55
2914.05
2857.02
2805.40
2713.96
2558.00
2375.02
2232.12
2131.97
2070.87
2055.46
2088.59
2201.52
2409.40
2600.42
2742.11
2832.47
2901.27
2967.71
2981.91
2967.32
2965.65
2945.65
2934.87
2946.14
2888.48
2843.85
2819.26
2725.32
2570.91
2394.69
2258.58
2172.04
2123.50
2112.52
2150.36
2267.49
2486.19
2702.26
2882.68
2986.28
3064.91
3143.69
3238.65
3273.80
3308.97
3340.45
3479.91
3620.59
3575.01
3455.27
3373.34
3287.64
3114.06
2909.03
2715.02
2553.50
2438.76
2388.19
2390.01
2477.03
2716.16
2985.48
3188.40
3339.82
3497.58
3663.17
3819.73
3946.44
4009.51
4061.70
4102.30
4103.86
3974.02
3824.46
3710.84
3592.26
3378.15
3137.43
2940.90
2783.38
2685.94
2638.21
2647.21
2756.79
3007.63
3315.23
3586.16
3829.99
4044.33
4205.98
4359.43
4502.60
4600.32
4566.28
4438.84
4411.03
4232.96
4047.85
3912.58
3735.36
3494.33
3253.91
3046.36
2885.39
2772.13
2688.99
2621.33
2592.29
2619.78
2724.64
2903.35
3074.03
3138.72
3201.55
3267.53
3353.00
3433.41
3506.64
3545.20
3418.39
3294.99
3155.49
3081.19
2978.84
2837.46
2682.85
2545.70
2443.66
2372.50
2331.64
2320.29
2335.66
2390.50
2483.65
2597.53
2726.85
2801.59
2846.19
2886.63
2886.60
2872.11
2856.39
2868.49
2899.58
2894.94
2866.53
2847.82
2766.93
2633.94
2470.65
2335.99
2247.04
2201.81
2193.53
2242.68
2373.66
2586.03
2787.62
2917.95
2996.65
3041.23
3064.92
3096.88
3122.85
3093.75
3095.45
3110.79
3130.14
3110.93
3078.59
3058.09
2985.31
2810.44
2616.69
2455.17
2337.54
2259.48
2221.41
2245.83
2345.92
2569.08
2804.89
2989.93
3149.72
3295.21
3431.46
3590.47
3740.75
3876.79
3989.05
4073.48
4096.87
3997.73
3889.55
3797.21
3635.69
3397.91
3145.29
2915.78
2636.93
2501.75
2434.73
2439.48
2520.25
2725.11
2946.20
3142.05
3250.82
3317.27
3422.52
3525.50
3609.60
3697.43
3745.04
3738.00
3785.86
3699.93
3559.20
3422.70
3217.02
2936.64
2667.26
2467.61
2322.18
2233.42
2183.40
2193.43
2270.10
2455.10
2667.17
2814.32
2905.40
2982.82
3056.40
3135.67
3240.25
3341.60
3441.60
3457.82
3422.72
3336.40
3234.39
3164.28
3049.39
2869.88
2664.26
2491.74
2360.85
2271.62
2221.04
2224.90
2298.58
2470.05
2679.42
2836.40
2950.52
3050.76
3122.05
3207.93
3264.33
3334.00
3338.91
3345.16
3357.27
3223.33
3100.79
3005.59
2893.11
2716.92
2537.26
2367.12
2242.95
2151.79
2086.13
2065.44
2074.68
2141.48
2264.48
2413.74
2524.89
2618.18
2689.98
2752.32
2793.33
2853.66
2917.48
2995.36
3048.14
3034.20
2937.35
2880.15
2820.91
2685.42
2527.67
2382.95
2275.07
2210.35
2176.50
2165.94
2182.56
2245.11
2346.32
2474.54
2565.96
2651.28
2742.68
2725.70
2751.29
2771.51
2790.78
2845.86
2912.75
2957.82
2978.76
2992.44
2941.20
2800.32
2642.93
2508.65
2416.25
2359.55
2318.89
2364.29
2480.49
2690.48
2948.98
3168.48
3368.90
3537.90
3700.88
3837.21
3966.81
4055.53
4118.64
4163.27
4165.30
4026.68
3897.91
3774.10
3593.55
3332.87
3042.54
2823.34
2654.60
2541.90
2480.24
2469.94
2548.47
2735.96
2986.53
3190.74
3350.06
3492.35
3650.15
3827.88
3961.70
4072.05
4136.69
4191.63
4163.13
3993.72
3739.17
3478.31
3301.25
3070.79
2826.06
2642.28
2501.79
2405.30
2356.33
2367.50
2482.18
2671.50
2845.66
2952.06
2978.79
2991.70
3015.18
3035.81
3051.18
3066.17
3136.76
3186.97
3211.40
3118.95
3028.03
2952.13
2852.42
2660.08
2452.98
2295.75
2193.60
2150.44
2136.17
2173.05
2296.52
2498.46
2709.56
2892.82
3005.21
3129.62
3194.19
3276.51
3373.47
3299.80
3242.70
3162.69
3123.35
3046.93
2992.87
2946.55
2843.00
2697.54
2540.83
2419.48
2318.50
2234.43
2215.39
2223.83
2299.63
2481.39
2702.07
2864.24
2972.40
3046.81
3133.60
3201.58
3252.83
3284.14
3252.48
3270.78
3253.34
3062.52
2929.58
2837.03
2706.70
2524.71
2334.15
2183.16
2061.92
1976.73
1930.77
1915.14
1931.80
1988.74
2081.60
2184.82
2246.64
2293.26
2332.01
2366.20
2400.49
2469.09
2549.59
2619.97
2671.99
2675.06
2630.91
2600.78
2529.97
2385.62
2239.68
2108.57
2010.72
1949.39
1911.34
1891.83
1896.63
1931.23
2020.92
2139.11
2242.34
2361.55
2412.84
2458.14
2530.12
2612.96
2706.57
2806.80
2833.56
2813.21
2805.40
2811.38
2732.83
2582.84
2420.25
2282.28
2183.91
2130.68
2110.04
2154.29
2286.32
2477.14
2693.00
2839.31
2924.26
3015.58
3071.68
3125.73
3147.60
3193.26
3257.69
3311.59
3363.14
3285.74
3167.62
3076.22
2939.72
2730.50
2503.76
2340.16
2216.73
2132.27
2087.18
2104.51
2191.82
2379.67
2582.16
2736.44
2830.82
2911.59
3005.41
3087.91
3113.39
3143.14
3169.48
3193.45
3215.00
3169.68
3116.93
3075.48
2955.36
2764.33
2561.75
2399.91
2285.31
2218.90
2178.20
2195.19
2294.93
2480.73
2666.07
2812.48
2937.86
3026.82
3117.77
3211.51
3217.09
3240.88
3241.40
3244.14
3239.12
3162.33
3083.82
2991.53
2838.72
2660.22
2469.59
2319.20
2220.65
2170.75
2150.71
2167.37
2288.13
2483.32
2697.11
2857.29
2945.85
2984.99
3007.58
3009.52
2991.05
2979.42
2968.37
2984.46
2988.88
2926.11
2890.08
2853.07
2767.48
2608.06
2439.97
2315.73
2210.75
2144.23
2116.99
2141.54
2251.02
2450.07
2685.30
2884.08
3041.05
3187.25
3328.70
3480.33
3625.86
3731.96
3816.28
3874.57
3885.68
3765.14
3636.80
3532.77
3376.87
3152.24
2927.97
2724.84
2566.84
2453.87
2373.93
2338.15
2352.04
2415.25
2547.15
2751.45
2959.32
3185.01
3398.48
3576.62
3689.75
3773.77
3861.35
3851.93
3807.93
3735.37
3639.90
3575.34
3434.75
3244.18
3024.65
2840.50
2686.74
2582.34
2515.63
2479.92
2478.71
2500.28
2592.70
2710.55
2891.08
3076.14
3221.11
3368.53
3408.03
3425.64
3399.81
3380.84
3429.41
3393.64
3340.98
3325.50
3209.68
3030.07
2822.27
2658.43
2551.44
2485.12
2466.01
2500.41
2633.63
2815.84
3008.50
3141.63
3216.72
3272.58
3311.03
3348.71
3456.57
3515.59
3489.81
3432.22
3382.48
3289.38
3230.25
3172.63
3015.35
2822.38
2629.54
2470.62
2353.13
2286.22
2256.54
2284.86
2398.81
2596.99
2801.72
2943.71
3046.11
3105.76
3162.23
3196.19
3244.20
3263.15
3359.93
3422.91
3433.80
3355.68
3277.61
3253.79
3172.45
3011.00
2829.11
2697.62
2598.59
2543.38
2523.79
2561.15
2693.73
2924.01
3190.01
3430.43
3668.57
3897.05
4103.71
4294.07
4471.75
4592.59
4736.70
4795.42
4832.80
4708.64
4574.47
4435.73
4210.61
3920.35
3632.62
3396.89
3214.08
3098.06
3032.44
3033.43
3132.72
3338.85
3557.92
3749.81
3935.88
4188.39
4443.86
4625.52
4755.90
4879.26
4911.92
4931.06
4971.28
4866.95
4755.29
4438.59
4181.45
3897.81
3589.84
3353.04
3185.53
3067.43
2981.52
2978.81
3086.97
3281.19
3563.18
3861.54
4116.07
4270.44
4446.59
4618.11
4759.67
4841.11
4853.03
4802.84
4768.01
4593.36
4429.65
4288.77
4109.39
3891.28
3633.21
3416.83
3235.26
3126.87
3039.04
2990.26
2993.86
3066.86
3248.62
3518.69
3778.33
4027.28
4096.16
4207.33
4157.83
4216.65
4309.24
4363.79
4367.20
4256.24
4072.14
3896.41
3637.91
3363.85
3103.76
2895.87
2718.29
2601.44
2487.87
2410.76
2365.89
2364.55
2436.54
2542.47
2648.54
2730.02
2814.51
2902.32
2987.17
3034.23
3107.33
3207.28
3297.46
3299.50
3217.16
3172.09
3046.00
2855.03
2649.95
2468.45
2349.47
2277.67
2233.20
2243.42
2346.48
2497.35
2678.83
2825.28
2935.27
3031.71
3126.93
3207.49
3288.39
3351.65
3376.63
3405.34
3396.62
3322.13
3220.12
3156.74
3000.03
2802.25
2598.15
2443.49
2326.90
2261.87
2226.81
2250.20
2361.77
2546.33
2765.68
2958.08
3118.23
3227.77
3370.04
3534.55
3666.16
3771.06
3800.90
3793.39
3811.53
3748.99
3643.80
3562.83
3401.41
3165.97
2908.25
2709.12
2565.55
2486.64
2452.67
2480.68
2619.73
2816.04
3008.88
3198.15
3392.42
3541.68
3693.41
3841.01
3965.85
4060.43
4081.99
4123.64
4133.73
3999.28
3902.61
3762.54
3576.08
3295.66
3052.15
2844.51
2710.71
2632.79
2599.91
2628.63
2766.85
2986.51
3235.41
3403.80
3543.16
3630.44
3678.87
3675.73
3761.48
3934.04
4068.09
4118.10
4063.14
3920.13
3848.37
3764.26
3607.82
3403.16
3176.73
3001.16
2857.92
2774.77
2733.82
2758.72
2866.77
3048.49
3211.80
3335.58
3461.09
3546.56
3576.71
3617.85
3619.50
3641.61
3672.05
3743.26
3765.80
3728.19
3677.99
3606.15
3457.44
3281.60
3083.47
2914.92
2783.56
2685.30
2627.96
2605.03
2636.83
2694.85
2854.25
3072.23
3276.00
3477.81
3632.14
3741.84
3778.99
3813.87
3888.78
3921.13
3872.41
3780.22
3659.25
3597.49
3461.18
3286.21
3088.88
2913.93
2772.59
2681.39
2616.47
2577.93
2570.06
2596.36
2648.36
2755.61
2852.20
2954.71
3025.74
3073.92
3117.63
3141.84
3158.52
3159.32
3195.80
3206.61
3184.00
3150.56
3050.97
2903.72
2741.48
2617.93
2523.71
2467.42
2455.43
2506.64
2652.10
2859.37
3055.38
3214.72
3342.24
3475.81
3606.62
3701.11
3770.22
3847.44
3921.41
3892.87
3806.44
3670.73
3588.37
3461.49
3288.70
3090.51
2883.01
2736.25
2635.69
2568.44
2534.70
2542.46
2666.50
2900.27
3105.60
3251.41
3391.99
3592.62
3762.63
3940.65
4102.76
4273.35
4411.64
4507.57
4569.58
4453.54
4303.25
4173.87
3952.73
3684.02
3403.52
3172.63
2991.84
2871.52
2804.46
2804.20
2903.61
3103.88
3348.63
3595.43
3787.99
3971.88
4151.67
4302.76
4448.63
4564.77
4667.35
4703.18
4695.74
4518.24
4371.82
4206.27
3973.11
3675.59
3393.27
3174.96
2994.79
2888.99
2822.20
2837.20
2948.88
3150.99
3397.55
3684.07
3950.17
4197.38
4424.87
4619.17
4786.33
4909.51
4995.31
4978.24
4959.74
4789.80
4707.32
4583.13
4362.14
4073.86
3778.97
3524.23
3330.64
3201.53
3131.99
3128.54
3236.44
3433.50
3660.87
3902.26
4112.29
4297.67
4450.16
4594.81
4637.47
4674.54
4676.45
4596.56
4418.65
4198.83
4046.45
3923.32
3713.16
3447.04
3174.42
2929.10
2731.07
2603.20
2509.52
2450.54
2439.05
2458.24
2518.66
2605.63
2671.20
2740.36
2779.87
2792.36
2760.86
2759.85
2727.94
2702.89
2717.25
2705.16
2708.53
2680.79
2589.81
2471.76
2344.31
2228.71
2140.90
2090.34
2058.05
2049.61
2075.80
2124.60
2197.38
2309.49
2411.80
2494.75
2574.47
2585.47
2592.95
2637.20
2685.84
2747.01
2804.39
2850.46
2905.97
2909.32
2838.16
2707.35
2549.52
2437.85
2356.30
2324.55
2329.77
2380.94
2542.11
2783.23
2995.70
3190.52
3373.64
3486.60
3620.35
3712.68
3803.00
3879.27
3991.38
4144.71
4215.45
4103.49
4011.07
3912.26
3737.39
3485.12
3221.89
3013.78
2850.62
2723.68
2636.81
2605.48
2685.58
2869.39
3043.52
3195.27
3338.24
3484.91
3587.18
3634.79
3685.80
3665.16
3610.28
3701.16
3741.19
3620.19
3543.88
3435.53
3255.44
3020.72
2775.97
2588.37
2465.99
2371.55
2329.41
2345.82
2459.11
2666.08
2858.63
3005.22
3103.21
3142.21
3161.69
3146.53
3152.34
3124.64
3098.56
3104.41
3116.34
3075.38
3021.30
2919.90
2745.52
2526.16
2335.13
2211.05
2109.34
2073.49
2060.39
2078.27
2184.88
2413.13
2603.80
2732.49
2778.04
2803.75
2841.45
2911.12
2881.83
2892.88
2948.50
2998.56
3017.71
2928.15
2881.17
2783.34
2632.21
2443.78
2254.49
2111.60
2003.21
1946.48
1918.29
1941.67
2061.38
2234.00
2396.08
2509.44
2580.50
2634.03
2716.56
2738.65
2768.92
2795.27
2850.25
2889.21
2916.10
2842.51
2782.41
2701.26
2573.58
2420.00
2253.85
2118.11
2023.96
1962.34
1929.85
1922.22
1956.01
2018.46
2117.74
2236.89
2328.17
2388.39
2443.46
2493.23
2521.28
2576.39
2656.94
2745.61
2804.53
2799.71
2772.13
2712.77
2592.60
2455.75
2303.94
2183.00
2083.49
2019.48
1987.72
1978.39
1997.72
2046.39
2112.66
2215.97
2362.93
2488.17
2557.98
2587.70
2597.99
2625.36
2638.57
2666.07
2683.48
2688.96
2693.87
2657.89
2582.48
2484.26
2371.29
2279.71
2215.67
2170.50
2149.18
2160.21
2231.40
2330.68
2430.82
2521.90
2647.32
2768.88
2876.23
2971.97
3046.60
3111.90
3198.67
3285.24
3304.00
3203.69
3137.70
3034.61
2886.15
2669.29
2446.25
2282.34
2167.29
2104.93
2069.00
2085.37
2199.26
2398.82
2597.52
2750.52
2835.26
2895.43
2966.13
3052.74
3144.23
3219.99
3283.81
3337.43
3356.37
3269.98
3209.87
3100.27
2916.66
2709.54
2482.26
2311.14
2202.44
2129.15
2107.05
2140.55
2286.12
2541.82
2778.79
2960.76
3109.62
3219.33
3347.67
3476.16
3548.81
3595.30
3653.45
3704.22
3687.51
3564.92
3534.83
3433.07
3266.70
3070.82
2858.88
2684.03
2573.44
2503.64
2488.25
2533.09
2697.45
2943.63
3136.51
3311.22
3425.88
3493.68
3518.35
3519.62
3523.18
3479.40
3448.59
3442.71
3457.08
3402.06
3317.28
3185.12
3026.16
2824.04
2626.90
2468.50
2334.71
2248.68
2217.64
2246.25
2371.93
2595.20
2778.72
2893.36
2980.94
3031.29
3093.27
3124.34
3174.75
3130.56
3126.75
3111.03
3116.57
2974.63
2883.65
2764.52
2623.27
2451.61
2271.51
2124.58
2018.32
1956.64
1916.10
1907.54
1939.05
2005.41
2099.40
2216.53
2304.68
2370.13
2436.25
2490.09
2531.59
2586.33
2654.40
2697.89
2759.17
2749.48
2746.73
2689.66
2584.26
2449.29
2311.65
2179.89
2093.84
2039.49
2012.21
2005.97
2030.76
2083.19
2173.36
2304.57
2408.75
2524.34
2639.63
2749.06
2874.11
3002.67
3128.41
3215.09
3275.87
3272.98
3297.75
3246.35
3110.64
2912.92
2723.58
2568.69
2471.41
2416.15
2393.94
2432.04
2578.40
2803.00
2906.50
2983.82
3017.76
3083.50
3122.26
3190.14
3249.43
3315.93
3383.80
3428.66
3443.29
3322.82
3260.02
3120.92
2934.19
2694.35
2468.55
2301.77
2199.13
2126.68
2088.22
2098.55
2222.97
2429.10
2605.27
2736.39
2808.93
2845.31
2885.20
2935.40
2984.25
3027.45
3094.97
3090.48
3083.53
3054.49
3061.30
2972.86
2819.37
2629.81
2434.09
2308.68
2214.12
2185.20
2185.12
2246.86
2419.89
2721.35
2947.75
3130.33
3281.22
3437.20
3583.10
3747.86
3908.30
4008.06
4051.46
4069.11
4037.19
3915.65
3857.07
3688.97
3473.31
3211.28
2920.48
2705.47
2570.09
2481.79
2425.34
2429.30
2539.75
2758.08
2937.14
3061.59
3119.50
3167.53
3204.78
3199.31
3178.67
3116.60
3042.82
3033.29
3029.01
2970.51
2961.96
2875.32
2747.73
2576.54
2391.44
2260.41
2155.37
2093.17
2078.45
2116.97
2256.40
2510.75
2700.75
2826.42
2902.36
2956.73
2977.87
2968.49
2966.23
2951.41
2944.36
2930.42
2918.30
2861.76
2839.96
2749.45
2636.80
2492.67
2338.77
2219.41
2123.26
2069.18
2043.19
2046.16
2090.53
2182.85
2298.10
2435.96
2546.35
2635.77
2709.32
2719.48
2704.57
2681.29
2782.96
2891.03
2963.80
2946.61
2933.05
2855.93
2769.40
2649.97
2495.40
2356.42
2258.91
2178.78
2119.90
2077.27
2066.19
2084.72
2126.82
2197.64
2261.30
2310.69
2361.62
2422.85
2476.27
2531.63
2603.92
2692.93
2767.92
2764.29
2769.43
2678.25
2532.74
2380.82
2183.13
2055.73
1960.53
1911.07
1894.59
1927.33
2060.61
2280.24
2447.18
2551.87
2634.25
2669.78
2705.24
2743.35
2790.54
2835.15
2873.81
2913.42
2939.61
2884.50
2856.58
2736.84
2580.08
2393.66
2202.54
2063.72
1967.50
1912.05
1880.80
1903.61
2029.81
2262.54
2430.63
2534.60
2634.81
2722.59
2767.09
2847.11
2883.37
2913.57
2960.79
3017.63
3055.30
3018.46
2998.70
2878.52
2740.11
2567.51
2402.68
2281.58
2197.70
2151.59
2142.96
2179.92
2320.10
2595.68
2789.86
2937.91
3040.09
3137.14
3224.58
3279.12
3305.35
3302.22
3307.63
3325.83
3347.36
3307.32
3301.10
3183.19
3021.74
2814.45
2587.45
2424.15
2307.60
2231.44
2208.01
2249.44
2395.33
2662.09
2878.47
3018.30
3156.77
3249.64
3349.79
3371.26
3346.40
3447.17
3486.21
3498.30
3506.26
3459.28
3437.32
3314.99
3136.34
2928.61
2707.84
2543.89
2433.18
2373.48
2360.98
2414.21
2579.37
2868.90
3092.71
3255.18
3371.45
3462.57
3503.85
3490.15
3485.71
3459.82
3473.56
3456.52
3436.00
3363.42
3296.96
3109.54
2891.04
2691.13
2515.68
2363.36
2246.36
2165.10
2115.04
2082.51
2103.05
2168.07
2257.21
2367.40
2441.07
2496.69
2550.41
2604.82
2619.40
2668.67
2727.76
2772.57
2805.59
2819.88
2806.01
2722.15
2615.67
2502.79
2370.18
2254.72
2161.29
2091.62
2052.15
2032.61
2054.85
2116.54
2185.14
2277.71
2346.86
2412.47
2484.60
2566.67
2617.55
2628.12
2617.66
2654.59
2694.30
2703.59
2702.70
2599.27
2457.85
2284.79
2126.29
1987.23
1906.83
1860.10
1847.37
1885.21
2018.23
2244.52
2412.47
2526.82
2598.89
2617.12
2695.28
2829.66
2823.67
2802.47
2875.63
2928.32
2946.28
2934.13
2910.35
2788.38
2634.27
2460.93
2285.87
2152.68
2065.17
2019.53
1995.95
2031.16
2176.08
2441.46
2617.51
2724.95
2867.23
2921.83
2937.21
2927.80
2981.58
2951.70
2933.19
2927.58
2973.44
2951.45
2893.82
2762.23
2591.33
2379.51
2161.84
2001.03
1908.02
1847.24
1832.86
1857.57
1983.17
2226.90
2380.74
2434.31
2449.56
2456.24
2469.35
2519.18
2538.92
2537.58
2570.95
2625.94
2678.24
2690.21
2676.11
2563.09
2407.18
2233.21
2059.56
1937.79
1854.22
1813.36
1804.42
1834.64
1972.13
2218.95
2388.94
2443.05
2445.87
2458.91
2537.55
2561.68
2581.80
2559.05
2539.16
2569.16
2621.09
2648.39
2628.80
2521.04
2375.94
2207.03
2031.23
1920.44
1836.88
1794.82
1786.96
1825.93
1964.26
2206.61
2386.74
2443.25
2451.43
2455.98
2453.61
2497.48
2527.43
2503.09
2511.16
2549.12
2592.44
2599.10
2572.91
2470.84
2352.65
2207.35
2043.92
1932.04
1845.31
1790.99
1767.63
1775.14
1829.23
1924.76
2022.80
2134.50
2196.75
2230.32
2266.11
2325.41
2270.24
2318.67
2363.11
2407.57
2485.49
2541.62
2535.16
2457.12
2352.30
2229.35
2095.99
1986.45
1901.37
1848.39
1818.07
1814.41
1842.07
1902.47
1977.45
2101.58
2192.24
2295.33
2348.35
2353.36
2389.00
2413.32
2405.12
2449.06
2525.55
2602.23
2599.16
2500.92
2377.82
2245.75
2103.39
1981.96
1908.22
1872.44
1869.40
1907.68
2032.80
2275.20
2481.69
2604.12
2674.65
2726.41
2755.17
2775.63
2753.62
2721.17
2721.94
2739.29
2795.46
2785.28
2715.96
2582.83
2431.30
2251.53
2076.98
1960.69
1886.27
1845.48
1838.06
1868.23
2006.01
2265.31
2465.28
2561.84
2634.95
2683.16
2706.96
2703.02
2669.68
2675.56
2676.60
2676.84
2704.01
2743.98
2715.89
2595.73
2436.25
2265.96
2094.94
1967.09
1879.60
1833.15
1828.85
1862.08
1996.92
2262.27
2440.84
2526.87
2567.32
2567.67
2568.30
2575.97
2598.05
2632.57
2672.02
2733.33
2778.35
2780.01
2739.78
2626.57
2468.83
2278.85
2093.57
1967.66
1883.74
1835.92
1829.10
1861.41
1986.62
2242.29
2429.91
2507.53
2553.59
2589.72
2628.63
2681.28
2736.13
2786.06
2806.44
2812.34
2845.55
2843.50
2798.53
2684.97
2528.43
2341.58
2160.49
2024.03
1918.89
1871.20
1853.83
1883.66
2015.57
2256.73
2430.64
2529.99
2585.61
2613.06
2631.65
2640.18
2660.46
2678.72
2686.06
2712.43
2723.66
2710.68
2639.44
2527.53
2409.67
2278.25
2131.15
2014.08
1927.86
1877.68
1857.68
1861.35
1901.31
1986.96
2071.28
2188.79
2264.27
2299.37
2302.03
2309.73
2276.94
2244.02
2256.57
2315.23
2378.19
2453.94
2433.20
2366.85
2274.72
2169.53
2045.77
1949.87
1870.83
1823.74
1799.99
1798.46
1832.20
1902.18
1971.07
2071.06
2157.33
2228.87
2274.80
2316.16
2358.89
2367.01
2366.94
2395.52
2461.69
2519.76
2493.81
2419.02
2326.56
2205.70
2070.55
1972.21
1897.67
1860.25
1851.36
1886.41
1987.19
2157.85
2291.39
2407.89
2492.40
2555.12
2591.97
2612.22
2618.87
2615.58
2629.67
2698.27
2747.16
2794.71
2746.31
2625.94
2484.24
2305.83
2133.18
2003.85
1912.54
1864.23
1851.07
1879.05
2015.64
2268.01
2434.01
2516.07
2573.96
2633.07
2644.33
2693.23
2739.18
2787.39
2849.05
2901.00
2937.71
2925.84
2867.25
2728.92
2557.39
2360.81
2176.98
2046.60
1959.95
1910.61
1897.91
1922.22
2045.40
2296.27
2483.07
2572.84
2632.42
2680.80
2715.18
2761.37
2808.56
2849.04
2904.56
2962.50
2994.16
2983.58
2908.32
2778.27
2621.41
2425.21
2240.13
2095.11
1997.70
1939.59
1918.31
1953.10
2079.00
2333.36
2513.41
2633.26
2710.05
2768.68
2808.48
2871.46
2895.72
2917.16
2950.47
2974.54
2976.53
2955.13
2892.65
2787.50
2642.34
2459.76
2281.87
2148.85
2051.01
1993.97
1971.19
1991.68
2116.85
2364.42
2538.57
2665.63
2741.06
2783.43
2838.06
2841.49
2882.30
2884.94
2864.96
2872.19
2905.70
2893.46
2818.83
2709.26
2589.70
2457.65
2307.31
2185.89
2091.48
2037.93
2015.86
2016.07
2060.49
2166.85
2271.32
2411.16
2519.39
2579.42
2649.65
2690.36
2695.01
2655.93
2669.28
2703.08
2750.23
2824.56
2816.47
2765.05
2673.76
2555.81
2347.76
2160.41
2022.74
1948.38
1908.25
1894.29
1909.36
1945.03
1988.32
2061.77
2107.04
2139.31
2169.38
2212.47
2231.78
2251.68
2294.16
2371.48
2451.01
2541.02
2496.60
2433.63
2328.50
2168.86
2010.23
1901.09
1827.66
1794.21
1789.33
1829.71
1966.93
2222.03
2403.66
2465.40
2475.41
2454.48
2453.68
2469.16
2478.17
2504.26
2540.61
2590.64
2681.96
2735.50
2664.68
2552.61
2401.79
2230.82
2061.10
1937.25
1861.54
1825.34
1815.18
1849.40
2003.67
2275.86
2465.41
2517.46
2506.87
2471.93
2478.69
2467.10
2471.29
2486.83
2528.16
2585.68
2677.23
2744.01
2677.20
2557.89
2409.32
2223.23
2058.83
1933.96
1851.27
1815.61
1807.18
1845.12
1990.98
2260.88
2449.70
2506.97
2530.00
2539.12
2544.79
2582.10
2592.62
2623.23
2683.45
2718.87
2753.61
2790.00
2716.12
2593.24
2447.29
2272.68
2106.00
1978.42
1895.73
1850.86
1837.25
1868.25
1997.08
2254.68
2438.63
2528.00
2585.93
2597.64
2633.94
2640.08
2644.26
2678.17
2742.35
2788.96
2808.64
2820.28
2748.68
2620.34
2479.61
2325.79
2151.47
2019.49
1930.78
1883.97
1874.77
1910.09
2061.65
2328.11
2525.40
2619.48
2652.35
2653.91
2653.98
2661.38
2677.45
2680.39
2684.82
2712.55
2733.50
2723.33
2637.63
2511.81
2386.23
2230.15
2067.49
1944.50
1852.41
1794.62
1774.24
1776.44
1822.73
1924.34
2034.30
2150.83
2205.15
2218.78
2195.10
2152.93
2141.04
2155.44
2198.04
2275.64
2372.14
2443.54
2403.53
2328.96
2242.17
2125.16
2007.87
1899.24
1822.54
1778.44
1763.93
1773.17
1815.16
1900.29
1988.24
2068.95
2097.46
2101.76
2101.95
2106.98
2120.81
2147.47
2209.91
2321.61
2432.74
2553.32
2528.17
2445.65
2316.07
2160.07
1998.02
1887.81
1819.32
1788.18
1790.99
1833.87
1983.46
2254.65
2480.59
2615.54
2710.46
2755.84
2794.40
2803.45
2781.60
2741.76
2722.52
2746.05
2825.61
2805.61
2727.95
2596.00
2437.56
2257.78
2090.57
1966.92
1885.99
1852.22
1851.76
1892.72
2033.43
2311.53
2546.78
2670.69
2752.54
2790.65
2826.29
2834.03
2820.61
2783.03
2783.01
2812.12
2879.67
2852.42
2749.85
2604.73
2457.34
2281.82
2106.93
1988.88
1910.45
1864.53
1848.17
1885.39
2021.29
2281.57
2480.05
2581.64
2664.69
2716.43
2756.31
2761.78
2767.08
2731.67
2720.97
2754.91
2826.13
2827.81
2747.44
2634.67
2485.00
2303.86
2128.97
2002.19
1924.46
1882.27
1882.15
1922.96
2069.78
2345.57
2551.04
2656.72
2723.72
2733.35
2730.37
2718.29
2704.58
2678.31
2667.11
2700.41
2781.78
2819.89
2756.70
2662.64
2540.72
2364.87
2189.27
2065.87
1990.50
1950.47
1948.38
1999.71
2139.77
2420.01
2640.38
2733.13
2768.66
2771.82
2771.14
2745.62
2710.71
2679.34
2697.79
2726.66
2784.21
2768.80
2682.93
2573.84
2452.46
2303.80
2152.38
2029.68
1948.13
1895.19
1871.70
1882.05
1931.99
2049.10
2167.41
2307.14
2425.42
2500.53
2565.65
2582.92
2568.73
2550.79
2539.07
2565.50
2623.23
2627.20
2575.27
2497.86
2394.01
2271.64
2136.73
2021.41
1942.05
1886.28
1859.73
1857.64
1883.23
1959.23
2033.46
2138.35
2207.68
2249.32
2258.88
2286.21
2304.29
2330.50
2402.19
2437.23
2499.34
2519.04
2483.62
2432.54
2327.30
2189.38
2036.05
1898.37
1821.61
1789.47
1784.06
1824.23
1971.25
2255.85
2467.68
2526.77
2514.65
2478.40
2471.46
2456.82
2449.02
2447.23
2494.92
2575.01
2693.56
2753.17
2681.04
2568.22
2399.91
2238.06
2049.79
1987.80
1911.83
1878.04
1878.43
1924.09
2069.30
2351.34
2553.07
2617.01
2586.91
2539.81
2520.59
2515.12
2614.18
2616.94
2625.59
2663.49
2777.63
2811.70
2733.49
2616.44
2470.11
2287.61
2112.88
1993.46
1912.75
1885.28
1882.81
1942.85
2106.18
2405.71
2618.06
2661.38
2611.29
2558.00
2518.63
2509.00
2554.79
2537.55
2571.37
2658.82
2786.47
2842.34
2777.50
2677.54
2540.53
2370.62
2195.62
2075.60
1999.58
1976.83
1984.12
2041.10
2211.20
2516.73
2734.13
2770.03
2711.24
2629.03
2579.91
2550.63
2542.58
2554.45
2622.74
2700.43
2832.22
2856.23
2786.07
2697.75
2554.18
2383.36
2210.87
2092.55
2020.46
1993.24
1997.50
2051.07
2225.59
2511.98
2726.29
2775.06
2719.94
2642.43
2588.06
2546.00
2525.80
2546.53
2586.16
2659.62
2762.74
2783.27
2722.47
2642.03
2535.47
2387.49
2247.15
2147.13
2075.88
2039.24
2028.66
2067.75
2135.01
2268.24
2398.50
2489.61
2480.49
2423.29
2373.74
2328.75
2287.68
2284.24
2330.35
2415.42
2538.05
2614.97
2574.95
2512.35
2421.37
2313.25
2193.78
2096.12
2012.23
1976.49
1980.30
2012.43
2073.80
2178.26
2265.46
2285.90
2278.58
2264.42
2256.88
2269.14
2292.43
2353.60
2424.89
2573.75
2709.52
2689.97
2624.70
2521.88
2384.75
2215.72
2089.48
2002.98
1961.48
1943.05
1963.24
2030.23
2219.66
2512.51
2659.69
2642.20
2609.12
2585.14
2575.28
2606.51
2618.90
2641.15
2687.57
2790.07
2889.88
2829.99
2737.27
2601.94
2440.64
2267.00
2103.67
1990.77
1933.91
1909.80
1913.70
1966.29
2149.44
2424.60
2551.02
2556.14
2553.25
2542.58
2560.16
2578.97
2590.43
2629.48
2680.87
2770.73
2843.99
2772.67
2690.27
2565.84
2409.26
2219.01
2059.54
1951.89
1878.68
1843.85
1843.52
1891.12
2048.63
2311.24
2507.85
2610.04
2589.33
2535.01
2579.65
2568.13
2577.68
2593.65
2642.02
2738.18
2819.98
2751.35
2655.57
2547.25
2411.56
2258.19
2106.97
1995.21
1934.14
1910.22
1917.83
1973.20
2119.32
2339.22
2477.34
2520.98
2491.78
2472.63
2476.69
2490.72
2512.05
2559.12
2623.73
2748.89
2845.91
2774.59
2681.61
2567.00
2423.45
2260.56
2092.72
1973.99
1899.22
1863.64
1862.75
1904.65
2054.52
2318.05
2509.02
2645.36
2710.55
2759.83
2802.26
2809.25
2818.14
2839.24
2845.68
2901.34
2916.74
2785.57
2645.87
2521.16
2386.08
2238.46
2092.17
1986.46
1913.60
1879.06
1872.86
1892.95
1965.05
2080.53
2171.17
2211.52
2231.34
2241.25
2245.42
2251.29
2255.77
2302.71
2373.40
2502.07
2573.99
2540.36
2476.99
2423.14
2335.67
2228.18
2117.32
2026.28
1960.85
1925.01
1912.17
1932.04
1985.19
2064.95
2133.63
2169.50
2183.43
2195.69
2269.14
2394.20
2441.50
2461.36
2476.99
2620.87
2722.20
2704.66
2640.60
2540.69
2411.77
2240.27
2090.84
1980.04
1925.16
1910.44
1923.56
1985.36
2156.89
2436.22
2597.46
2605.24
2586.92
2587.08
2646.41
2649.57
2630.48
2655.23
2716.95
2858.29
2969.50
2911.90
2823.90
2708.84
2561.85
2376.91
2205.62
2096.04
2028.46
2007.71
2021.17
2085.24
2276.01
2570.67
2723.73
2720.61
2683.58
2647.35
2616.40
2617.19
2634.65
2674.99
2750.77
2898.22
3013.61
2943.00
2869.72
2753.06
2597.16
2415.81
2241.13
2140.83
2074.84
2057.28
2076.81
2145.41
2339.70
2642.06
2777.13
2755.59
2701.27
2691.43
2710.41
2774.26
2789.72
2751.31
2795.86
2921.61
3007.14
2921.86
2838.00
2713.45
2557.49
2360.55
2186.25
2056.40
1969.33
1936.26
1939.20
1990.29
2146.71
2414.58
2559.59
2588.64
2584.51
2572.40
2601.00
2611.05
2640.26
2667.17
2703.76
2797.13
2872.01
2791.67
2696.47
2580.22
2447.23
2269.86
2085.91
1961.34
1887.86
1856.33
1857.75
1909.63
2060.45
2331.22
2501.26
2566.52
2543.91
2567.41
2585.42
2584.52
2598.01
2641.77
2728.45
2863.21
2939.88
2860.83
2767.74
2672.40
2552.47
2419.47
2269.84
2155.63
2087.88
2058.96
2051.45
2080.76
2158.54
2281.77
2395.55
2432.98
2415.25
2396.83
2389.06
2383.47
2379.34
2428.29
2512.04
2657.76
2748.21
2732.28
2672.71
2580.47
2492.43
2364.37
2229.89
2129.90
2048.11
2007.01
1991.11
1997.23
2051.04
2130.16
2210.86
2303.93
2367.99
2373.33
2392.93
2407.22
2414.44
2435.01
2479.79
2640.41
2740.59
2708.89
2644.02
2548.44
2412.44
2241.83
2087.36
1978.75
1909.07
1882.09
1884.20
1940.63
2100.74
2378.66
2577.11
2676.29
2698.51
2695.97
2695.31
2698.37
2686.64
2703.30
2753.41
2875.49
2952.84
2877.31
2790.55
2695.01
2562.50
2390.78
2226.59
2112.62
2052.24
2030.87
2034.15
2114.94
2302.01
2595.11
2769.20
2778.45
2766.08
2749.21
2708.54
2687.26
2710.75
2756.86
2853.06
3026.12
3121.66
3069.38
3013.15
2922.63
2800.66
2622.65
2438.38
2336.43
2264.21
2235.90
2243.85
2301.95
2477.45
2732.84
2889.74
2905.40
2863.15
2811.41
2777.30
2754.42
2762.66
2785.54
2852.47
2991.85
3062.91
2970.70
2891.17
2788.36
2676.04
2517.07
2363.20
2250.68
2174.77
2132.05
2118.02
2142.74
2226.19
2348.41
2435.23
2473.18
2497.74
2514.06
2581.71
2567.24
2503.05
2463.84
2450.68
2499.77
2503.95
2437.24
2393.64
2356.01
2296.86
2199.97
2095.55
2011.53
1946.21
1915.13
1914.12
1954.07
2070.09
2218.40
2318.74
2417.28
2521.86
2579.77
2624.45
2610.74
2572.84
2619.48
2673.40
2768.76
2809.10
2744.93
2686.85
2624.59
2532.07
2414.25
2285.74
2187.88
2112.75
2078.92
2073.01
2094.60
2160.26
2271.50
2377.79
2486.25
2535.76
2505.83
2500.43
2514.41
2496.42
2524.41
2611.79
2778.50
2878.50
2869.88
2817.02
2763.37
2673.12
2547.16
2413.52
2311.93
2245.41
2208.08
2189.61
2194.73
2243.63
2320.35
2398.75
2489.07
2521.02
2558.67
2552.76
2627.55
2668.98
2711.72
2763.32
2906.67
2983.81
2953.01
2882.64
2787.81
2638.76
2456.85
2291.68
2178.45
2112.70
2097.71
2127.74
2204.95
2376.35
2668.78
2849.79
2925.55
2950.24
2888.71
2849.55
2822.57
2829.80
2846.87
2951.56
3099.70
3210.51
3164.90
3094.91
2982.56
2832.67
2632.96
2461.53
2344.14
2279.88
2256.84
2271.01
2347.41
2520.86
2819.03
2995.29
2989.57
2928.15
2863.19
2819.23
2821.35
2890.99
2912.63
2970.14
3121.57
3202.12
3135.59
3051.05
2930.31
2774.64
2570.92
2383.21
2254.99
2182.79
2150.98
2155.92
2229.21
2411.51
2697.04
2869.87
2866.85
2855.79
2882.68
2893.74
2900.13
2877.66
2846.69
2890.58
3050.32
3161.94
3104.99
3023.43
2922.90
2765.87
2567.16
2376.57
2244.20
2162.45
2120.84
2117.78
2169.31
2338.97
2609.53
2793.21
2858.18
2894.74
2823.74
2734.00
2775.40
2797.00
2804.51
2827.03
2943.03
2999.62
2925.64
2835.33
2720.37
2570.78
2389.60
2217.44
2093.00
2028.99
2001.75
2010.55
2072.29
2242.05
2518.33
2706.28
2765.48
2756.34
2728.88
2709.31
2703.73
2718.53
2757.72
2835.21
3000.26
3092.47
3018.19
2935.23
2847.25
2736.33
2591.92
2430.97
2310.26
2227.07
2192.08
2185.14
2214.23
2287.02
2409.80
2524.63
2574.28
2574.95
2573.83
2597.32
2599.73
2553.85
2576.84
2667.96
2831.65
2925.24
2896.16
2831.73
2749.05
2641.92
2499.13
2348.32
2235.46
2162.21
2119.16
2099.93
2107.90
2150.75
2241.67
2333.60
2393.51
2387.79
2411.19
2398.87
2420.03
2446.12
2486.35
2589.26
2800.62
2937.37
2933.45
2872.37
2789.81
2652.42
2460.93
2277.48
2154.16
2080.18
2042.48
2039.43
2098.51
2260.47
2535.41
2725.13
2811.47
2870.84
2851.36
2804.78
2813.83
2813.02
2759.40
2782.92
2945.49
3036.85
2972.44
2874.86
2744.23
2582.63
2378.37
2206.77
2081.60
2022.93
2007.04
2015.41
2083.50
2261.89
2557.25
2739.46
2772.01
2733.81
2696.90
2707.98
2725.03
2787.32
2776.04
2869.75
3060.76
3162.07
3109.63
3036.14
2937.21
2784.36
2581.04
2397.14
2262.32
2190.62
2159.26
2157.88
2226.45
2399.65
2691.59
2890.60
2962.56
2992.60
2996.64
3014.82
3054.68
3053.88
3044.14
3084.18
3232.30
3292.16
3215.80
3137.99
3024.64
2904.82
2686.72
2497.06
2377.20
2310.08
2281.19
2290.61
2353.92
2534.99
2830.29
3032.09
3038.00
3019.12
2929.43
2900.26
2907.37
2982.57
3014.59
3084.82
3246.56
3308.38
3223.10
3137.52
3023.57
2878.53
2683.15
2493.71
2374.50
2302.72
2272.17
2265.31
2309.58
2470.76
2746.22
2951.71
3043.02
3094.14
3100.12
3070.60
2996.49
2957.15
2923.62
2945.44
3090.14
3154.59
3062.70
2980.39
2889.62
2764.90
2609.56
2432.25
2297.41
2209.04
2158.89
2132.79
2145.35
2202.60
2315.86
2447.44
2596.03
2713.37
2778.49
2836.19
2861.06
2785.26
2765.09
2760.99
2836.24
2871.82
2814.17
2722.66
2641.88
2539.08
2399.39
2244.37
2104.40
2001.28
1961.90
1954.51
1972.00
2025.17
2126.14
2217.92
2317.50
2426.11
2369.22
2371.47
2394.10
2425.12
2477.21
2578.04
2785.97
2924.01
2924.09
2871.06
2803.41
2689.86
2503.42
2327.34
2209.00
2137.33
2113.45
2126.07
2185.72
2350.75
2628.63
2817.96
2900.35
2956.48
2970.69
2969.09
2864.75
2762.31
2767.60
2839.41
3010.35
3136.10
3067.31
2981.36
2872.21
2713.72
2518.08
2315.50
2177.78
2098.84
2066.47
2067.70
2131.36
2310.87
2598.92
2782.85
2820.97
2761.82
2710.07
2672.93
2667.18
2680.13
2719.06
2799.79
2982.81
3103.22
3054.59
2991.61
2904.66
2762.07
2561.74
2359.23
2226.01
2151.66
2130.50
2143.00
2221.68
2410.05
2710.45
2898.79
2953.43
2938.58
2868.43
2815.95
2823.84
2862.46
2832.91
2915.82
3094.56
3176.98
3063.34
2964.72
2942.64
2784.00
2643.59
2480.90
2160.54
2050.77
2015.69
2008.98
2036.92
2197.94
2449.82
2649.09
2681.14
2770.65
2796.76
2809.10
2783.53
2724.74
2697.95
2729.26
2834.22
2916.43
2798.21
2752.09
2735.85
2546.40
2325.47
2110.25
2067.71
1983.72
1943.04
1935.55
1977.12
2119.51
2391.39
2554.30
2597.77
2587.89
2565.87
2550.19
2550.54
2556.52
2593.33
2661.66
2825.93
2921.82
2844.63
2769.34
2680.23
2562.79
2413.92
2254.74
2129.72
2051.45
2011.76
2004.89
2024.62
2096.48
2219.63
2351.85
2497.59
2591.09
2653.81
2684.87
2706.94
2720.67
2744.73
2797.57
2930.45
2985.17
2947.73
2866.73
2786.44
2675.20
2526.44
2356.43
2218.60
2129.94
2086.57
2073.07
2099.93
2160.81
2273.13
2387.51
2502.12
2585.15
2615.50
2712.94
2729.73
2723.71
2722.83
2798.21
2994.22
3138.40
3139.30
3097.77
3038.29
2914.04
2730.27
2560.19
2449.67
2386.19
2374.85
2386.62
2463.36
2641.28
2921.51
3122.04
3160.37
3122.45
3058.00
3000.38
2977.80
2973.88
2992.07
3076.58
3253.32
3366.73
3308.05
3239.98
3143.46
2987.28
2780.19
2579.61
2440.69
2358.98
2322.16
2326.84
2384.84
2546.13
2812.43
2977.49
2997.63
2950.21
2905.69
2834.42
2848.42
2864.34
2863.37
2932.56
3105.61
3201.54
3155.62
3089.33
2993.84
2850.20
2654.00
2464.78
2325.19
2237.67
2190.55
2176.63
2226.87
2373.10
2628.81
2829.08
2919.55
2995.05
3047.90
3061.30
3045.64
2964.53
2921.10
2958.10
3111.19
3198.22
3143.25
3075.88
2985.97
2849.27
2668.70
2487.57
2351.50
2279.82
2256.78
2271.06
2323.99
2485.44
2742.84
2933.25
2979.50
2961.66
2923.99
2893.02
2896.27
2911.31
2975.33
3026.12
3199.11
3290.77
3226.85
3168.59
3097.07
2973.81
2812.82
2633.68
2492.24
2397.89
2358.85
2357.57
2397.64
2493.79
2645.64
2772.30
2882.08
2988.51
3061.82
3104.22
3128.91
3125.03
3103.95
3118.67
3197.49
3195.73
3062.52
2951.43
2870.14
2779.23
2656.46
2529.55
2408.83
2329.70
2290.99
2277.00
2288.07
2321.19
2399.54
2504.81
2627.12
2722.99
2783.90
2841.10
2866.40
2843.45
2791.72
2783.96
2836.68
2847.50
2807.18
2763.97
2721.49
2645.53
2534.01
2408.13
2300.40
2231.70
2197.76
2188.48
2194.88
2234.65
2306.08
2385.89
2473.03
2519.17
2535.78
2614.07
2684.66
2690.48
2692.21
2735.42
2878.61
2970.67
2956.24
2904.28
2830.50
2728.92
2587.41
2443.80
2339.27
2276.75
2257.28
2270.73
2337.68
2469.67
2667.19
2783.90
2843.21
2918.77
3003.41
3030.33
3016.74
2997.97
2971.81
3011.55
3153.98
3228.77
3144.91
3034.14
2933.56
2794.28
2613.06
2442.62
2317.34
2239.77
2209.01
2208.54
2258.27
2386.64
2585.84
2730.29
2844.61
2923.35
2926.71
2820.98
2740.79
2743.95
2809.69
2864.17
3001.47
3088.29
3007.97
2911.22
2811.50
2672.01
2498.88
2337.11
2218.76
2144.18
2111.90
2109.83
2157.95
2302.38
2500.72
2645.63
2734.72
2775.84
2834.93
2851.41
2860.42
2858.72
2862.13
2881.27
3008.50
3072.22
2988.60
2894.05
2799.58
2653.11
2490.91
2319.17
2202.19
2123.65
2087.65
2083.61
2126.42
2257.46
2455.48
2595.36
2698.91
2799.39
2856.42
2885.15
2882.52
2865.92
2858.77
2876.26
2971.32
3026.73
2937.02
2838.60
2746.08
2615.45
2452.37
2298.17
2169.75
2088.08
2045.71
2038.55
2068.61
2162.58
2310.44
2415.90
2514.39
2601.85
2647.60
2681.51
2692.27
2694.92
2715.32
2752.33
2866.18
2911.82
2822.76
2718.19
2617.77
2516.52
2395.65
2282.98