1601.18
1551.43
1523.06
1511.07
1526.53
1576.08
1631.58
1678.78
1684.85
1647.05
1630.25
1673.56
1723.25
1792.67
1827.92
1886.36
2034.04
2116.05
2069.58
2003.90
1937.37
1844.72
1739.03
1635.32
1554.25
1495.22
1468.33
1455.25
1464.95
1503.25
1566.98
1643.67
1743.12
1830.23
1867.41
1853.51
1759.04
1753.44
1804.33
1845.67
1988.03
2096.97
2066.74
2012.63
1940.15
1856.95
1749.47
1652.49
1571.08
1521.90
1499.52
1496.62
1508.73
1548.34
1611.53
1672.69
1757.92
1833.31
1903.47
1975.28
2016.55
2025.56
2033.34
2065.57
2175.47
2247.94
2203.22
2117.81
2032.65
1908.64
1777.69
1664.60
1583.65
1542.70
1529.09
1535.41
1581.35
1699.36
1876.56
2029.00
2104.43
2107.73
2103.13
2086.02
2036.29
1971.45
1966.18
2039.55
2179.74
2318.40
2283.30
2204.46
2111.27
1994.20
1849.32
1724.61
1639.25
1593.14
1568.16
1566.82
1612.46
1720.73
1883.25
2034.19
2101.66
2103.35
2074.98
2078.58
2078.62
2067.82
2090.39
2125.13
2242.01
2345.77
2304.43
2214.99
2120.27
1998.10
1852.55
1723.53
1640.09
1585.88
1565.56
1565.77
1608.12
1725.02
1891.53
2035.21
2088.39
2051.79
2006.06
1978.47
1969.78
1966.66
1988.72
2044.71
2200.26
2334.77
2295.71
2226.31
2130.50
2017.56
1878.92
1756.56
1673.83
1618.95
1600.74
1601.78
1648.27
1762.36
1935.92
2074.14
2084.52
2013.43
1963.33
1930.08
1879.73
1867.99
1911.46
2014.42
2164.61
2311.92
2284.18
2218.60
2137.81
2024.10
1896.07
1772.73
1697.25
1653.51
1637.76
1641.36
1691.19
1802.37
1972.45
2112.08
2118.91
2027.50
1935.11
1890.41
1878.46
1891.38
1917.96
2002.28
2150.57
2268.37
2235.56
2174.30
2104.49
2013.57
1899.98
1781.02
1706.28
1655.77
1633.71
1628.88
1647.65
1698.58
1776.55
1849.52
1872.50
1851.04
1836.73
1778.21
1795.34
1842.76
1889.85
1956.96
2079.90
2182.54
2150.70
2091.27
2015.85
1923.39
1812.40
1708.96
1625.40
1576.10
1553.64
1546.14
1558.60
1597.23
1669.86
1732.07
1757.51
1731.77
1684.43
1664.93
1689.68
1707.16
1754.68
1853.12
2024.30
2187.28
2166.74
2111.96
2036.56
1938.60
1815.89
1716.73
1653.72
1613.38
1610.45
1626.91
1691.67
1812.45
2009.81
2162.53
2224.51
2227.98
2244.02
2271.46
2251.79
2236.40
2220.60
2223.00
2307.32
2409.42
2354.46
2262.71
2167.54
2041.07
1905.42
1784.73
1703.30
1665.31
1644.69
1651.03
1696.77
1814.21
1994.17
2131.92
2165.35
2153.85
2108.63
2074.66
2090.52
2086.18
2117.87
2160.74
2252.01
2348.68
2300.68
2213.79
2116.33
1991.01
1846.16
1719.46
1641.15
1594.28
1573.36
1577.78
1635.06
1754.89
1935.69
2079.26
2089.17
1994.36
1912.89
1895.10
1953.64
2025.00
2059.75
2099.82
2194.04
2287.78
2246.24
2163.70
2070.93
1949.13
1808.39
1691.37
1620.76
1580.70
1560.99
1562.27
1606.75
1722.47
1895.03
2045.07
2115.41
2135.40
2119.50
2134.19
2141.39
2127.06
2127.71
2142.13
2205.90
2298.83
2253.98
2168.29
2076.57
1952.33
1808.33
1687.53
1602.20
1553.59
1531.71
1531.71
1575.69
1691.02
1847.99
1995.86
2062.06
2045.60
1989.32
1967.00
1991.69
2022.19
2032.31
2042.75
2115.09
2191.90
2148.16
2073.20
1993.80
1898.35
1778.81
1664.47
1578.18
1522.90
1499.77
1491.35
1503.00
1552.17
1624.82
1711.43
1810.42
1894.21
1941.72
1934.10
1912.54
1858.16
1841.33
1880.09
1980.74
2067.98
2032.11
1963.32
1894.91
1809.57
1706.01
1607.45
1531.64
1486.79
1462.33
1455.73
1465.47
1501.75
1568.45
1618.05
1679.52
1713.76
1718.07
1764.48
1806.46
1833.80
1843.67
1903.01
2002.50
2104.78
2066.77
1980.63
1901.36
1800.45
1692.98
1583.49
1503.62
1464.22
1446.03
1446.95
1494.76
1590.51
1737.71
1844.43
1863.93
1816.65
1812.51
1861.70
1894.92
1923.29
1944.05
1989.25
2111.16
2252.83
2215.13
2139.88
2055.29
1942.09
1812.74
1699.92
1628.92
1595.20
1577.65
1583.46
1636.27
1764.83
1949.53
2087.15
2115.82
2005.61
1932.78
1936.18
1959.21
2006.57
2047.27
2092.45
2185.19
2302.02
2268.90
2184.78
2092.51
1972.47
1834.76
1718.60
1645.27
1600.30
1579.00
1579.44
1621.02
1735.72
1909.81
2063.66
2136.71
2126.61
2059.67
2029.47
2001.12
2028.39
2066.01
2090.30
2213.90
2345.47
2342.26
2272.32
2188.57
2075.80
1942.92
2098.46
1750.63
1714.12
1700.45
1705.81
1746.60
1862.98
2048.54
2190.25
2242.18
2268.34
2278.43
2291.37
2321.01
2308.70
2249.88
2230.22
2293.40
2384.86
2354.62
2280.61
2184.47
2050.68
1897.62
1772.88
1684.04
1636.12
1610.60
1606.92
1660.37
1770.48
1946.89
2087.63
2155.80
2139.29
1994.59
1966.81
2015.31
2068.26
2062.21
2058.13
2116.53
2220.56
2192.11
2123.47
2047.81
1951.40
1836.33
1726.18
1648.24
1602.81
1585.98
1583.79
1609.67
1663.84
1756.74
1837.49
1882.60
1869.07
1825.75
1800.47
1793.78
1805.28
1854.28
1969.71
2139.04
2296.48
2289.04
2230.52
2162.17
2078.01
1973.20
1876.96
1807.09
1764.44
1743.07
1736.57
1748.00
1784.93
1851.56
1911.84
1929.63
1891.00
1855.13
1839.83
1840.18
1849.20
1903.98
2022.52
2186.53
2334.80
2322.65
2266.63
2186.77
2071.00
1940.14
1824.30
1763.80
1728.19
1716.74
1724.72
1778.68
1910.62
2107.08
2259.05
2244.22
2137.93
2048.65
2003.25
1960.73
1947.22
2005.18
2095.51
2243.77
2404.47
2385.82
2307.76
2212.00
2090.04
1947.84
1825.57
1746.08
1704.56
1692.52
1704.34
1751.10
1874.42
2058.70
2198.81
2202.45
2101.76
2101.37
2122.74
2175.74
2221.67
2247.59
2268.94
2328.59
2422.68
2385.74
2300.35
2193.28
2066.18
1920.44
1798.01
1720.95
1676.59
1653.98
1651.55
1691.28
1803.89
1962.58
2106.01
2195.35
2223.42
2235.29
2233.89
2217.09
2190.34
2174.99
2185.49
2244.65
2349.86
2321.37
2242.41
2144.62
2017.71
1877.61
1748.39
1675.90
1631.47
1610.51
1618.39
1667.57
1779.44
1963.95
2116.99
2203.21
2236.31
2252.58
2243.25
2204.68
2167.97
2147.08
2171.33
2262.95
2420.13
2428.12
2374.07
2303.07
2201.19
2071.23
1955.88
1898.55
1858.00
1844.09
1855.44
1917.36
2042.86
2234.95
2385.92
2452.80
2421.00
2383.09
2362.29
2336.69
2326.74
2328.89
2358.38
2436.55
2554.58
2544.32
2491.08
2414.97
2312.95
2186.61
2074.19
1996.11
1945.52
1927.76
1923.44
1940.95
1998.23
2079.42
2158.01
2197.87
2189.56
2167.75
2138.62
2099.08
2059.89
2065.63
2125.39
2254.79
2408.40
2413.83
2346.42
2281.80
2198.25
2089.52
1992.69
1925.75
1888.68
1871.45
1870.61
1889.57
1934.42
2008.41
2078.51
2131.44
2168.69
2169.53
2167.30
2178.06
2155.89
2134.31
2151.53
2283.41
2435.37
2424.81
2349.64
2260.58
2145.57
2012.16
1897.82
1820.94
1781.57
1761.11
1767.87
1818.63
1940.56
2119.27
2280.10
2368.09
2409.38
2450.86
2468.69
2470.38
2448.79
2419.25
2391.25
2425.03
2492.21
2436.19
2338.93
2230.41
2109.16
1969.59
1846.48
1759.65
1711.74
1682.16
1678.13
1710.50
1794.78
1914.82
2027.28
2132.02
2194.23
2240.46
2278.00
2279.52
2256.50
2229.94
2230.00
2281.11
2385.26
2360.13
2272.14
2164.08
2043.60
1898.29
1781.98
1705.30
1657.89
1635.36
1649.14
1690.90
1806.46
1987.65
2129.15
2211.50
2225.81
2228.25
2230.64
2222.60
2206.01
2196.92
2203.63
2251.49
2378.13
2367.31
2284.57
2181.35
2060.77
1914.29
1795.72
1712.56
1671.27
1648.55
1646.84
1693.79
1812.07
1986.43
2126.87
2167.09
2126.22
2120.22
2142.20
2141.29
2135.09
2082.40
2074.60
2145.83
2302.05
2324.09
2259.44
2171.78
2058.65
1930.21
1819.33
1741.95
1706.03
1693.22
1694.18
1735.90
1842.40
2019.52
2152.53
2236.15
2272.34
2292.09
2280.79
2238.50
2175.93
2150.60
2124.14
2143.60
2246.35
2239.11
2165.06
2082.97
1986.94
1873.63
1763.40
1678.34
1634.43
1613.08
1604.08
1623.68
1681.43
1775.78
1840.54
1865.02
1828.11
1803.98
1796.51
1802.04
1776.37
1752.49
1809.04
1941.67
2104.76
2134.81
2083.35
2017.63
1938.76
1842.03
1747.21
1677.16
1633.71
1612.69
1607.49
1618.89
1658.39
1725.87
1792.95
1892.60
2006.77
2083.13
2160.99
2210.13
2221.73
2216.83
2210.22
2243.59
2332.61
2285.45
2153.08
2068.46
1970.06
1873.64
1774.35
1700.40
1663.77
1657.16
1673.70
1736.98
1871.09
2065.98
2216.20
2280.33
2281.14
2271.32
2253.42
2210.02
2164.85
2135.97
2147.76
2236.25
2396.14
2433.24
2377.10
2293.59
2175.17
2035.53
1911.64
1831.64
1784.38
1763.33
1762.36
1806.94
1912.72
2078.33
2223.85
2304.37
2332.82
2367.72
2400.86
2398.52
2368.53
2334.84
2326.18
2357.92
2451.17
2442.46
2360.74
2259.53
2134.05
1988.94
1864.37
1794.58
1760.14
1749.03
1760.35
1811.03
1937.76
2122.95
2271.01
2324.14
2316.31
2292.33
2273.14
2248.27
2206.94
2177.76
2181.59
2257.95
2401.31
2432.18
2372.71
2294.89
2170.59
2028.05
1897.36
1816.27
1770.36
1747.98
1753.18
1798.12
1922.60
2105.92
2249.46
2303.76
2288.47
2243.54
2238.86
2212.19
2154.78
2150.40
2181.59
2262.37
2407.23
2434.04
2375.79
2292.54
2180.11
2050.37
1935.99
1866.17
1830.30
1820.34
1827.79
1881.57
2009.28
2195.01
2327.72
2348.40
2321.03
2313.65
2326.10
2289.89
2285.46
2287.13
2286.98
2329.00
2411.25
2406.75
2339.88
2254.61
2149.22
2022.63
1902.76
1828.32
1776.79
1750.68
1747.27
1771.99
1822.99
1911.37
1994.91
2061.08
2111.79
2118.90
2103.29
2072.17
2023.58
2028.93
2069.05
2133.43
2251.06
2261.41
2188.10
2106.06
2007.91
1898.53
1792.77
1709.04
1666.87
1636.63
1625.15
1631.96
1663.54
1731.27
1798.33
1901.58
1983.38
2017.90
2024.27
2008.29
1994.78
1981.20
1965.86
2024.85
2145.43
2151.55
2077.13
1996.10
1898.11
1797.10
1698.48
1625.25
1584.75
1568.53
1573.90
1609.05
1697.42
1828.27
1935.10
2036.75
2115.07
2166.19
2192.22
2199.86
2194.94
2187.79
2195.15
2252.05
2347.22
2327.30
2234.75
2129.79
2008.84
1875.73
1761.96
1684.41
1633.98
1620.32
1616.03
1648.41
1751.76
1892.68
2024.70
2138.59
2174.02
2176.59
2200.21
2175.26
2145.67
2127.30
2120.84
2165.41
2267.83
2277.57
2198.84
2118.94
2016.70
1898.41
1793.44
1727.09
1689.38
1686.26
1695.04
1748.19
1871.27
2030.82
2131.65
2114.28
2070.01
2059.05
2002.15
1980.59
1979.86
2004.31
2069.03
2162.49
2329.62
2384.67
2320.49
2236.02
2129.15
1998.68
1878.76
1795.28
1743.88
1720.70
1718.47
1762.10
1876.65
2024.91
2142.41
2215.70
2233.94
2254.30
2261.71
2274.18
2269.96
2267.59
2274.77
2303.35
2396.97
2407.70
2325.11
2229.54
2111.19
1984.11
1864.29
1785.61
1738.30
1714.57
1716.70
1755.50
1850.45
1997.30
2117.82
2212.04
2271.21
2309.88
2330.05
2317.61
2295.91
2259.53
2237.88
2256.79
2328.17
2330.74
2258.29
2167.37
2061.77
1934.83
1817.91
1722.55
1678.23
1646.63
1635.15
1651.13
1709.78
1778.30
1855.95
1928.26
1973.69
1989.86
1979.39
1949.65
1918.58
1917.29
1946.02
2023.78
2144.16
2186.60
2125.33
2056.15
1975.05
1876.22
1786.65
1717.64
1675.67
1663.41
1659.44
1673.00
1727.98
1785.03
1827.19
1843.28
1850.39
1841.64
1825.01
1796.07
1761.67
1756.43
1814.91
1955.79
2135.46
2207.70
2165.82
2097.52
1999.10
1886.29
1793.79
1732.81
1698.05
1687.02
1691.13
1743.46
1861.00
2053.35
2199.91
2257.47
2249.23
2230.03
2229.91
2252.65
2251.80
2235.23
2240.49
2283.04
2371.84
2347.93
2248.52
2142.21
2016.88
1879.33
1750.00
1671.95
1625.77
1607.02
1604.98
1642.81
1760.59
1929.54
2054.36
2073.05
2047.64
1983.08
1914.15
1910.25
1959.27
1999.83
2034.38
2084.60
2200.74
2230.20
2152.48
2063.44
1945.97
1813.74
1684.61
1609.11
1562.30
1542.62
1545.37
1588.58
1711.95
1882.36
1965.05
1911.19
1848.07
1809.62
1785.38
1806.17
1821.34
1775.45
1787.31
1910.80
2080.29
2148.92
2083.45
1993.15
1878.07
1739.96
1611.14
1531.90
1487.55
1468.12
1474.02
1533.09
1656.12
1827.21
1912.75
1871.10
1810.56
1775.21
1751.38
1715.35
1704.90
1715.10
1779.11
1925.91
2102.67
2180.55
2128.09
2057.31
1949.32
1827.09
1709.90
1641.86
1605.32
1589.07
1601.73
1657.61
1773.64
1949.01
2021.22
1956.68
1869.75
1824.40
1761.04
1704.56
1688.90
1689.23
1783.45
1926.84
2069.63
2128.89
2082.77
2012.98
1922.78
1803.73
1703.45
1630.33
1587.39
1563.95
1561.46
1577.94
1624.97
1702.04
1791.82
1901.06
1985.55
2027.80
2033.10
2014.59
1973.26
1962.25
1942.88
1946.88
2021.41
2051.16
1989.99
1910.80
1822.28
1721.39
1621.55
1548.58
1498.08
1474.77
1470.58
1485.20
1522.72
1583.85
1634.17
1707.25
1733.09
1785.22
1780.85
1797.29
1796.37
1798.26
1837.81
1914.83
2018.20
2052.40
1988.14
1902.88
1795.33
1676.36
1567.58
1503.91
1463.44
1449.87
1456.27
1502.93
1630.40
1819.48
1955.73
2022.44
2040.61
2060.62
2081.76
2061.72
2015.95
1992.55
1956.46
2019.24
2183.12
2268.52
2208.50
2130.56
2027.26
1895.27
1790.67
1730.24
1708.77
1722.40
1749.27
1816.23
1948.59
2131.69
2198.66
2144.51
2059.46
2015.35
2003.17
1974.04
1961.94
1978.74
2064.89
2218.34
2388.10
2447.67
2381.30
2296.82
2166.73
2021.27
1897.27
1815.40
1763.74
1737.50
1737.81
1778.54
1888.60
2052.06
2140.70
2069.79
1920.76
1832.66
1790.89
1778.56
1790.81
1848.63
1896.65
2001.92
2152.38
2209.58
2141.22
2047.39
1926.80
1788.15
1666.27
1588.44
1545.32
1530.60
1538.98
1583.71
1704.30
1881.31
1972.41
1989.57
1979.43
1897.69
1925.52
1912.49
1880.92
1816.94
1842.28
1999.35
2188.58
2283.89
2236.57
2163.58
2057.16
1931.54
1822.86
1748.67
1711.93
1703.34
1707.55
1754.90
1876.28
2039.24
2108.81
2092.18
2014.17
1992.14
1946.60
1866.62
1828.14
1832.43
1891.08
2048.43
2210.97
2288.61
2227.55
2149.13
2053.47
1932.29
1819.14
1738.81
1693.26
1674.38
1669.85
1692.71
1750.64
1816.14
1815.29
1770.65
1729.01
1687.86
1659.76
1637.25
1639.11
1684.48
1788.98
1922.90
2082.81
2165.24
2120.93
2057.52
1971.33
1870.66
1772.74
1706.16
1664.81
1647.29
1642.39
1655.55
1703.59
1750.13
1736.34
1685.82
1642.80
1614.38
1597.28
1581.46
1569.67
1584.39
1673.77
1845.40
2036.27
2135.23
2095.29
2019.24
1912.57
1800.29
1702.77
1638.25
1607.42
1603.26
1622.75
1685.84
1823.49
2005.30
2048.27
1966.86
1871.98
1814.37
1774.04
1739.34
1723.52
1733.76
1811.63
1967.14
2146.56
2244.19
2181.61
2088.77
1967.18
1821.21
1701.11
1623.22
1578.27
1559.17
1558.79
1600.07
1726.39
1888.53
1933.73
1857.30
1734.40
1648.13
1617.42
1594.48
1582.22
1603.20
1677.53
1809.20
1966.11
2075.40
2027.39
1946.72
1834.47
1716.99
1610.43
1540.77
1515.06
1508.54
1533.58
1589.08
1715.37
1869.01
1905.05
1814.31
1713.23
1639.54
1601.20
1576.34
1571.71
1596.21
1659.00
1791.83
1954.62
2059.71
2016.11
1934.63
1823.67
1695.19
1576.17
1510.49
1468.98
1449.93
1453.05
1503.04
1609.42
1769.57
1896.24
1895.23
1858.26
1752.98
1673.93
1592.51
1553.84
1579.36
1651.68
1763.03
1878.89
1970.39
1917.24
1828.78
1716.92
1582.86
1469.01
1392.30
1347.13
1322.80
1319.23
1362.33
1475.54
1615.16
1649.70
1587.77
1524.83
1483.88
1467.04
1456.26
1453.92
1477.25
1543.27
1670.86
1807.80
1893.35
1849.87
1782.39
1706.07
1606.67
1510.63
1450.40
1424.08
1416.22
1430.69
1465.48
1532.46
1587.72
1589.09
1553.56
1512.59
1482.70
1458.59
1427.94
1412.08
1435.29
1515.44
1666.13
1833.07
1935.30
1903.19
1844.65
1766.65
1668.82
1577.75
1499.48
1478.39
1457.30
1434.36
1433.41
1459.01
1518.88
1552.83
1530.25
1479.10
1476.94
1523.16
1584.69
1628.32
1656.15
1693.92
1749.20
1851.64
1977.96
2072.65
2042.83
1960.31
1844.06
1740.68
1669.79
1638.50
1634.58
1646.66
1708.80
1845.01
2053.79
2200.26
2187.27
2077.91
1983.35
1926.27
1883.39
1846.42
1814.17
1825.22
1929.57
2098.80
2239.28
2305.99
2247.02
2134.49
1993.28
1869.30
1785.68
1743.45
1723.89
1732.72
1778.54
1896.61
2088.73
2213.02
2172.56
2048.27
1947.28
1955.77
1892.72
1837.29
1823.39
1861.45
1961.35
2085.05
2161.51
2187.74
2116.82
2004.53
1863.94
1734.31
1652.96
1610.75
1580.99
1595.42
1636.59
1749.29
1925.17
2053.28
2071.34
1990.77
1855.99
1738.86
1660.20
1622.73
1601.40
1607.89
1687.31
1823.79
1921.64
1986.62
1946.37
1853.34
1729.25
1608.95
1540.50
1498.37
1480.00
1475.32
1521.79
1640.76
1814.72
1941.78
2001.69
2019.52
2033.92
2026.64
2027.15
2023.06
2001.11
2004.62
2038.23
2091.53
2095.97
2072.68
1995.00
1885.15
1760.77
1639.16
1565.22
1522.43
1508.39
1518.95
1571.16
1699.37
1892.76
2015.82
1976.36
1871.12
1779.99
1723.13
1679.12
1635.39
1605.69
1615.42
1705.20
1836.64
1963.40
2043.30
2011.68
1932.71
1824.77
1709.67
1628.58
1583.74
1563.66
1557.89
1576.04
1631.00
1720.57
1769.99
1735.93
1643.62
1548.64
1471.02
1405.57
1347.33
1318.98
1336.73
1442.05
1584.85
1702.31
1784.37
1763.23
1701.48
1617.33
1527.75
1462.24
1419.69
1400.44
1400.55
1416.67
1460.01
1525.79
1567.62
1538.91
1467.82
1398.49
1339.15
1289.69
1256.28
1241.26
1277.25
1393.10
1552.32
1678.48
1770.50
1743.69
1650.06
1537.62
1436.99
1375.70
1345.35
1338.12
1353.28
1418.94
1551.19
1762.41
1884.30
1830.47
1707.94
1613.07
1554.19
1504.04
1464.85
1458.43
1487.61
1572.14
1716.60
1823.59
1889.35
1840.68
1738.69
1617.68
1492.86
1423.06
1386.56
1376.13
1388.72
1450.59
1573.93
1768.14
1877.12
1818.20
1689.22
1589.74
1528.42
1488.36
1466.69
1459.73
1492.05
1578.78
1709.71
1809.83
1876.54
1826.26
1714.09
1580.33
1455.09
1383.95
1343.99
1325.95
1330.56
1386.63
1499.33
1684.02
1798.25
1812.91
1745.72
1726.19
1731.75
1662.05
1655.46
1620.08
1677.40
1764.00
1837.84
1884.25
1895.32
1834.58
1719.43
1585.13
1454.00
1380.56
1334.15
1307.50
1306.32
1347.38
1446.64
1627.16
1748.52
1796.04
1790.51
1783.77
1757.94
1700.48
1577.65
1504.05
1514.46
1592.77
1729.88
1810.13
1868.95
1820.01
1708.16
1566.54
1434.30
1356.06
1299.78
1269.33
1265.12
1305.57
1389.41
1556.66
1694.05
1772.56
1795.83
1820.37
1843.07
1832.39
1714.96
1608.76
1577.59
1617.00
1706.90
1762.97
1752.37
1729.24
1647.53
1535.66
1424.78
1332.28
1289.18
1260.94
1249.11
1263.51
1308.76
1381.70
1441.11
1431.11
1386.21
1327.55
1271.21
1253.41
1216.80
1206.56
1257.48
1380.45
1504.45
1588.77
1649.76
1632.13
1563.79
1468.19
1375.52
1296.74
1246.31
1227.60
1219.49
1228.21
1257.69
1319.88
1383.89
1493.79
1594.84
1678.38
1738.12
1778.05
1783.30
1778.19
1783.71
1810.54
1850.05
1837.41
1812.86
1750.89
1647.38
1527.51
1410.75
1343.03
1302.36
1289.85
1301.55
1359.72
1495.00
1686.05
1817.36
1832.55
1771.17
1726.65
1672.78
1672.05
1579.32
1504.72
1515.44
1613.70
1763.16
1881.95
1954.25
1928.65
1824.35
1695.93
1577.79
1496.20
1467.63
1452.01
1459.73
1518.28
1633.18
1822.25
1907.07
1832.03
1698.16
1594.86
1523.08
1490.08
1460.05
1439.45
1457.82
1554.96
1695.82
1812.65
1887.58
1860.62
1753.27
1622.68
1491.80
1421.74
1376.21
1351.95
1348.23
1389.86
1502.53
1668.80
1773.87
1789.44
1786.83
1783.66
1791.60
1801.35
1821.30
1804.99
1776.43
1813.43
1871.39
1896.75
1897.54
1830.21
1712.26
1577.71
1461.08
1384.46
1332.25
1309.69
1300.27
1334.07
1443.73
1624.95
1776.48
1845.90
1881.58
1870.70
1847.12
1828.21
1820.49
1845.26
1856.19
1890.98
1929.53
1935.46
1971.59
1950.04
1865.03
1736.49
1615.82
1536.39
1494.75
1475.44
1483.38
1528.75
1636.59
1791.84
1892.14
1927.87
1903.29
1855.20
1813.17
1765.19
1758.76
1792.49
1840.45
1897.23
1956.36
1980.10
2003.12
1974.41
1897.70
1780.59
1664.55
1581.54
1531.42
1508.57
1500.18
1520.26
1569.38
1642.70
1674.10
1633.69
1557.75
1478.99
1423.44
1371.42
1323.37
1294.70
1310.79
1401.75
1555.62
1682.29
1776.05
1786.94
1725.29
1632.32
1540.62
1468.47
1422.94
1404.00
1403.51
1416.51
1454.18
1511.18
1542.89
1527.41
1474.61
1421.60
1376.93
1329.29
1251.62
1199.60
1215.71
1302.66
1431.51
1559.70
1667.67
1680.83
1603.29
1498.33
1398.68
1332.29
1297.74
1286.50
1297.98
1348.09
1469.10
1657.05
1778.75
1766.83
1694.38
1606.26
1538.71
1512.88
1486.50
1463.77
1475.57
1562.71
1708.43
1809.78
1871.05
1846.99
1737.85
1598.54
1477.33
1398.12
1356.57
1332.55
1340.18
1383.42
1505.96
1686.69
1777.57
1711.53
1600.33
1522.66
1480.81
1441.75
1444.18
1435.98
1453.47
1558.22
1687.31
1772.86
1834.70
1813.53
1699.22
1560.12
1440.14
1364.45
1321.55
1304.68
1311.24
1358.22
1479.54
1647.40
1721.94
1662.81
1568.10
1504.08
1492.83
1511.44
1508.73
1485.94
1491.94
1548.43
1667.84
1758.54
1817.93
1802.55
1694.81
1554.34
1431.64
1349.79
1304.03
1281.36
1279.15
1315.28
1424.92
1592.55
1683.08
1622.49
1532.48
1481.89
1487.16
1493.92
1486.17
1457.23
1478.86
1556.41
1665.94
1743.63
1796.82
1783.67
1674.14
1536.13
1410.43
1330.23
1280.24
1262.17
1258.90
1299.20
1409.28
1569.64
1650.75
1600.55
1518.87
1460.43
1424.75
1407.82
1408.52
1436.35
1441.70
1522.41
1616.25
1676.20
1726.30
1711.46
1621.24
1502.58
1387.55
1302.54
1248.34
1219.11
1205.79
1217.14
1259.75
1320.55
1364.81
1398.88
1348.58
1295.97
1256.38
1237.74
1233.77
1266.99
1309.87
1392.51
1514.81
1602.75
1652.69
1641.92
1557.47
1454.90
1349.63
1270.46
1216.57
1183.49
1171.60
1170.98
1192.52
1227.20
1290.41
1356.03
1393.97
1405.35
1399.28
1426.28
1475.31
1523.37
1550.35
1605.57
1681.36
1702.12
1727.30
1686.34
1580.25
1459.67
1351.29
1281.54
1242.21
1225.93
1229.43
1272.50
1395.41
1578.24
1715.30
1761.98
1789.47
1836.07
1849.47
1837.12
1814.28
1806.89
1804.78
1814.24
1853.18
1859.28
1886.68
1861.04
1760.31
1621.41
1496.67
1428.26
1383.38
1360.19
1359.82
1398.61
1507.53
1674.39
1754.10
1681.85
1653.64
1647.82
1597.91
1538.07
1490.11
1529.89
1555.38
1644.89
1735.84
1787.74
1819.92
1799.23
1686.47
1553.52
1430.11
1347.38
1304.19
1278.87
1276.53
1316.60
1423.97
1582.06
1685.63
1696.02
1622.07
1519.82
1450.41
1417.78
1424.01
1489.85
1566.30
1614.56
1688.13
1759.73
1798.19
1783.14
1673.00
1537.79
1416.34
1342.48
1291.23
1268.24
1266.35
1305.32
1415.27
1582.85
1708.39
1776.94
1811.69
1846.70
1870.32
1878.12
1868.04
1845.15
1844.70
1875.40
1915.60
1910.98
1908.26
1867.04
1764.78
1637.44
1524.89
1452.01
1407.02
1387.77
1393.29
1434.62
1539.00
1710.65
1861.78
1960.06
2011.69
2039.66
2052.35
2038.55
2016.66
1983.03
1956.17
1972.90
1988.92
1982.49
1975.92
1941.29
1841.33
1710.46
1596.89
1518.05
1467.69
1438.00
1422.16
1433.03
1471.36
1528.00
1584.16
1647.97
1704.68
1714.34
1706.63
1654.70
1578.51
1538.75
1590.69
1664.15
1723.72
1753.83
1772.70
1744.35
1665.15
1565.02
1470.36
1395.68
1344.80
1330.43
1322.65
1330.58
1362.86
1396.58
1424.99
1415.10
1376.19
1315.51
1310.92
1357.71
1354.15
1333.31
1348.59
1417.72
1549.21
1623.71
1670.15
1665.26
1583.29
1472.67
1377.44
1312.06
1279.71
1264.38
1271.44
1314.60
1410.86
1534.00
1589.82
1546.90
1484.99
1447.20
1483.59
1566.13
1552.36
1571.29
1576.25
1614.05
1714.09
1756.64
1786.82
1765.93
1660.14
1543.51
1435.20
1353.13
1314.31
1298.01
1302.66
1345.01
1458.82
1589.81
1651.12
1610.37
1539.47
1480.55
1462.35
1507.37
1598.10
1600.14
1645.71
1668.81
1693.62
1732.09
1782.10
1784.28
1683.62
1555.53
1437.63
1360.59
1314.83
1294.33
1297.93
1339.28
1439.59
1565.06
1634.05
1602.32
1562.95
1544.58
1634.63
1720.48
1672.06
1605.85
1696.57
1790.06
1828.15
1850.05
1843.75
1823.88
1732.59
1621.44
1525.83
1450.41
1415.56
1406.32
1415.24
1461.00
1574.23
1704.93
1777.03
1787.92
1771.53
1755.47
1736.60
1719.66
1696.30
1699.13
1695.32
1721.07
1811.69
1895.51
1937.63
1949.46
1860.40
1730.27
1613.74
1535.64
1487.13
1466.19
1468.54
1509.26
1607.41
1724.90
1759.50
1693.32
1592.86
1567.38
1575.40
1522.22
1478.75
1420.38
1413.22
1479.32
1593.48
1691.32
1745.26
1769.94
1691.85
1585.16
1476.44
1402.52
1352.63
1327.60
1324.15
1337.05
1378.44
1422.53
1430.64
1391.36
1333.52
1275.48
1236.57
1238.04
1225.87
1230.84
1253.04
1324.08
1449.57
1530.45
1588.81
1610.97
1542.98
1441.17
1344.16
1267.80
1220.93
1197.66
1192.19
1193.17
1218.95
1258.24
1315.40
1415.20
1488.57
1534.28
1545.62
1546.16
1569.65
1577.13
1589.07
1631.41
1676.67
1684.96
1696.79
1695.82
1605.97
1484.62
1380.40
1301.64
1267.31
1258.56
1269.84
1321.97
1440.19
1608.78
1686.57
1647.43
1557.69
1503.74
1468.38
1442.93
1421.77
1400.40
1422.92
1508.94
1652.92
1758.35
1810.76
1828.74
1736.13
1602.81
1482.50
1406.80
1369.63
1352.78
1358.12
1406.73
1510.58
1675.29
1802.29
1850.49
1864.53
1847.16
1773.61
1629.64
1580.08
1468.33
1473.78
1553.32
1666.01
1750.12
1796.34
1810.12
1705.38
1561.94
1437.08
1354.77
1306.14
1282.95
1278.78
1310.85
1420.50
1584.25
1702.86
1708.87
1612.94
1556.64
1553.27
1558.55
1523.99
1569.93
1628.76
1684.26
1771.44
1811.94
1828.29
1787.36
1672.07
1536.16
1416.68
1332.84
1285.09
1258.97
1253.04
1289.00
1386.80
1537.73
1661.62
1728.01
1787.81
1818.46
1829.11
1856.78
1869.07
1848.61
1839.89
1864.68
1903.85
1899.03
1872.45
1812.25
1698.87
1566.51
1449.61
1367.48
1313.49
1289.70
1284.53
1315.96
1413.28
1561.57
1642.96
1657.65
1715.90
1731.24
1717.42
1696.51
1625.84
1544.24
1535.10
1565.52
1626.04
1686.25
1733.90
1747.15
1672.00
1562.40
1451.40
1376.01
1322.47
1298.65
1293.08
1302.77
1346.01
1394.04
1449.30
1409.88
1346.54
1281.79
1244.89
1208.48
1176.74
1163.51
1191.96
1279.84
1414.67
1514.28
1582.39
1626.66
1566.38
1470.06
1372.03
1298.19
1248.11
1221.29
1216.22
1219.14
1245.84
1261.08
1265.29
1275.68
1279.25
1229.56
1242.35
1288.00
1299.32
1482.56
1511.79
1541.17
1614.23
1651.51
1668.79
1654.56
1558.99
1440.43
1328.02
1252.56
1213.33
1194.10
1196.23
1237.99
1347.62
1504.02
1602.30
1613.55
1596.25
1534.95
1502.87
1538.38
1608.80
1672.15
1705.99
1694.05
1741.55
1776.50
1798.51
1778.23
1671.27
1529.60
1403.64
1317.59
1273.83
1251.73
1250.72
1282.93
1385.27
1559.03
1695.89
1766.22
1801.18
1791.54
1766.12
1748.81
1710.47
1662.62
1638.78
1632.07
1727.53
1792.20
1812.05
1800.03
1691.23
1551.06
1427.53
1341.19
1292.70
1275.64
1270.78
1310.95
1413.89
1580.06
1723.30
1775.93
1806.30
1833.19
1840.69
1846.79
1846.13
1799.30
1807.68
1853.15
1883.63
1876.67
1856.22
1822.15
1717.33
1582.95
1457.69
1377.70
1323.82
1304.74
1302.97
1339.22
1442.64
1584.95
1649.71
1626.10
1557.36
1517.50
1456.84
1405.41
1378.61
1374.39
1395.05
1476.89
1606.91
1698.33
1752.66
1792.36
1702.54
1567.66
1445.37
1357.50
1309.48
1287.14
1278.81
1315.92
1416.12
1550.35
1607.95
1551.80
1481.60
1434.66
1475.45
1564.09
1623.02
1618.94
1582.07
1618.53
1672.57
1705.57
1718.89
1722.67
1649.16
1535.04
1421.48
1344.30
1292.62
1263.77
1255.67
1268.89
1305.82
1355.95
1402.90
1442.98
1453.88
1432.11
1408.36
1389.84
1366.91
1367.98
1410.13
1463.00
1521.96
1574.39
1609.29
1631.39
1569.98
1468.48
1365.86
1288.07
1240.43
1214.72
1206.18
1212.24
1237.52
1263.92
1266.87
1258.89
1220.73
1178.18
1155.87
1153.30
1179.71
1232.79
1335.48
1389.44
1481.55
1556.82
1597.33
1617.51
1545.23
1427.91
1319.12
1250.90
1210.07
1192.52
1200.31
1246.22
1352.04
1529.60
1656.66
1663.47
1674.12
1734.38
1671.01
1558.85
1563.36
1603.98
1626.15
1684.84
1740.23
1765.48
1777.24
1785.97
1688.62
1546.70
1418.33
1334.95
1287.28
1264.71
1263.47
1298.33
1396.34
1538.28
1601.20
1536.15
1449.26
1412.14
1380.61
1385.35
1426.61
1478.90
1497.50
1527.41
1628.55
1721.15
1762.86
1785.49
1701.43
1562.58
1439.41
1355.25
1316.98
1300.93
1298.57
1330.85
1425.35
1570.41
1632.04
1607.14
1555.82
1425.03
1464.06
1496.51
1561.15
1552.29
1546.44
1596.32
1671.52
1721.85
1754.47
1772.91
1686.47
1545.74
1421.75
1336.83
1291.40
1271.41
1268.43
1312.63
1415.62
1562.07
1615.29
1564.80
1502.53
1535.24
1588.58
1543.12
1509.25
1532.64
1526.04
1559.29
1644.22
1713.17
1736.99
1759.97
1678.52
1541.42
1411.10
1324.46
1284.51
1259.32
1259.02
1298.34
1391.13
1532.64
1587.73
1550.81
1491.13
1456.68
1460.65
1527.29
1583.02
1572.61
1580.61
1585.55
1647.83
1689.49
1701.03
1720.11
1651.97
1524.94
1400.84
1312.36
1251.03
1220.50
1208.83
1216.99
1239.74
1274.98
1309.33
1314.98
1319.44
1280.60
1263.84
1302.19
1327.60
1313.16
1352.50
1421.92
1501.74
1580.19
1608.04
1623.70
1562.17
1453.90
1344.99
1261.84
1206.83
1177.24
1159.40
1163.41
1177.77
1198.88
1241.63
1279.13
1259.96
1223.00
1267.23
1309.70
1303.38
1319.90
1375.57
1492.65
1604.87
1655.74
1671.24
1671.88
1592.81
1460.98
1342.25
1252.45
1207.39
1185.63
1185.36
1224.47
1319.88
1468.11
1554.39
1548.54
1518.31
1510.38
1528.86
1573.88
1608.89
1631.40
1694.79
1774.76
1825.91
1837.01
1833.45
1834.95
1746.12
1591.73
1447.83
1347.67
1293.22
1263.55
1253.89
1283.86
1375.94
1512.36
1599.39
1582.79
1550.05
1551.99
1574.65
1624.34
1666.36
1655.74
1698.40
1780.54
1886.71
1940.60
1936.88
1937.28
1840.67
1676.42
1526.56
1418.34
1356.01
1315.24
1305.54
1329.99
1405.92
1549.87
1646.94
1643.70
1615.25
1600.83
1617.55
1646.88
1689.29
1738.91
1804.10
1904.12
2001.51
2029.84
2025.37
2010.08
1888.86
1724.25
1559.17
1442.89
1374.59
1330.67
1313.78
1338.16
1410.22
1544.52
1635.31
1641.45
1608.86
1594.64
1606.48
1627.71
1667.80
1711.33
1781.85
1879.55
1973.40
2013.04
1986.58
1973.88
1871.29
1700.48
1543.21
1431.13
1358.26
1320.80
1307.83
1334.17
1413.29
1559.50
1671.66
1682.28
1658.59
1623.85
1635.20
1642.88
1666.97
1737.31
1831.44
1934.26
2031.75
2067.51
2033.06
2009.02
1916.85
1764.78
1611.64
1498.71
1420.83
1369.45
1341.13
1337.49
1351.70
1383.06
1437.10
1491.96
1576.66
1617.58
1660.99
1748.16
1866.18
1900.97
1944.58
1996.21
2073.35
2098.70
2078.82
2075.39
2013.21
1882.84
1737.16
1615.29
1531.70
1470.91
1434.81
1417.28
1408.60
1432.25
1499.24
1584.00
1650.80
1710.29
1786.14
1885.94
2012.59
2071.99
2089.65
2115.05
2067.41
2028.20
1968.43
1916.63
1809.69
1648.43
1497.95
1388.47
1325.49
1289.00
1276.35
1306.74
1377.30
1521.27
1608.27
1626.29
1604.18
1610.70
1653.26
1646.89
1660.53
1679.76
1697.28
1745.99
1832.58
1878.11
1869.42
1849.08
1756.09
1597.28
1455.01
1356.78
1308.77
1276.58
1270.09
1308.69
1382.25
1517.93
1601.38
1590.08
1549.37
1557.27
1561.91
1578.62
1622.87
1671.52
1733.66
1848.35
1967.62
1989.79
1979.44
1981.12
1888.62
1726.46
1572.78
1467.07
1407.89
1370.20
1362.31
1392.99
1471.00
1624.00
1742.96
1783.96
1801.48
1859.09
1954.27
2069.36
2192.19
2301.94
2399.15
2488.55
2561.70
2560.35
2458.41
2329.98
2168.99
1986.60
1813.70
1694.36
1619.44
1571.45
1538.84
1554.13
1619.32
1757.00
1853.79
1856.77
1822.50
1829.24
1868.66
1894.11
1895.91
1914.85
1977.60
2036.73
2100.30
2102.16
2067.55
2027.88
1929.67
1753.97
1584.51
1460.23
1376.44
1330.27
1313.05
1331.31
1396.92
1504.71
1597.56
1618.79
1554.14
1554.35
1574.23
1622.40
1595.69
1601.13
1643.80
1677.63
1720.77
1741.77
1722.20
1697.01
1616.23
1507.80
1396.33
1314.93
1268.91
1238.75
1224.87
1228.22
1253.47
1306.12
1385.08
1486.85
1564.68
1624.49
1638.58
1629.21
1613.35
1619.44
1615.22
1609.18
1643.79
1649.83
1639.49
1636.63
1579.67
1484.98
1385.12
1307.16
1254.13
1233.20
1217.59
1220.42
1237.17
1279.71
1356.51
1452.44
1542.76
1603.27
1656.97
1659.51
1637.39
1616.75
1621.70
1652.43
1691.65
1686.19
1659.22
1645.40
1579.44
1480.77
1380.63
1305.39
1254.48
1231.46
1223.68
1237.01
1264.47
1304.83
1346.86
1383.78
1437.23
1494.06
1547.96
1605.31
1599.54
1553.25
1529.46
1539.20
1578.90
1609.31
1634.24
1653.98
1601.71
1481.47
1357.70
1279.44
1232.94
1216.71
1217.72
1263.77
1352.42
1509.98
1602.02
1623.41
1647.26
1658.50
1665.10
1638.11
1569.34
1548.93
1598.75
1671.81
1791.89
1863.18
1866.88
1862.61
1796.76
1651.17
1503.46
1407.82
1346.89
1311.72
1297.72
1326.99
1396.46
1535.55
1625.39
1622.48
1617.49
1611.16
1654.13
1708.91
1763.18
1822.34
1872.70
1971.22
2048.04
2066.93
2052.20
2030.77
1933.59
1778.97
1629.41
1514.77
1443.97
1398.57
1379.25
1403.91
1487.14
1614.88
1710.21
1760.85
1773.68
1807.89
1792.85
1806.18
1879.44
1940.45
1974.13
2003.22
2032.79
2054.04
2043.01
2040.75
1963.85
1820.03
1674.83
1574.04
1509.18
1469.60
1454.82
1480.17
1565.57
1715.99
1837.38
1912.19
1969.33
2002.83
2023.77
2049.02
2115.85
2104.65
2060.24
2071.63
2103.13
2125.61
2114.62
2098.06
2035.81
1878.53
1726.15
1602.69
1513.19
1458.14
1422.59
1416.21
1414.91
1463.82
1530.20
1606.66
1671.03
1755.45
1849.11
1929.61
2011.33
2107.50
2231.17
2349.37
2434.31
2453.99
2398.89
2353.62
2266.80
2094.97
1917.59
1761.80
1660.95
1586.28
1536.85
1506.85
1482.86
1521.83
1595.50
1705.16
1811.69
1913.00
2024.22
2119.45
2196.19
2283.17
2396.50
2515.54
2610.99
2650.22
2638.93
2578.46
2466.77
2256.26
2045.31
1899.89
1786.85
1714.47
1670.50
1674.67
1740.17
1924.70
2108.87
2223.43
2328.81
2453.64
2577.03
2674.43
2745.21
2797.45
2876.26
2956.21
3036.68
3043.47
3006.89
2924.87
2778.06
2548.15
2319.39
2154.42
2040.44
1958.82
1915.87
1921.42
1988.24
2154.32
2325.10
2451.06
2559.16
2663.64
2755.58
2885.47
3027.08
3009.19
2966.72
2890.89
2859.81
2784.64
2698.29
2642.24
2520.24
2326.89
2132.73
1986.79
1904.78
1842.73
1811.96
1827.18
1909.32
2075.73
2229.28
2315.85
2364.60
2437.69
2538.82
2629.92
2726.57
2823.58
2890.74
2936.60
2956.85
2914.70
2830.01
2738.89
2583.00
2341.25
2093.54
1905.39
1764.78
1690.39
1639.60
1633.96
1684.83
1810.84
1913.03
1922.72
1911.50
1913.79
1931.63
1951.23
2032.85
2050.28
2096.47
2155.83
2223.33
2266.67
2214.88
2135.90
2032.64
1855.94
1679.83
1552.28
1467.60
1413.40
1397.49
1416.82
1481.92
1600.25
1685.61
1699.88
1696.58
1717.74
1721.78
1743.01
1785.22
1861.46
1924.36
1922.56
1904.97
1878.11
1860.89
1848.86
1790.33
1676.64
1552.50
1459.86
1401.12
1364.66
1349.98
1355.01
1373.04
1423.52
1503.38
1552.49
1574.54
1598.17
1586.96
1552.84
1516.33
1527.09
1574.70
1659.30
1765.96
1838.36
1843.22
1819.42
1773.77
1664.15
1540.96
1444.10
1377.69
1335.42
1310.26
1303.85
1292.84
1318.74
1357.64
1404.59
1440.01
1478.08
1544.21
1628.93
1678.77
1727.78
1815.36
1914.62
2022.41
2079.27
2070.06
2025.48
1953.94
1799.47
1641.08
1517.31
1443.64
1397.00
1376.56
1402.08
1478.53
1640.09
1805.12
1926.87
1976.57
1997.74
1990.97
1944.83
1967.72
1960.70
1941.75
1957.93
1994.74
1989.00
1966.76
1944.42
1870.09
1742.49
1612.65
1524.53
1468.07
1434.18
1418.65
1444.43
1531.35
1683.07
1797.76
1838.32
1835.28
1876.04
1910.36
1912.60
1967.61
1998.76
2043.87
2122.76
2187.35
2202.12
2172.64
2121.12
2039.70
1871.85
1702.39
1584.17
1505.35
1456.11
1429.70
1443.17
1495.78
1632.21
1712.07
1711.22
1684.16
1673.11
1663.99
1683.27
1706.62
1744.50
1791.61
1871.26
1958.47
2006.37
1988.44
1948.48
1879.68
1729.78
1585.22
1473.70
1407.74
1367.29
1350.04
1369.20
1433.94
1559.53
1643.08
1651.15
1631.05
1635.45
1646.91
1658.92
1693.55
1740.78
1799.46
1897.90
1997.26
2058.07
2041.57
1993.77
1927.47
1775.80
1614.87
1503.31
1428.98
1382.10
1360.59
1373.41
1415.82
1542.11
1627.92
1659.31
1665.75
1692.51
1721.41
1751.92
1801.05
1867.22
1960.68
2087.41
2165.91
2144.54
2107.92
2079.95
2016.76
1885.41
1743.69
1625.35
1552.55
1500.19
1469.81
1462.31
1474.27
1518.06
1582.54
1657.23
1713.82
1798.99
1902.30
1982.67
2084.36
2135.58
2212.53
2284.52
2285.69
2268.95
2241.60
2196.24
2096.99
1952.52
1803.30
1680.69
1596.08
1537.71
1496.85
1481.32
1478.73
1490.59
1535.77
1615.37
1698.17
1787.34
1865.79
1940.91
1996.73
2074.82
2179.37
2296.27
2396.29
2455.06
2445.05
2407.00
2348.53
2178.98
1995.31
1856.98
1755.95
1687.92
1655.93
1667.95
1735.65
1903.11
2076.20
2197.95
2293.42
2429.22
2546.91
2622.74
2702.06
2735.17
2761.35
2806.23
2857.38
2849.17
2789.28
2721.60
2607.63
2407.97
2204.64
2045.01
1932.54
1854.74
1824.68
1835.85
1904.97
2037.81
2156.80
2241.61
2321.91
2399.51
2437.47
2387.61
2350.86
2277.19
2185.43
2132.12
2149.31
2123.00
2059.51
2008.73
1926.37
1778.83
1634.74
1523.86
1454.32
1407.27
1384.83
1397.53
1438.36
1565.45
1648.53
1655.89
1629.69
1648.32
1648.38
1672.78
1708.84
1757.10
1789.04
1844.82
1931.04
1990.08
1981.38
1936.37
1871.13
1729.00
1577.09
1474.03
1410.04
1368.71
1352.03
1372.53
1428.66
1551.91
1641.73
1668.59
1670.74
1684.36
1703.06
1724.54
1770.75
1818.46
1884.91
1966.41
2036.54
2081.18
2045.93
1991.05
1920.81
1768.23
1617.01
1523.89
1458.17
1419.91
1405.90
1432.14
1506.70
1622.95
1737.63
1814.03
1854.79
1887.41
1910.66
1916.80
1913.61
1912.40
1906.64
1899.46
1938.12
1969.35
1966.77
1963.12
1920.25
1801.11
1665.76
1559.68
1495.27
1450.80
1433.18
1435.17
1454.63
1507.20
1587.24
1690.60
1771.92
1793.67
1852.33
1947.07
2037.07
2119.47
2191.19
2223.49
2242.71
2245.77
2239.68
2231.98
2186.74
2078.58
1942.87
1832.81
1747.35
1687.12
1659.27
1645.20
1641.11
1674.91
1753.64
1856.96
1965.93
2058.38
2146.39
2239.53
2309.99
2387.04
2487.46
2614.67
2724.84
2752.25
2726.99
2682.63
2602.16
2413.12
2215.10
2058.55
1944.56
1872.36
1837.10
1850.01
1918.20
2094.68
2289.20
2435.25
2568.71
2702.62
2849.74
2957.59
3067.41
3138.97
3186.83
3217.66
3268.88
3289.99
3261.48
3187.55
3058.55
2817.98
2587.39
2411.41
2274.73
2179.43
2116.32
2109.01
2159.46
2327.09
2525.08
2674.15
2776.34
2894.39
2995.21
3093.29
3196.79
3293.65
3315.17
3278.50
3317.44
3274.99
3170.91
3086.82
2943.53
2714.92
2493.53
2328.42
2207.59
2123.35
2065.40
2060.59
2112.73
2260.26
2451.19
2578.34
2687.01
2798.77
2900.28
3016.77
3118.47
3202.43
3258.05
3292.77
3172.34
2951.83
2868.39
2767.10
2620.39
2429.45
2244.47
2099.97
2006.87
1942.82
1900.95
1903.21
1968.49
2100.91
2226.61
2317.09
2351.25
2422.62
2479.32
2488.14
2493.13
2474.50
2455.04
2437.84
2457.95
2424.98
2384.64
2331.32
2218.93
2063.00
1905.67
1784.81
1702.37
1643.00
1618.35
1625.96
1693.38
1807.21
1916.51
1998.76
2043.06
2061.45
2048.20
2018.20
1987.66
1952.07
1908.45
1882.98
1884.34
1843.94
1798.82
1773.33
1712.03
1609.36
1501.74
1422.01
1365.01
1326.72
1310.33
1309.90
1328.30
1355.61
1412.62
1490.83
1557.19
1595.45
1589.93
1595.79
1629.21
1594.95
1611.86
1622.79
1647.27
1653.30
1633.89
1621.31
1570.04
1487.42
1398.05
1326.83
1276.07
1243.38
1221.34
1222.83
1222.05
1237.97
1278.57
1341.86
1390.17
1438.42
1431.78
1431.69
1420.45
1429.93
1457.70
1480.86
1563.76
1591.91
1608.89
1612.04
1588.19
1518.87
1434.64
1354.19
1298.54
1258.60
1245.95
1249.77
1262.22
1295.68
1343.98
1392.18
1433.71
1481.46
1537.96
1582.97
1599.96
1612.51
1647.45
1754.37
1857.75
1918.88
1931.24
1941.10
1897.20
1784.57
1655.47
1556.71
1488.83
1454.59
1444.37
1468.39
1536.63
1678.11
1838.43
1942.10
2019.97
2122.14
2132.64
2203.59
2394.66
2535.37
2674.11
2794.61
2679.32
2522.26
2414.92
2337.15
2250.03
2086.58
1927.36
1801.70
1718.48
1662.80
1629.91
1636.54
1691.78
1828.53
1982.92
2096.31
2189.53
2291.38
2405.86
2498.91
2584.78
2713.51
2820.23
2900.23
2865.50
2734.09
2609.73
2524.01
2405.25
2224.03
2035.16
1891.11
1795.90
1718.19
1672.82
1658.91
1695.05
1790.58
1890.07
1955.18
2016.87
2062.69
2088.32
2098.11
2120.27
2098.51
2076.65
2052.27
2049.08
2030.00
1983.77
1954.67
1886.22
1768.98
1648.54
1561.39
1497.37
1466.09
1452.44
1474.59
1548.81
1667.85
1809.84
1923.70
1999.15
2053.55
2073.09
2061.08
1992.53
1959.55
1926.35
1972.41
2067.54
2150.50
2145.26
2116.67
2070.55
1948.27
1817.18
1708.46
1625.56
1571.20
1535.00
1515.75
1514.64
1537.49
1593.63
1660.87
1730.80
1734.23
1735.08
1762.78
1789.65
1793.01
1830.74
1871.48
1955.02
2009.44
1997.63
1970.28
1923.02
1807.06
1679.81
1580.25
1499.94
1451.30
1422.87
1409.26
1400.51
1419.35
1481.74
1590.71
1649.39
1681.53
1749.20
1838.80
1961.64
2039.65
2069.24
2084.63
2108.26
2079.21
2028.99
1998.79
1927.16
1812.29
1688.83
1588.77
1529.15
1488.64
1472.22
1497.68
1587.13
1730.30
1877.17
1981.67
2033.98
2056.98
2077.09
2106.88
2112.64
2107.49
2101.08
2116.51
2125.78
2095.04
2054.73
2024.60
1950.37
1831.67
1699.87
1594.46
1536.49
1494.02
1479.18
1500.26
1581.08
1704.32
1845.29
1934.73
1987.16
2040.47
2075.68
2065.99
2075.17
2086.14
2070.39
2073.90
2092.02
2077.88
2043.42
2023.14
1948.83
1823.26
1695.63
1607.13
1541.86
1502.08
1489.23
1514.54
1594.93
1732.12
1883.88
1973.56
2022.67
2070.05
2129.27
2147.67
2187.69
2280.15
2409.66
2541.20
2659.93
2662.10
2578.46
2471.35
2329.67
2155.25
1978.14
1840.18
1745.51
1676.14
1640.12
1647.19
1711.45
1852.70
1992.22
2081.33
2138.59
2211.54
2317.99
2416.88
2526.89
2625.47
2706.49
2772.34
2840.33
2850.22
2805.48
2731.56
2618.58
2410.68
2209.31
2058.86
1948.19
1872.98
1830.58
1835.94
1891.53
2026.91
2181.48
2314.60
2433.90
2525.30
2627.67
2743.49
2864.16
2905.53
2863.78
2843.32
2804.69
2792.89
2742.48
2674.75
2567.13
2391.60
2192.60
2049.81
1933.47
1850.23
1800.66
1777.33
1777.08
1788.21
1863.27
1952.32
2026.78
2046.27
2101.00
2187.50
2288.75
2401.25
2523.62
2590.45
2536.22
2447.71
2341.84
2270.23
2172.84
2036.17
1890.01
1781.73
1694.68
1632.79
1590.86
1577.39
1573.04
1592.83
1646.28
1732.23
1822.14
1887.26
1929.84
1957.21
1960.64
1969.30
2005.57
2080.23
2166.30
2166.56
2132.54
2097.13
1996.26
1879.16
1737.28
1648.31
1581.88
1540.06
1526.60
1552.30
1648.44
1796.76
1930.21
2011.73
2051.07
2082.80
2130.52
2164.80
2186.95
2168.86
2188.75
2200.07
2244.93
2278.67
2269.14
2243.73
2164.37
2007.50
1846.79
1725.28
1647.86
1596.17
1567.39
1587.13
1659.27
1793.00
1926.88
2016.73
2066.83
2128.99
2204.76
2289.79
2387.96
2483.77
2590.88
2673.54
2750.33
2760.61
2705.10
2644.42
2520.39
2315.33
2116.65
1925.63
1801.49
1725.22
1673.75
1676.03
1733.99
1845.95
1973.49
2057.03
2084.44
2121.69
2179.37
2218.61
2301.08
2364.99
2398.72
2446.45
2511.90
2507.24
2422.77
2348.27
2224.73
2035.84
1853.98
1713.37
1619.26
1556.16
1524.20
1529.26
1586.10
1702.77
1817.15
1860.49
1876.01
1901.19
1964.39
2055.64
2135.67
2174.84
2246.71
2283.06
2297.29
2301.00
2256.44
2224.74
2139.09
1985.96
1826.93
1705.04
1617.95
1570.34
1535.02
1544.22
1599.34
1699.69
1812.15
1872.32
1882.06
1909.22
1956.70
2008.71
2088.79
2160.54
2175.76
2182.94
2228.17
2235.69
2188.97
2140.05
2058.95
1916.23
1763.43
1643.44
1556.35
1488.99
1456.41
1440.98
1447.28
1479.37
1540.92
1584.40
1615.44
1649.50
1687.17
1731.17
1780.67
1838.41
1918.99
2027.97
2130.96
2166.62
2115.07
2078.74
2006.30
1877.39
1748.30
1636.93
1565.56
1512.68
1488.09
1476.62
1485.42
1512.21
1573.39
1655.85
1738.48
1824.49
1845.32
1838.43
1840.62
1856.78
1890.92
1940.06
2005.23
2073.86
2094.97
2096.34
2048.62
1923.40
1796.28
1688.76
1616.90
1574.08
1559.32
1585.38
1667.44
1806.24
1943.52
2033.52
2104.41
2204.05
2304.44
2397.19
2476.98
2541.65
2618.03
2686.69
2743.82
2737.94
2663.65
2574.48
2428.99
2217.86
2024.22
1866.88
1760.59
1690.19
1644.40
1646.02
1703.81
1826.35
1951.11
2030.65
2095.92
2168.56
2275.93
2372.29
2483.98
2574.89
2676.33
2765.21
2822.52
2681.46
2458.95
2361.32
2235.31
2072.01
1917.79
1794.47
1711.10
1656.59
1629.11
1642.09
1713.98
1832.02
1936.23
2000.67
2002.90
1989.31
2007.00
2015.47
2025.51
2078.20
2135.62
2213.05
2267.75
2282.67
2243.42
2188.58
2091.00
1926.53
1772.24
1663.31
1584.85
1546.17
1527.18
1546.50
1628.23
1752.22
1870.32
1943.47
1981.47
2005.08
2110.83
2208.84
2287.20
2283.83
2256.71
2207.94
2192.61
2155.54
2115.21
2091.68
2018.49
1891.22
1768.61
1671.39
1602.88
1547.25
1521.20
1535.58
1604.59
1709.78
1823.73
1876.79
1914.07
1945.21
1990.90
2020.75
2067.06
2082.76
2063.81
2098.47
2123.96
2096.04
2045.43
1995.63
1906.73
1764.93
1630.81
1522.44
1436.52
1388.29
1358.07
1352.13
1365.73
1387.30
1430.10
1451.26
1459.54
1442.07
1441.43
1448.47
1469.21
1520.38
1593.31
1680.25
1763.04
1810.12
1797.71
1793.77
1725.53
1613.24
1503.83
1416.80
1350.11
1316.48
1295.90
1286.80
1291.23
1300.37
1336.05
1378.26
1420.59
1452.50
1489.54
1552.97
1624.43
1685.48
1784.71
1881.38
1951.81
1969.96
1969.66
1962.16
1872.56
1743.06
1623.75
1529.36
1468.07
1432.93
1421.89
1452.39
1539.58
1660.41
1778.71
1833.07
1864.39
1925.01
1939.60
1961.83
1975.37
2003.33
2046.54
2103.89
2193.48
2226.17
2180.04
2129.30
2018.75
1858.92
1700.02
1580.06
1501.14
1449.70
1425.79
1436.04
1504.04
1614.39
1714.79
1768.79
1790.74
1819.27
1873.37
1915.72
1963.81
1988.78
2001.85
2054.15
2108.32
2130.30
2106.95
2090.90
1992.46
1843.20
1698.39
1590.14
1512.95
1471.44
1448.90
1468.96
1542.67
1654.18
1749.48
1795.92
1858.43
1906.43
1958.54
1979.32
2002.43
2071.48
2105.20
2109.22
2133.52
2137.08
2115.72
2092.88
1996.37
1859.78
1720.80
1626.22
1551.53
1514.07
1495.37
1516.68
1601.82
1730.23
1863.05
1963.42
2017.04
2046.74
2048.46
2039.03
2020.74
2012.14
2022.60
2043.63
2092.43
2098.73
2080.72
2071.71
1997.66
1858.47
1732.26
1621.97
1550.50
1506.48
1491.46
1509.89
1580.53
1700.44
1821.89
1890.95
1926.04
1994.21
2086.58
2188.95
2296.90
2362.98
2440.82
2509.38
2582.74
2593.31
2513.86
2448.05
2316.17
2147.28
1976.86
1838.06
1726.95
1651.82
1600.11
1580.20
1586.64
1608.88
1679.50
1774.67
1874.79
2002.40
2129.16
2196.49
2262.65
2332.90
2440.54
2474.95
2467.41
2438.54
2389.59
2352.97
2243.64
2099.46
1950.66
1828.43
1736.22
1660.65
1634.52
1616.39
1620.75
1633.59
1688.36
1753.84
1845.02
1923.52
2045.91
2136.86
2160.82
2179.03
2215.55
2342.60
2447.14
2441.19
2409.00
2388.65
2269.03
2100.67
1916.88
1828.92
1743.51
1693.71
1665.64
1686.47
1777.63
1909.60
2051.81
2140.31
2183.89
2226.02
2266.17
2317.05
2388.93
2443.89
2432.86
2446.91
2442.76
2416.89
2386.94
2360.46
2237.20
2071.82
1912.80
1805.73
1719.21
1665.82
1642.53
1656.34
1740.37
1874.56
2000.45
2100.08
2152.01
2197.39
2228.23
2283.83
2333.92
2403.08
2447.27
2487.21
2533.32
2535.21
2495.81
2463.69
2347.82
2188.08
2041.99
1927.97
1860.16
1808.50
1784.48
1806.69
1897.77
2027.24
2171.62
2280.59
2373.98
2495.33
2621.16
2734.26
2851.85
2961.30
3062.06
3116.41
3186.39
3184.11
3124.28
3056.86
2890.57
2672.20
2460.86
2299.54
2181.37
2095.65
2045.85
2040.44
2110.55
2237.75
2375.74
2501.11
2599.71
2707.05
2793.13
2906.27
3026.88
3096.21
3159.89
3208.47
3209.96
3035.57
2916.51
2829.41
2664.50
2470.57
2281.24
2143.89
2030.31
1956.46
1914.05
1916.30
1992.49
2111.69
2269.39
2412.85
2516.82
2636.19
2763.22
2881.01
2996.59
3070.85
3111.30
3119.20
3165.70
3171.85
3116.70
3027.21
2857.97
2651.22
2456.31
2293.51
2165.61
2069.90
2016.31
1980.21
1983.58
2007.98
2105.70
2255.52
2403.23
2483.61
2463.14
2455.54
2487.97
2576.10
2621.94
2681.52
2720.64
2690.46
2562.62
2449.49
2296.59
2113.39
1936.23
1801.54
1690.68
1618.15
1560.53
1524.84
1511.06
1506.96
1539.61
1575.27
1599.11
1619.22
1660.37
1739.38
1754.99
1808.18
1894.34
2032.11
2157.31
2190.80
2146.92
2107.71
1986.90
1841.35
1707.24
1599.24
1514.25
1472.20
1448.46
1467.97
1547.25
1664.48
1771.29
1829.29
1830.87
1850.13
1890.54
1956.91
2018.61
2093.21
2164.18
2221.95
2311.49
2330.80
2284.76
2237.40
2099.03
1930.78
1769.43
1663.31
1582.66
1533.75
1512.43
1531.68
1618.11
1729.19
1849.02
1935.79
1981.99
2050.61
2128.71
2210.48
2323.27
2382.53
2414.94
2442.48
2490.38
2488.21
2465.35
2433.41
2303.53
2131.56
1963.49
1837.98
1750.84
1694.17
1669.40
1692.24
1781.83
1911.20
2033.16
2137.61
2193.22
2276.66
2427.59
2507.23
2590.79
2622.14
2689.39
2730.41
2739.97
2713.61
2677.03
2624.53
2472.33
2271.86
2090.62
1949.95
1851.97
1788.42
1757.54
1773.06
1865.57
2017.36
2162.38
2281.19
2345.92
2391.65
2442.28
2485.74
2554.71
2617.95
2628.82
2631.21
2631.18
2625.66
2594.71
2554.44
2436.68
2280.92
2122.17
1999.11
1900.02
1843.59
1811.68
1819.82
1897.44
2018.21
2144.85
2243.60
2313.33
2381.36
2407.36
2435.09
2480.89
2504.18
2514.91
2540.73
2548.45
2565.22
2535.83
2504.53
2398.08
2259.66
2105.20
1989.37
1888.87
1824.34
1776.95
1769.76
1793.30
1826.82
1908.64
2019.69
2144.58
2242.45
2324.86
2423.47
2466.68
2524.47
2589.85
2647.65
2693.03
2678.70
2630.70
2584.55
2456.07
2290.66
2120.46
1982.57
1886.68
1818.68
1768.11
1748.37
1748.20
1757.52
1814.13
1909.88
1993.78
2052.36
2119.50
2148.19
2136.54
2132.20
2126.36
2131.98
2165.98
2149.16
2131.84
2095.89
2015.59
1909.40
1802.07
1703.83
1633.43
1598.66
1591.39
1626.84
1736.38
1888.49
2035.53
2155.54
2266.03
2349.61
2398.76
2459.94
2515.68
2535.61
2509.83
2500.81
2490.75
2448.05
2402.14
2339.49
2221.11
2083.07
1926.12
1832.95
1758.09
1710.32
1684.13
1701.01
1797.15
1935.63
2070.77
2158.29
2231.80
2321.48
2448.93
2560.81
2672.59
2759.61
2837.14
2944.82
3027.96
3023.01
2921.33
2826.17
2642.83
2413.37
2218.21
2058.03
1942.22
1861.61
1812.45
1812.20
1884.25
2011.42
2154.72
2254.43
2321.15
2415.23
2529.09
2644.30
2765.16
2867.66
2952.90
3012.43
3071.07
3043.14
2955.56
2845.71
2659.72
2437.84
2229.45
2075.10
1959.49
1887.46
1839.44
1840.53
1925.72
2063.93
2209.79
2340.76
2442.69
2590.69
2748.36
2886.85
3018.27
3123.14
3194.81
3213.05
3235.92
3207.25
3176.31
3075.54
2888.49
2659.91
2443.44
2276.01
2149.71
2067.74
2012.39
2007.80
2080.55
2201.90
2334.67
2465.03
2557.04
2659.02
2774.28
2902.91
2982.54
3035.29
3104.60
3105.23
3017.70
2926.14
2859.94
2777.00
2620.74
2422.02
2213.43
2044.25
1910.43
1807.90
1749.47
1714.75
1716.27
1734.32
1764.17
1813.27
1860.53
1882.51
1867.66
1848.72
1874.18
1913.83
1897.52
1898.42
1916.27
1900.50
1892.92
1862.70
1782.71
1687.78
1587.79
1509.57
1450.85
1412.58
1388.39
1388.39
1405.91
1433.35
1495.36
1571.34
1642.42
1697.02
1729.57
1707.68
1738.08
1768.77
1804.13
1874.81
1960.92
2007.72
2042.86
2036.10
1954.58
1843.23
1731.37
1648.77
1600.27
1570.78
1564.63
1600.76
1723.84
1920.64
2069.18
2183.71
2244.89
2322.99
2374.29
2433.11
2505.89
2540.68
2637.73
2754.10
2836.21
2812.30
2762.65
2686.61
2503.71
2306.86
2115.17
1973.07
1861.17
1787.41
1737.07
1730.93
1813.33
1944.81
2030.19
2091.96
2120.35
2169.12
2230.07
2298.46
2377.25
2318.69
2325.99
2449.14
2518.84
2533.63
2486.57
2413.64
2246.86
2052.85
1885.32
1759.55
1674.23
1617.76
1590.22
1608.30
1704.81
1861.70
1985.30
2067.94
2115.57
2134.63
2133.11
2130.25
2149.54
2137.41
2130.22
2135.09
2157.68
2145.16
2113.56
2036.95
1913.41
1767.30
1628.74
1531.41
1475.56
1442.80
1423.10
1444.26
1535.72
1706.75
1819.92
1818.81
1766.53
1762.88
1794.41
1831.64
1845.89
1872.42
1897.82
1968.54
2034.32
2047.01
2036.91
1994.85
1873.28
1727.93
1591.97
1487.54
1429.10
1391.61
1373.30
1395.67
1488.99
1614.99
1701.25
1709.19
1689.64
1721.00
1752.35
1755.22
1785.24
1779.40
1818.64
1865.18
1930.34
1951.02
1936.89
1891.62
1787.06
1661.94
1538.00
1457.57
1389.83
1352.48
1329.11
1325.34
1350.10
1377.50
1418.19
1453.47
1466.72
1468.82
1494.05
1520.11
1539.92
1569.06
1637.42
1744.16
1850.54
1889.31
1878.53
1832.54
1736.61
1625.59
1515.50
1431.29
1370.38
1337.29
1314.32
1310.48
1323.90
1353.68
1397.57
1493.49
1591.55
1645.89
1679.75
1681.87
1710.92
1737.23
1771.97
1799.91
1830.20
1822.80
1821.81
1784.80
1713.28
1627.53
1538.59
1463.54
1419.15
1385.47
1369.42
1374.24
1414.96
1463.68
1506.11
1556.43
1597.37
1638.59
1699.53
1766.40
1811.00
1876.40
1942.00
2021.14
2088.34
2090.04
2074.93
2009.22
1868.06
1709.55
1562.46
1458.99
1396.07
1355.85
1336.07
1361.89
1465.86
1637.53
1748.10
1773.77
1775.79
1782.83
1817.21
1861.73
1919.88
1972.65
2036.01
2132.37
2197.70
2229.96
2209.70
2126.51
1978.07
1813.40
1664.22
1556.34
1482.50
1445.18
1425.39
1448.62
1557.84
1733.77
1859.41
1898.01
1885.70
1918.17
1981.80
2079.22
2161.00
2213.62
2273.44
2340.15
2379.47
2375.72
2406.12
2347.89
2221.42
2063.47
1906.09
1795.51
1725.08
1679.33
1656.77
1674.07
1783.63
1956.93
2085.02
2161.45
2202.46
2247.40
2271.41
2274.08
2280.72
2269.66
2258.03
2272.52
2284.89
2266.78
2240.47
2168.55
2048.76
1905.40
1758.60
1648.03
1575.84
1522.16
1506.35
1527.78
1614.25
1762.93
1856.60
1874.52
1850.47
1851.04
1867.38
1903.06
1920.40
1907.71
1907.94
1931.62
1985.98
1985.17
1973.64
1911.25
1806.56
1679.94
1549.64
1451.24
1377.40
1343.15
1320.65
1319.64
1347.96
1396.23
1446.80
1476.83
1480.90
1477.58
1501.98
1537.50
1573.31
1608.63
1650.56
1727.26
1828.94
1858.98
1866.70
1819.60
1734.28
1625.72
1524.04
1434.51
1379.28
1338.78
1320.61
1318.17
1344.00
1375.78
1418.61
1487.69
1537.21
1568.38
1581.01
1636.13
1708.95
1823.89
1937.99
2061.35
2149.59
2176.37
2203.40
2157.12
2036.99
1888.22
1752.84
1672.01
1603.21
1562.97
1540.78
1570.92
1697.37
1877.53
1985.77
1993.80
1972.64
1965.97
1983.64
2015.33
2040.31
2075.69
2143.15
2246.62
2319.11
2306.97
2282.28
2179.61
2037.59
1849.89
1675.37
1573.36
1510.30
1465.11
1440.03
1451.22
1548.45
1713.63
1791.75
1800.64
1789.87
1820.34
1860.21
1899.10
1984.78
2056.27
2092.70
2114.91
2154.25
2206.52
2222.25
2135.76
1972.64
1809.51
1678.55
1595.53
1537.51
1515.01
1507.67
1538.49
1663.90
1869.42
1993.88
2082.57
2135.44
2153.35
2158.31
2232.85
2345.87
2446.64
2533.43
2596.75
2648.73
2619.34
2585.13
2437.85
2260.03
2067.25
1899.59
1778.99
1696.59
1642.18
1607.24
1619.25
1721.96
1889.20
1997.43
2032.63
2034.84
2031.56
2048.64
2100.36
2151.55
2159.91
2167.25
2179.91
2187.43
2194.41
2187.23
2106.44
1978.87
1834.69
1693.82
1593.75
1529.56
1488.68
1464.20
1490.64
1596.76
1766.76
1880.43
1943.24
1981.41
2005.82
2014.09
2022.48
2025.26
2037.70
2034.09
2041.13
2051.17
2048.12
2042.41
1977.16
1884.88
1770.20
1654.68
1568.17
1510.02
1469.80
1445.37
1447.68
1480.23
1548.23
1621.32
1704.41
1751.86
1762.85
1732.41
1757.58
1794.67
1855.33
1941.04
2068.43
2174.43
2185.84
2180.30
2103.13
1994.50
1870.12
1737.22
1642.07
1559.61
1482.52
1426.97
1390.55
1401.55
1417.77
1443.06
1466.61
1464.80
1464.45
1475.62
1511.13
1548.23
1594.05
1677.22
1800.86
1932.34
1963.48
1968.64
1886.09
1758.60
1619.71
1495.06
1398.01
1338.70
1302.38
1296.30
1323.71
1436.20
1608.15
1714.02
1710.96
1698.79
1701.49
1702.85
1728.07
1778.43
1819.69
1897.74
1985.69
2068.36
2099.00
2082.45
1988.97
1843.85
1690.87
1560.77
1459.50
1401.76
1366.36
1349.01
1373.44
1475.78
1636.21
1725.71
1718.58
1680.05
1678.37
1705.72
1740.32
1785.98
1826.62
1900.94
1982.12
2065.73
2098.14
2098.26
2003.57
1874.59
1728.99
1602.50
1529.82
1476.19
1444.56
1440.83
1475.91
1596.18
1780.48
1900.84
1967.29
2014.90
2071.06
2108.57
2147.87
2172.09
2191.28
2185.94
2212.32
2260.75
2292.66
2295.00
2212.35
2089.82
1935.42
1788.08
1684.21
1616.27
1571.21
1550.76
1579.17
1696.25
1887.26
2007.69
2070.95
2102.97
2120.41
2159.36
2171.07
2205.71
2242.78
2302.51
2365.81
2394.88
2398.01
2395.01
2302.41
2180.90
2028.96
1879.15
1779.12
1703.16
1659.07
1642.78
1671.68
1774.48
1952.90
2076.83
2155.89
2196.71
2199.08
2179.42
2123.43
2068.98
2018.69
2012.71
2062.24
2113.61
2109.76
2083.12
1989.78
1884.44
1758.68
1631.78
1531.27
1463.83
1407.80
1377.69
1368.89
1397.40
1452.58
1501.83
1535.28
1530.08
1493.80
1490.45
1503.49
1532.66
1585.10
1678.16
1801.02
1897.41
1914.65
1905.67
1827.36
1731.32
1627.98
1518.91
1432.57
1373.61
1332.23
1309.71
1306.57
1322.78
1362.17
1397.83
1415.90
1423.46
1418.39
1415.75
1440.88
1469.53
1494.87
1558.45
1666.90
1779.03
1830.23
1840.95
1761.27
1643.66
1517.64
1402.54
1322.84
1275.83
1255.19
1248.73
1284.46
1401.89
1584.85
1689.42
1699.88
1662.27
1721.92
1812.59
1807.87
1715.84
1720.62
1803.49
1917.29
1972.95
2026.92
2023.02
1931.82
1811.01
1673.95
1552.89
1459.34
1407.82
1376.22
1361.24
1390.39
1495.15
1689.03
1789.54
1858.14
1909.85
1911.95
1951.70
2001.63
2017.52
1968.84
1963.27
2003.50
2035.70
2039.11
2002.81
1903.03
1771.76
1623.86
1494.55
1397.91
1341.54
1308.78
1296.83
1324.62
1428.04
1622.99
1705.99
1669.08
1598.92
1553.72
1534.95
1547.60
1609.98
1676.37
1753.33
1817.10
1861.83
1928.26
1924.58
1838.86
1719.70
1581.31
1467.65
1384.50
1336.35
1308.82
1299.42
1331.96
1442.51
1621.94
1729.01
1698.19
1640.25
1665.12
1691.00
1727.99
1748.11
1734.26
1750.62
1773.24
1836.36
1902.65
1910.18
1827.77
1713.49
1574.49
1450.69
1373.12
1319.58
1299.20
1296.85
1332.67
1435.40
1624.08
1712.33
1675.96
1605.67
1549.34
1532.74
1585.63
1618.29
1611.72
1629.92
1688.24
1782.42
1841.30
1842.00
1762.65
1672.44
1556.64
1442.53
1363.90
1309.52
1274.84
1264.32
1270.52
1317.20
1384.87
1446.61
1474.25
1483.75
1434.61
1410.72
1411.48
1410.22
1436.98
1494.08
1590.99
1700.63
1768.67
1763.13
1697.19
1613.13
1510.84
1412.09
1328.38
1281.26
1246.98
1229.63
1229.01
1251.54
1299.67
1353.09
1416.40
1492.26
1528.36
1553.33
1569.13
1622.46
1623.86
1662.74
1735.67
1822.93
1871.53
1844.48
1751.42
1644.91
1532.19
1431.64
1346.54
1297.00
1268.66
1262.45
1299.37
1412.56
1608.32
1747.98
1822.34
1868.64
1908.57
1938.81
1942.77
1935.95
1926.20
1924.52
1949.88
1995.92
1996.56
1946.00
1850.50
1734.75
1598.13
1486.67
1395.02
1346.46
1320.36
1312.01
1342.88
1449.89
1653.29
1772.39
1814.93
1837.02
1853.05
1865.30
1869.66
1873.79
1852.91
1855.46
1883.61
1932.83
1989.09
1968.34
1870.49
1758.88
1622.20
1496.61
1414.30
1358.08
1329.01
1322.91
1357.36
1466.07
1658.23
1775.29
1797.45
1758.48
1699.66
1650.54
1635.46
1658.19
1702.04
1761.54
1866.02
1957.30
2013.69
1997.47
1896.13
1776.25
1632.91
1502.63
1407.92
1357.25
1324.38
1315.69
1344.71
1452.28
1650.93
1756.62
1757.90
1727.15
1694.12
1660.98
1648.94
1676.26
1717.07
1765.30
1850.21
1944.11
1997.40
1975.12
1883.86
1758.90
1620.61
1489.18
1412.11
1351.85
1321.06
1312.31
1339.92
1444.04
1618.94
1726.51
1744.55
1728.96
1700.54
1670.49
1648.53
1664.43
1686.44
1730.57
1814.26
1887.04
1921.44
1889.07
1804.01
1709.44
1595.31
1479.38
1395.70
1334.64
1305.56
1287.00
1287.47
1322.81
1397.32
1472.98
1543.64
1589.25
1608.40
1618.05
1601.54
1573.56
1543.15
1573.77
1626.66
1683.15
1745.09
1721.62
1657.31
1580.64
1486.21
1386.46
1314.35
1261.14
1236.24
1220.12
1222.28
1247.38
1306.95
1355.31
1438.03
1491.46
1521.05
1563.24
1587.37
1608.86
1622.09
1623.35
1662.72
1718.74
1771.56
1742.03
1664.95
1585.15
1483.74
1392.91
1321.51
1274.73
1251.19
1245.07
1273.05
1350.60
1484.09
1583.46
1665.27
1718.50
1744.82
1772.61
1753.71
1737.25
1712.00
1725.98
1810.30
1910.02
1993.11
1952.30
1851.49
1723.57
1591.27
1459.74
1382.48
1326.57
1297.43
1289.69
1326.36
1443.53
1630.07
1732.64
1744.04
1722.56
1660.46
1609.42
1614.25
1643.31
1698.82
1742.13
1887.22
1982.47
2037.08
2000.33
1900.41
1771.44
1628.80
1488.33
1412.30
1355.61
1323.75
1312.12
1338.69
1447.16
1639.17
1750.70
1759.46
1730.77
1715.21
1676.75
1649.86
1704.72
1746.87
1798.63
1854.39
1941.96
1986.11
1949.75
1861.28
1744.62
1583.09
1468.54
1380.80
1316.23
1308.08
1306.16
1326.67
1428.36
1621.55
1764.91
1757.27
1721.54
1701.00
1710.34
1769.36
1828.18
1917.74
1949.89
1979.36
2018.66
2061.65
2034.25
1949.59
1825.81
1681.09
1552.75
1458.38
1398.91
1367.31
1350.14
1374.36
1473.53
1656.50
1755.93
1766.52
1746.10
1723.16
1728.55
1794.53
1880.52
1913.91
1907.65
1917.62
1968.27
1996.48
1962.84
1885.32
1789.20
1677.70
1558.31
1471.50
1398.23
1357.48
1333.45
1339.32
1377.49
1455.52
1526.46
1593.86
1614.66
1625.58
1652.60
1658.21
1636.08
1611.58
1651.94
1738.26
1824.90
1878.59
1844.85
1762.83
1685.67
1565.95
1451.07
1359.40
1297.99
1265.08
1239.59
1225.89
1241.89
1294.72
1339.51
1358.01
1348.86
1327.15
1361.86
1406.44
1421.11
1453.66
1512.86
1603.70
1718.25
1791.45
1740.93
1687.73
1580.83
1462.20
1352.61
1285.88
1241.82
1223.69
1223.46
1264.49
1382.22
1595.22
1714.91
1692.36
1621.89
1574.37
1587.21
1572.77
1606.43
1672.65
1718.99
1793.81
1903.97
1982.46
1935.17
1844.68
1725.23
1586.85
1461.31
1392.34
1343.30
1322.25
1317.95
1354.04
1481.31
1687.70
1802.95
1760.14
1650.85
1567.56
1514.64
1492.64
1505.75
1550.74
1628.45
1745.98
1888.05
1977.06
1939.00
1846.36
1724.15
1586.60
1464.95
1385.83
1328.57
1309.05
1303.85
1339.25
1464.72
1657.69
1773.55
1746.48
1669.63
1615.14
1583.70
1564.04
1589.54
1652.67
1734.03
1806.56
1912.00
1985.21
1933.43
1835.43
1723.35
1579.42
1466.51
1379.33
1334.19
1307.16
1296.25
1324.82
1432.37
1633.31
1747.85
1742.59
1689.24
1639.65
1625.85
1608.92
1626.03
1667.94
1767.42
1854.65
1923.39
1980.53
1934.69
1842.16
1727.66
1597.97
1477.83
1388.18
1338.40
1312.61
1305.99
1334.68
1453.38
1644.91
1762.82
1754.72
1693.58
1671.09
1675.65
1684.35
1711.37
1729.44
1745.87
1780.68
1843.79
1889.05
1836.66
1754.49
1667.90
1556.26
1441.80
1354.78
1298.95
1259.31
1250.92
1256.88
1312.39
1388.58
1462.65
1492.73
1490.20
1495.80
1413.88
1332.77
1294.20
1323.77
1424.11
1570.21
1681.39
1743.96
1706.85
1649.27
1575.30
1479.19
1386.90
1314.07
1262.13
1243.40
1234.64
1244.22
1280.57
1348.45
1424.12
1446.57
1398.76
1339.17
1299.87
1293.20
1289.02
1331.26
1462.01
1602.53
1726.82
1829.52
1796.90
1721.74
1616.32
1495.40
1382.71
1312.12
1267.20
1243.12
1245.83
1290.40
1410.57
1623.54
1781.96
1859.40
1908.25
1941.78
1953.93
1947.44
1937.26
1920.10
1927.44
1972.25
2035.64
2033.15
1971.89
1873.42
1749.44
1612.42
1488.40
1401.70
1357.70
1334.08
1331.28
1370.37
1486.43
1686.21
1835.28
1889.70
1926.21
1957.61
1971.95
1971.92
1961.32
1947.92
1951.98
1988.28
2040.98
2049.39
1973.46
1864.03
1752.38
1607.81
1489.51
1414.88
1366.77
1337.22
1330.41
1366.85
1490.14
1669.68
1807.83
1871.89
1895.15
1909.13
1914.31
1906.94
1912.62
1898.62
1887.70
1934.37
2010.11
2046.25
1985.54
1899.99
1783.06
1637.59
1514.15
1427.03
1380.43
1356.88
1354.66
1395.72
1522.27
1726.01
1855.60
1871.10
1822.49
1772.76
1744.89
1697.01
1676.69
1674.31
1703.25
1799.11
1929.07
2020.74
1984.25
1919.36
1814.10
1681.01
1560.91
1481.30
1422.56
1406.48
1406.10
1449.43
1580.93
1778.68
1908.20
1900.52
1824.40
1786.74
1755.09
1747.99
1786.35
1755.53
1774.70
1840.46
1950.90
1991.75
1930.06
1861.76
1769.48
1655.60
1531.21
1445.30
1388.83
1357.37
1340.70
1344.43
1385.99
1468.78
1561.46
1645.70
1721.25
1778.77
1797.91
1766.31
1808.67
1785.44
1785.26
1823.70
1860.94
1849.97
1779.56
1704.19
1616.69
1522.81
1426.88
1354.56
1301.66
1262.48
1254.24
1255.37
1288.43
1340.76
1403.48
1458.05
1479.29
1468.71
1484.25
1487.42
1535.96
1560.90
1603.59
1688.07
1726.02
1733.62
1703.67
1674.73
1598.24
1482.15
1386.18
1308.39
1265.77
1249.39
1259.83
1300.56
1417.86
1640.60
1786.93
1774.99
1658.60
1602.79
1598.10
1571.60
1559.50
1571.97
1643.04
1783.58
1937.59
2022.50
1960.47
1877.76
1770.38
1640.70
1524.08
1430.21
1388.69
1363.76
1360.63
1401.72
1527.72
1717.97
1854.89
1836.48
1775.16
1713.15
1651.61
1716.31
1761.40
1771.24
1808.81
1882.10
2002.48
2054.90
1981.17
1882.65
1777.54
1634.47
1521.31
1442.26
1406.39
1383.32
1388.24
1436.52
1568.34
1790.76
1930.20
1837.41
1553.63
1389.97
1343.01
1437.32
1437.14
1453.46
1618.73
1818.49
1994.33
2085.76
2040.42
1959.54
1853.41
1715.27
1590.37
1516.78
1472.90
1455.21
1458.87
1510.15
1647.22
1873.03
2021.32
1974.55
1810.81
1578.69
1447.21
1440.39
1516.15
1659.20
1797.92
1936.75
2021.63
2087.84
2032.60
1961.26
1851.34
1714.62
1601.13
1533.11
1483.21
1467.34
1471.76
1517.95
1640.19
1853.09
1997.03
1990.12
1833.76
1661.41
1547.81
1485.46
1438.27
1459.28
1585.44
1786.50
1947.54
2014.76
1965.22
1911.56
1832.92
1721.23
1613.82
1544.81
1498.26
1474.89
1468.68
1489.87
1550.46
1643.93
1743.87
1772.90
1682.12
1569.24
1473.92
1413.40
1391.44
1408.64
1495.32
1653.30
1813.24
1882.35
1839.23
1795.77
1732.58
1643.14
1551.54
1486.72
1434.51
1412.35
1415.01
1439.79
1503.49
1577.67
1623.79
1576.67
1506.38
1456.03
1423.57
1419.95
1459.14
1551.05
1677.84
1844.53
1958.51
1930.45
1867.09
1794.65
1687.38
1574.77
1487.74
1423.26
1393.19
1376.20
1386.70
1452.91
1600.31
1828.85
1832.07
1649.29
1568.05
1522.54
1489.27
1521.94
1607.60
1779.30
1968.82
2037.90
2074.71
2029.55
1955.70
1867.22
1746.10
1619.91
1507.64
1460.60
1427.35
1413.82
1422.67
1475.48
1616.71
1818.77
1834.75
1667.98
1559.64
1534.41
1545.73
1483.73
1555.96
1676.23
1868.93
1992.95
2065.20
2020.77
1944.06
1848.39
1729.96
1588.03
1470.26
1393.90
1347.28
1325.68
1324.76
1367.83
1495.61
1699.53
1832.37
1846.45
1751.20
1734.14
1678.47
1619.90
1626.09
1691.67
1810.43
1942.04
2035.42
2005.44
1935.21
1858.25
1758.47
1640.95
1538.48
1472.21
1431.81
1415.15
1423.10
1472.85
1592.80
1744.49
1809.76
1759.81
1677.53
1627.35
1623.95
1630.67
1716.38
1780.46
1856.04
1977.44
2066.06
2026.53
1946.85
1866.27
1755.15
1620.45
1509.69
1435.12
1384.17
1365.22
1361.25
1400.81
1514.64
1707.16
1836.18
1902.08
1948.26
1987.34
2000.96
2010.87
2007.23
1979.42
1937.47
1978.12
2031.10
1965.56
1888.98
1812.75
1720.51
1611.16
1513.35
1444.66
1403.62
1385.48
1382.09
1403.02
1463.11
1557.04
1555.70
1474.59
1426.02
1426.17
1407.95
1449.44
1589.90
1765.42
1935.59
1930.49
1891.17
1840.24
1802.62
1749.72
1677.97
1587.20
1499.32
1437.88
1401.17
1377.95
1373.08
1388.46
1434.09
1497.96
1483.05
1372.87
1364.91
1463.89
1719.24
1919.51
1960.74
1960.33
1958.11
1972.95
2002.49
1961.61
1900.19
1809.90
1710.27
1584.25
1480.12
1412.12
1375.13
1360.50
1366.10
1424.61
1568.49
1795.53
1887.06
1856.35
1760.40
1763.42
1826.28
1803.90
1847.00
1902.53
1955.36
2099.39
2189.71
2153.97
2079.41
1995.86
1877.03
1733.53
1621.49
1549.50
1507.80
1486.59
1490.84
1545.78
1681.91
1893.42
1968.83
1887.34
1787.94
1714.08
1672.18
1725.61
1836.26
1909.61
1990.41
2116.57
2204.34
2169.22
2104.51
2011.60
1894.18
1754.25
1640.59
1569.31
1527.71
1514.99
1522.03
1581.08
1719.24
1936.25
1965.29
1784.16
1792.52
1888.44
2089.07
2130.60
2091.91
2049.24
2037.44
2113.89
2188.25
2142.61
2077.28
1975.58
1850.96
1701.99
1565.32
1487.51
1437.41
1419.29
1410.03
1455.46
1579.41
1775.84
1859.87
1811.52
1722.24
1646.95
1616.87
1638.53
1676.85
1740.99
1834.09
1950.26
2034.54
1992.09
1922.23
1845.59
1734.59
1604.56
1495.21
1412.93
1369.69
1355.60
1360.37
1408.20
1534.41
1746.82
1839.53
1793.83
1761.69
1747.18
1762.68
1794.78
1801.49
1830.56
1921.42
2048.14
2116.86
2083.30
2015.40
1953.93
1861.81
1756.62
1647.69
1581.02
1537.97
1516.08
1510.28
1530.41
1595.40
1686.04
1749.93
1713.93
1629.83
1566.44
1519.22
1516.71
1564.20
1659.26
1774.23
1922.98
2003.62
1962.83
1911.68
1845.98
1765.84
1662.43
1565.26
1499.72
1447.69
1419.60
1405.47
1414.34
1451.03
1522.42
1577.46
1644.52
1596.32
1585.70
1595.52
1577.56
1618.95
1672.99
1765.45
1931.42
2001.35
1952.73
1882.62
1803.97
1696.75
1568.90
1466.16
1393.20
1344.80
1318.47
1322.90
1368.43
1500.50
1715.88
1859.99
1912.34
1941.15
1855.91
1841.21
1872.63
1917.34
1924.56
1976.40
2088.75
2171.96
2137.67
2086.22
2004.38
1896.63
1763.60
1645.14
1575.30
1541.54
1520.41
1532.26
1585.57
1718.57
1925.62
2025.53
1961.32
1860.61
1768.18
1724.56
1728.25
1778.76
1881.44
2033.47
2188.38
2267.10
2252.35
2213.49
2141.38
2030.08
1895.83
1779.67
1705.98
1661.52
1636.28
1637.36
1685.28
1805.51
1988.08
2089.72
2028.25
1906.19
1836.62
1787.41
1764.21
1799.33
1883.28
2012.26
2152.32
2227.44
2188.19
2118.90
2053.03
1949.48
1814.28
1687.28
1600.91
1538.84
1506.14
1495.31
1511.03
1566.18
1642.62
1728.18
1767.29
1803.96
1842.19
1874.64
1861.18
1809.36
1755.40
1715.68
1750.41
1756.16
1723.14
1701.19
1670.86
1621.48
1541.98
1454.95
1396.90
1349.72
1329.82
1331.40
1355.28
1429.15
1526.57
1608.01
1694.37
1775.31
1821.32
1837.76
1832.97
1810.94
1842.72
1895.49
1983.49
2020.49
1984.40
1934.71
1883.01
1805.74
1703.25
1603.18
1529.11
1480.40
1460.73
1453.17
1469.29
1520.42
1607.36
1684.48
1725.43
1705.33
1658.61
1638.29
1629.43
1646.24
1730.01
1862.29
2023.93
2105.96
2079.96
2030.05
1982.52
1903.45
1803.34
1699.94
1624.70
1576.50
1549.44
1533.61
1537.91
1580.92
1644.79
1705.18
1764.14
1794.89
1826.53
1860.52
1913.11
1955.18
1988.30
2026.47
2137.42
2184.22
2140.12
2073.46
1985.22
1870.79
1738.92
1621.81
1551.78
1513.20
1484.74
1497.73
1559.33
1691.32
1917.74
2041.08
2050.95
2018.19
1980.94
1965.07
1955.26
1946.22
2010.32
2114.20
2262.11
2347.65
2324.03
2272.08
2189.16
2066.94
1915.72
1789.29
1714.63
1673.45
1652.02
1660.23
1719.05
1854.68
2066.41
2169.59
2118.45
2035.18
1969.52
1984.45
2034.19
2069.58
2074.44
2128.71
2278.13
2343.26
2313.56
2261.64
2169.31
2035.44
1866.92
1738.68
1655.07
1599.10
1576.49
1582.72
1637.45
1768.39
1974.60
2065.42
2032.63
1965.24
1992.18
2007.58
2001.76
1964.21
1959.13
2044.76
2221.05
2319.12
2296.11
2234.53
2148.95
2022.06
1864.24
1726.71
1641.88
1594.06
1558.48
1560.84
1606.98
1732.27
1932.22
2057.55
2100.48
2100.39
1964.35
1915.40
1944.81
2000.45
2027.37
2053.53
2154.53
2208.43
2158.33
2093.52
2015.12
1907.91
1760.24
1628.04
1545.29
1501.00
1481.33
1492.26
1540.40
1666.26
1876.69
1993.86
1978.20
1921.33
1873.73
1817.01
1769.76
1798.82
1887.78
2019.20
2179.41
2263.40
2230.79
2179.23
2109.35
2027.84
1902.02
1781.85
1705.76
1648.85
1623.58
1620.67
1642.84
1693.85
1783.11
1855.26
1888.98
1876.47
1841.65
1836.67
1821.01
1801.85
1823.27
1920.55
2071.21
2152.76
2122.23
2055.96
1994.57
1901.79
1787.72
1679.18
1602.82
1548.99
1521.55
1511.81
1519.33
1556.24
1625.96
1692.43
1702.92
1689.17
1669.85
1609.38
1590.64
1630.40
1740.93
1854.46
2066.89
2172.65
2147.21
2091.91
2016.57
1889.28
1746.34
1614.56
1531.91
1474.37
1451.69
1455.12
1506.35
1628.67
1846.37
1988.38
2039.28
2060.92
2059.75
2047.48
2065.29
2067.74
2034.94
2056.49
2180.06
2241.00
2193.54
2101.16
2011.81
1894.72
1750.93
1624.18
1543.29
1507.38
1491.72
1502.43
1559.56
1692.19
1908.44
2017.52
1966.31
1892.61
1892.54
1919.33
1961.72
1974.31
1989.78
2079.58
2249.92
2348.98
2328.83
2272.52
2190.96
2070.66
1913.39
1780.89
1691.18
1640.17
1615.72
1617.05
1659.60
1783.28
1993.55
2126.02
2152.13
2130.59
2135.35
2150.72
2146.14
2160.67
2155.57
2212.20
2350.94
2409.60
2376.54
2324.53
2237.54
2101.52
1944.23
1796.69
1721.06
1667.50
1643.35
1648.71
1694.04
1832.92
2045.41
2167.43
2181.19
2162.48
2109.49
2083.25
2085.37
2133.25
2160.60
2210.43
2349.87
2413.15
2373.89
2320.21
2232.99
2110.80
1949.21
1814.68
1717.72
1664.16
1636.07
1632.06
1679.47
1799.18
1997.29
2130.76
2176.79
2206.14
2197.79
2145.78
2087.32
2068.77
2064.44
2094.56
2232.67
2301.77
2261.29
2206.11
2132.08
2039.10
1903.45
1772.71
1675.05
1615.21
1575.80
1557.91
1567.98
1607.58
1695.73
1797.50
1899.83
1986.97
2044.10
2081.13
2042.61
2013.82
1994.65
1993.61
2065.24
2080.48
2017.18
1944.00
1861.45
1764.85
1645.59
1525.42
1439.17
1388.77
1368.52
1367.34
1389.35
1441.59
1515.04
1592.05
1642.56
1589.45
1561.72
1575.25
1582.26
1614.11
1691.86
1832.07
2026.25
2144.41
2126.09
2078.71
2021.81
1913.92
1773.13
1646.38
1561.85
1517.27
1496.24
1508.25
1557.06
1686.70
1902.83
2030.16
2062.16
2046.56
2018.27
1963.71
1757.41
1782.20
1859.10
1977.47
2152.50
2273.44
2249.99
2179.39
2092.89
1969.80
1815.12
1675.22
1591.51
1535.13
1516.51
1523.63
1576.93
1706.23
1913.49
2029.70
1989.57
1887.09
1769.10
1719.48
1700.74
1746.33
1836.30
1963.12
2143.85
2275.29
2262.68
2213.58
2147.28
2027.76
1869.24
1733.58
1649.12
1598.60
1579.94
1583.89
1639.09
1774.30
1980.69
2098.86
2069.29
1991.09
1885.05
1869.82
1939.43
1923.80
2001.54
2082.12
2244.84
2317.09
2321.27
2254.37
2072.33
1938.46
1705.31
1504.98
1560.24
1491.28
1451.32
1434.39
1492.19
1596.12
1815.05
1936.17
1985.06
1946.54
1939.54
1902.13
1839.47
1791.36
1831.58
1914.00
2112.91
2200.01
2201.14
2099.82
1895.88
1816.32
1702.65
1567.38
1478.84
1418.48
1384.69
1379.67
1418.98
1528.70
1732.36
1848.55
1811.23
1705.81
1629.62
1583.43
1580.77
1627.73
1722.31
1847.02
2006.08
2091.37
2058.35
2005.18
1944.74
1859.90
1745.89
1630.13
1543.05
1488.18
1460.06
1457.03
1472.43
1531.58
1620.07
1715.61
1806.59
1855.89
1889.01
1927.68
1959.11
1982.64
2008.69
2047.66
2150.36
2189.51
2142.89
2078.96
2010.29
1911.88
1785.38
1668.75
1578.79
1512.89
1479.28
1464.18
1478.22
1517.69
1591.70
1670.61
1769.16
1831.85
1854.71
1889.41
1841.00
1838.55
1899.98
2003.71
2179.92
2296.70
2274.95
2239.33
2181.61
2074.41
1936.89
1817.83
1738.48
1692.82
1681.22
1695.52
1751.17
1891.26
2114.48
2248.97
2215.28
2106.19
2012.01
1973.08
1946.31
1976.24
2052.35
2175.79
2345.49
2452.66
2434.59
2389.04
2304.04
2178.89
2019.90
1873.24
1782.05
1724.59
1701.50
1701.27
1745.23
1864.87
2071.76
2180.61
2136.80
2030.68
1941.24
1865.30
1917.61
1954.79
1999.85
2088.44
2260.81
2364.06
2348.05
2296.00
2216.41
2110.22
1954.08
1808.44
1707.63
1644.80
1613.32
1610.97
1649.12
1760.29
1940.66
2087.92
2157.31
2188.87
2152.04
2084.75
1952.42
1976.75
2035.91
2111.18
2252.55
2352.75
2326.09
2277.56
2209.63
2106.91
1957.42
1816.22
1732.62
1680.66
1660.73
1666.76
1713.64
1824.62
2006.29
2121.05
2104.00
2002.97
1908.13
1873.96
1884.54
1972.61
2031.76
2119.67
2298.86
2372.45
2354.43
2317.18
2258.27
2158.26
2018.08
1875.11
1771.19
1707.48
1674.87
1666.20
1688.44
1746.02
1838.52
1928.02
2047.34
2145.85
2200.55
2227.04
2227.95
2215.97
2190.44
2200.58
2256.19
2260.81
2167.84
2081.68
2020.32
1955.23
1859.84
1755.77
1672.17
1609.42
1570.28
1554.61
1558.41
1589.85
1653.42
1748.32
1855.49
1951.25
2006.98
2048.71
2062.75
2023.89
1975.85
1954.67
1997.06
2016.74
1980.16
1937.88
1897.19
1830.69
1737.04
1629.97
1558.10
1502.19
1473.26
1462.55
1470.19
1505.06
1575.50
1649.41
1717.40
1752.20
1783.78
1843.43
1854.53
1836.66
1855.26
1924.09
2067.76
2150.05
2122.30
2078.21
2010.44
1921.79
1806.37
1697.23
1621.15
1579.65
1561.60
1569.18
1610.42
1708.57
1857.19
1951.85
2008.66
2084.70
2144.90
2133.21
2113.85
2070.26
2103.42
2164.13
2280.08
2349.71
2304.18
2224.52
2136.32
2018.01
1876.06
1744.50
1656.08
1601.70
1577.24
1576.37
1611.64
1705.88
1844.10
1963.04
2036.96
2041.11
1975.23
1914.95
1857.46
1882.74
2001.58
2059.12
2180.09
2262.63
2219.14
2149.26
2061.85
1951.81
1821.47
1693.54
1612.38
1553.83
1526.69
1526.48
1560.56
1657.73
1799.92
1909.99
1984.79
2015.95
2022.28
2041.47
2063.91
2079.47
2072.47
2091.10
2201.89
2257.14
2209.17
2131.76
2045.65
1937.05
1800.54
1670.45
1581.97
1525.06
1496.73
1492.25
1523.03
1611.72
1742.15
1853.16
1933.90
1988.82
2008.25
1996.06
1982.35
1956.27
1962.69
1991.40
2092.77
2160.67
2116.00
2041.59
1968.63
1862.83
1733.15
1609.86
1518.14
1460.03
1425.62
1416.30
1432.37
1488.27
1572.44
1644.33
1708.65
1751.97
1768.29
1784.25
1815.96
1849.49
1870.18
1909.15
2005.59
2049.48
1982.36
1898.68
1812.06
1725.51
1628.22
1538.04